cty1,ccode,isocode,year,formin1,startyear,endyear,WikidataID,stdname
Afghanistan,700,AFG,1938,Ali Mohammad Khan,1938,1953,,
Afghanistan,700,AFG,1939,Ali Mohammad Khan,1938,1953,,
Afghanistan,700,AFG,1940,Ali Mohammad Khan,1938,1953,,
Afghanistan,700,AFG,1941,Ali Mohammad Khan,1938,1953,,
Afghanistan,700,AFG,1942,Ali Mohammad Khan,1938,1953,,
Afghanistan,700,AFG,1943,Ali Mohammad Khan,1938,1953,,
Afghanistan,700,AFG,1944,Ali Mohammad Khan,1938,1953,,
Afghanistan,700,AFG,1945,Ali Mohammad Khan,1938,1953,,
Afghanistan,700,AFG,1946,Ali Mohammad Khan,1938,1953,,
Afghanistan,700,AFG,1947,Ali Mohammad Khan,1938,1953,,
Afghanistan,700,AFG,1948,Ali Mohammad Khan,1938,1953,,
Afghanistan,700,AFG,1949,Ali Mohammad Khan,1938,1953,,
Afghanistan,700,AFG,1950,Ali Mohammad Khan,1938,1953,,
Afghanistan,700,AFG,1951,Ali Mohammad Khan,1938,1953,,
Afghanistan,700,AFG,1952,Ali Mohammad Khan,1938,1953,,
Afghanistan,700,AFG,1953,Mohammad Naim Khan,1953,1963,,
Afghanistan,700,AFG,1953,Ali Mohammad Khan,1938,1953,,
Afghanistan,700,AFG,1953,Sultan Ahmad Khan Sherzai,1953,1953,,
Afghanistan,700,AFG,1954,Mohammad Naim Khan,1953,1963,,
Afghanistan,700,AFG,1955,Mohammad Naim Khan,1953,1963,,
Afghanistan,700,AFG,1956,Mohammad Naim Khan,1953,1963,,
Afghanistan,700,AFG,1957,Mohammad Naim Khan,1953,1963,,
Afghanistan,700,AFG,1958,Mohammad Naim Khan,1953,1963,,
Afghanistan,700,AFG,1959,Mohammad Naim Khan,1953,1963,,
Afghanistan,700,AFG,1960,Mohammad Naim Khan,1953,1963,,
Afghanistan,700,AFG,1961,Mohammad Naim Khan,1953,1963,,
Afghanistan,700,AFG,1962,Mohammad Naim Khan,1953,1963,,
Afghanistan,700,AFG,1963,Mohammad Yusuf,1963,1965,Q1397264,Mohammad Yusuf
Afghanistan,700,AFG,1963,Mohammad Naim Khan,1953,1963,,
Afghanistan,700,AFG,1964,Mohammad Yusuf,1963,1965,Q1397264,Mohammad Yusuf
Afghanistan,700,AFG,1965,Mohammad Nur Ahmad Etemadi,1965,1971,Q742705,Mohammad Nur Ahmad Etemadi
Afghanistan,700,AFG,1965,Mohammad Yusuf,1963,1965,Q1397264,Mohammad Yusuf
Afghanistan,700,AFG,1966,Mohammad Nur Ahmad Etemadi,1965,1971,Q742705,Mohammad Nur Ahmad Etemadi
Afghanistan,700,AFG,1967,Mohammad Nur Ahmad Etemadi,1965,1971,Q742705,Mohammad Nur Ahmad Etemadi
Afghanistan,700,AFG,1968,Mohammad Nur Ahmad Etemadi,1965,1971,Q742705,Mohammad Nur Ahmad Etemadi
Afghanistan,700,AFG,1969,Mohammad Nur Ahmad Etemadi,1965,1971,Q742705,Mohammad Nur Ahmad Etemadi
Afghanistan,700,AFG,1970,Mohammad Nur Ahmad Etemadi,1965,1971,Q742705,Mohammad Nur Ahmad Etemadi
Afghanistan,700,AFG,1971,Mohammad Musa Shafiq,1971,1973,Q1397698,Mohammad Musa Shafiq
Afghanistan,700,AFG,1971,Mohammad Nur Ahmad Etemadi,1965,1971,Q742705,Mohammad Nur Ahmad Etemadi
Afghanistan,700,AFG,1972,Mohammad Musa Shafiq,1971,1973,Q1397698,Mohammad Musa Shafiq
Afghanistan,700,AFG,1973,Mohammad Musa Shafiq,1971,1973,Q1397698,Mohammad Musa Shafiq
Afghanistan,700,AFG,1973,Sardar Mohammad Daud Khan,1973,1977,Q310247,
Afghanistan,700,AFG,1974,Sardar Mohammad Daud Khan,1973,1977,Q310247,
Afghanistan,700,AFG,1975,Sardar Mohammad Daud Khan,1973,1977,Q310247,
Afghanistan,700,AFG,1976,Sardar Mohammad Daud Khan,1973,1977,Q310247,
Afghanistan,700,AFG,1977,Waheed Abdullah,1977,1978,,
Afghanistan,700,AFG,1977,Sardar Mohammad Daud Khan,1973,1977,Q310247,
Afghanistan,700,AFG,1978,Hafizullah Amin,1978,1979,Q63831,Hafizullah Amin
Afghanistan,700,AFG,1978,Waheed Abdullah,1977,1978,,
Afghanistan,700,AFG,1979,Shah Mohammad Dost,1979,1986,Q4167212,
Afghanistan,700,AFG,1979,Hafizullah Amin,1978,1979,Q63831,Hafizullah Amin
Afghanistan,700,AFG,1979,Shah Wali,1979,1979,,
Afghanistan,700,AFG,1980,Shah Mohammad Dost,1979,1986,Q4167212,
Afghanistan,700,AFG,1981,Shah Mohammad Dost,1979,1986,Q4167212,
Afghanistan,700,AFG,1982,Shah Mohammad Dost,1979,1986,Q4167212,
Afghanistan,700,AFG,1983,Shah Mohammad Dost,1979,1986,Q4167212,
Afghanistan,700,AFG,1984,Shah Mohammad Dost,1979,1986,Q4167212,
Afghanistan,700,AFG,1985,Shah Mohammad Dost,1979,1986,Q4167212,
Afghanistan,700,AFG,1986,Shah Mohammad Dost,1979,1986,Q4167212,
Afghanistan,700,AFG,1986,Abdul Wakil,1986,1992,Q4054506,
Afghanistan,700,AFG,1987,Abdul Wakil,1986,1992,Q4054506,
Afghanistan,700,AFG,1988,Abdul Wakil,1986,1992,Q4054506,
Afghanistan,700,AFG,1989,Abdul Wakil,1986,1992,Q4054506,
Afghanistan,700,AFG,1990,Abdul Wakil,1986,1992,Q4054506,
Afghanistan,700,AFG,1991,Abdul Wakil,1986,1992,Q4054506,
Afghanistan,700,AFG,1992,Sayed Solaiman Gilani,1992,1993,,
Afghanistan,700,AFG,1992,Abdul Wakil,1986,1992,Q4054506,
Afghanistan,700,AFG,1993,Sayed Solaiman Gilani,1992,1993,,
Afghanistan,700,AFG,1993,Hedayat Amin Arsala,1993,1994,Q3129316,Hedayat Amin Arsala
Afghanistan,700,AFG,1994,Najibullah Lafraie,1994,1996,Q6959992,Najibullah Lafraie
Afghanistan,700,AFG,1994,Hedayat Amin Arsala,1993,1994,Q3129316,Hedayat Amin Arsala
Afghanistan,700,AFG,1995,Najibullah Lafraie,1994,1996,Q6959992,Najibullah Lafraie
Afghanistan,700,AFG,1996,Mullah Mohammad Ghous,1996,1997,Q6891966,
Afghanistan,700,AFG,1996,Najibullah Lafraie,1994,1996,Q6959992,Najibullah Lafraie
Afghanistan,700,AFG,1996,Abdul Rahim Ghafoorzai,1996,1996,Q4665621,Abdul Rahim Ghafoorzai
Afghanistan,700,AFG,1997,Mullah Mohammad Ghous,1996,1997,Q6891966,
Afghanistan,700,AFG,1997,Mullah Abdul Jalil,1997,1998,,
Afghanistan,700,AFG,1998,Mullah Abdul Jalil,1997,1998,,
Afghanistan,700,AFG,1998,Mullah Mohammad Hassan,1998,1999,Q6934100,
Afghanistan,700,AFG,1999,Mullah Mohammad Hassan,1998,1999,Q6934100,
Afghanistan,700,AFG,1999,Mullah Wakil Ahmad Muttawakil,1999,2001,Q2982411,
Afghanistan,700,AFG,2000,Mullah Wakil Ahmad Muttawakil,1999,2001,Q2982411,
Afghanistan,700,AFG,2001,Mullah Wakil Ahmad Muttawakil,1999,2001,Q2982411,
Afghanistan,700,AFG,2001,Abdullah Abdullah,2001,2006,Q317556,Abdullah Abdullah
Afghanistan,700,AFG,2002,Abdullah Abdullah,2001,2006,Q317556,Abdullah Abdullah
Afghanistan,700,AFG,2003,Abdullah Abdullah,2001,2006,Q317556,Abdullah Abdullah
Afghanistan,700,AFG,2004,Abdullah Abdullah,2001,2006,Q317556,Abdullah Abdullah
Afghanistan,700,AFG,2005,Abdullah Abdullah,2001,2006,Q317556,Abdullah Abdullah
Afghanistan,700,AFG,2006,Abdullah Abdullah,2001,2006,Q317556,Abdullah Abdullah
Afghanistan,700,AFG,2006,Rangin Dadfar Spanta,2006,2010,Q77348,Rangin Dadfar Spanta
Afghanistan,700,AFG,2007,Rangin Dadfar Spanta,2006,2010,Q77348,Rangin Dadfar Spanta
Afghanistan,700,AFG,2008,Rangin Dadfar Spanta,2006,2010,Q77348,Rangin Dadfar Spanta
Afghanistan,700,AFG,2009,Rangin Dadfar Spanta,2006,2010,Q77348,Rangin Dadfar Spanta
Afghanistan,700,AFG,2010,Rangin Dadfar Spanta,2006,2010,Q77348,Rangin Dadfar Spanta
Afghanistan,700,AFG,2010,Zalmay Rasul,2010,2013,Q145180,
Afghanistan,700,AFG,2011,Zalmay Rasul,2010,2013,Q145180,
Afghanistan,700,AFG,2012,Zalmay Rasul,2010,2013,Q145180,
Afghanistan,700,AFG,2013,Zarar Ahmad Moqbel Osmani,2013,2014,Q4695423,Zarar Ahmad Moqbel Osmani
Afghanistan,700,AFG,2013,Zalmay Rasul,2010,2013,Q145180,
Afghanistan,700,AFG,2014,Atiqullah Atifmal,2014,2015,Q19271885,Atiqullah Atifmal
Afghanistan,700,AFG,2014,Zarar Ahmad Moqbel Osmani,2013,2014,Q4695423,Zarar Ahmad Moqbel Osmani
Afghanistan,700,AFG,2015,Atiqullah Atifmal,2014,2015,Q19271885,Atiqullah Atifmal
Afghanistan,700,AFG,2015,Salahuddin Rabbani,2015,2019,Q7403481,Salahuddin Rabbani
Afghanistan,700,AFG,2016,Salahuddin Rabbani,2015,2019,Q7403481,Salahuddin Rabbani
Afghanistan,700,AFG,2017,Salahuddin Rabbani,2015,2019,Q7403481,Salahuddin Rabbani
Afghanistan,700,AFG,2018,Salahuddin Rabbani,2015,2019,Q7403481,Salahuddin Rabbani
Afghanistan,700,AFG,2019,Salahuddin Rabbani,2015,2019,Q7403481,Salahuddin Rabbani
Albania,339,ALB,1946,Enver Hoxha,1946,1953,Q53783,Enver Hoxha
Albania,339,ALB,1947,Enver Hoxha,1946,1953,Q53783,Enver Hoxha
Albania,339,ALB,1948,Enver Hoxha,1946,1953,Q53783,Enver Hoxha
Albania,339,ALB,1949,Enver Hoxha,1946,1953,Q53783,Enver Hoxha
Albania,339,ALB,1950,Enver Hoxha,1946,1953,Q53783,Enver Hoxha
Albania,339,ALB,1951,Enver Hoxha,1946,1953,Q53783,Enver Hoxha
Albania,339,ALB,1952,Enver Hoxha,1946,1953,Q53783,Enver Hoxha
Albania,339,ALB,1953,Enver Hoxha,1946,1953,Q53783,Enver Hoxha
Albania,339,ALB,1953,Behar Shtylla,1953,1966,Q814440,Behar Shtylla
Albania,339,ALB,1954,Behar Shtylla,1953,1966,Q814440,Behar Shtylla
Albania,339,ALB,1955,Behar Shtylla,1953,1966,Q814440,Behar Shtylla
Albania,339,ALB,1956,Behar Shtylla,1953,1966,Q814440,Behar Shtylla
Albania,339,ALB,1957,Behar Shtylla,1953,1966,Q814440,Behar Shtylla
Albania,339,ALB,1958,Behar Shtylla,1953,1966,Q814440,Behar Shtylla
Albania,339,ALB,1959,Behar Shtylla,1953,1966,Q814440,Behar Shtylla
Albania,339,ALB,1960,Behar Shtylla,1953,1966,Q814440,Behar Shtylla
Albania,339,ALB,1961,Behar Shtylla,1953,1966,Q814440,Behar Shtylla
Albania,339,ALB,1962,Behar Shtylla,1953,1966,Q814440,Behar Shtylla
Albania,339,ALB,1963,Behar Shtylla,1953,1966,Q814440,Behar Shtylla
Albania,339,ALB,1964,Behar Shtylla,1953,1966,Q814440,Behar Shtylla
Albania,339,ALB,1965,Behar Shtylla,1953,1966,Q814440,Behar Shtylla
Albania,339,ALB,1966,Behar Shtylla,1953,1966,Q814440,Behar Shtylla
Albania,339,ALB,1966,Nesti Nase,1966,1982,Q13043411,Nesti Nase
Albania,339,ALB,1967,Nesti Nase,1966,1982,Q13043411,Nesti Nase
Albania,339,ALB,1968,Nesti Nase,1966,1982,Q13043411,Nesti Nase
Albania,339,ALB,1969,Nesti Nase,1966,1982,Q13043411,Nesti Nase
Albania,339,ALB,1970,Nesti Nase,1966,1982,Q13043411,Nesti Nase
Albania,339,ALB,1971,Nesti Nase,1966,1982,Q13043411,Nesti Nase
Albania,339,ALB,1972,Nesti Nase,1966,1982,Q13043411,Nesti Nase
Albania,339,ALB,1973,Nesti Nase,1966,1982,Q13043411,Nesti Nase
Albania,339,ALB,1974,Nesti Nase,1966,1982,Q13043411,Nesti Nase
Albania,339,ALB,1975,Nesti Nase,1966,1982,Q13043411,Nesti Nase
Albania,339,ALB,1976,Nesti Nase,1966,1982,Q13043411,Nesti Nase
Albania,339,ALB,1977,Nesti Nase,1966,1982,Q13043411,Nesti Nase
Albania,339,ALB,1978,Nesti Nase,1966,1982,Q13043411,Nesti Nase
Albania,339,ALB,1979,Nesti Nase,1966,1982,Q13043411,Nesti Nase
Albania,339,ALB,1980,Nesti Nase,1966,1982,Q13043411,Nesti Nase
Albania,339,ALB,1981,Nesti Nase,1966,1982,Q13043411,Nesti Nase
Albania,339,ALB,1982,Reis Malile,1982,1991,Q4277770,
Albania,339,ALB,1982,Nesti Nase,1966,1982,Q13043411,Nesti Nase
Albania,339,ALB,1983,Reis Malile,1982,1991,Q4277770,
Albania,339,ALB,1984,Reis Malile,1982,1991,Q4277770,
Albania,339,ALB,1985,Reis Malile,1982,1991,Q4277770,
Albania,339,ALB,1986,Reis Malile,1982,1991,Q4277770,
Albania,339,ALB,1987,Reis Malile,1982,1991,Q4277770,
Albania,339,ALB,1988,Reis Malile,1982,1991,Q4277770,
Albania,339,ALB,1989,Reis Malile,1982,1991,Q4277770,
Albania,339,ALB,1990,Reis Malile,1982,1991,Q4277770,
Albania,339,ALB,1991,Reis Malile,1982,1991,Q4277770,
Albania,339,ALB,1991,Muhamet Kapllani,1991,1991,Q982759,Muhamet Kapllani
Albania,339,ALB,1991,Ilir Boçka,1991,1992,Q25569316,Ilir Boçka
Albania,339,ALB,1992,Ilir Boçka,1991,1992,Q25569316,Ilir Boçka
Albania,339,ALB,1992,Alfred Serreqi,1992,1996,Q16348313,Alfred Serreqi
Albania,339,ALB,1993,Alfred Serreqi,1992,1996,Q16348313,Alfred Serreqi
Albania,339,ALB,1994,Alfred Serreqi,1992,1996,Q16348313,Alfred Serreqi
Albania,339,ALB,1995,Alfred Serreqi,1992,1996,Q16348313,Alfred Serreqi
Albania,339,ALB,1996,Tritan Shehu,1996,1997,Q7844256,Tritan Shehu
Albania,339,ALB,1996,Alfred Serreqi,1992,1996,Q16348313,Alfred Serreqi
Albania,339,ALB,1997,Arjan Starova,1997,1997,,
Albania,339,ALB,1997,Paskal Milo,1997,2001,Q7142199,Paskal Milo
Albania,339,ALB,1997,Tritan Shehu,1996,1997,Q7844256,Tritan Shehu
Albania,339,ALB,1998,Paskal Milo,1997,2001,Q7142199,Paskal Milo
Albania,339,ALB,1999,Paskal Milo,1997,2001,Q7142199,Paskal Milo
Albania,339,ALB,2000,Paskal Milo,1997,2001,Q7142199,Paskal Milo
Albania,339,ALB,2001,Paskal Milo,1997,2001,Q7142199,Paskal Milo
Albania,339,ALB,2001,Arta Dade,2001,2002,Q539957,Arta Dade
Albania,339,ALB,2002,Ilir Meta,2002,2003,Q727132,Ilir Meta
Albania,339,ALB,2002,Arta Dade,2001,2002,Q539957,Arta Dade
Albania,339,ALB,2003,Ilir Meta,2002,2003,Q727132,Ilir Meta
Albania,339,ALB,2003,Kastriot Islami,2003,2005,Q1722312,Kastriot Islami
Albania,339,ALB,2003,Luan Hajdaraga,2003,2003,Q13042223,
Albania,339,ALB,2004,Kastriot Islami,2003,2005,Q1722312,Kastriot Islami
Albania,339,ALB,2005,Kastriot Islami,2003,2005,Q1722312,Kastriot Islami
Albania,339,ALB,2005,Besnik Mustafaj,2005,2007,Q829982,Besnik Mustafaj
Albania,339,ALB,2006,Besnik Mustafaj,2005,2007,Q829982,Besnik Mustafaj
Albania,339,ALB,2007,Besnik Mustafaj,2005,2007,Q829982,Besnik Mustafaj
Albania,339,ALB,2007,Lulzim Basha,2007,2009,Q1877224,Lulzim Basha
Albania,339,ALB,2008,Lulzim Basha,2007,2009,Q1877224,Lulzim Basha
Albania,339,ALB,2009,Ilir Meta,2009,2010,Q727132,Ilir Meta
Albania,339,ALB,2009,Lulzim Basha,2007,2009,Q1877224,Lulzim Basha
Albania,339,ALB,2010,Ilir Meta,2009,2010,Q727132,Ilir Meta
Albania,339,ALB,2010,Edmond Haxhinasto,2010,2012,Q58180,Edmond Haxhinasto
Albania,339,ALB,2011,Edmond Haxhinasto,2010,2012,Q58180,Edmond Haxhinasto
Albania,339,ALB,2012,Edmond Haxhinasto,2010,2012,Q58180,Edmond Haxhinasto
Albania,339,ALB,2012,Edmond Panariti,2012,2013,Q2783028,Edmond Panariti
Albania,339,ALB,2013,Edmond Panariti,2012,2013,Q2783028,Edmond Panariti
Albania,339,ALB,2013,Aldo Bumçi,2013,2013,Q2832310,Aldo Bumçi
Albania,339,ALB,2013,Ditmir Bushati,2013,2019,Q14941831,Ditmir Bushati
Albania,339,ALB,2014,Ditmir Bushati,2013,2019,Q14941831,Ditmir Bushati
Albania,339,ALB,2015,Ditmir Bushati,2013,2019,Q14941831,Ditmir Bushati
Albania,339,ALB,2016,Ditmir Bushati,2013,2019,Q14941831,Ditmir Bushati
Albania,339,ALB,2017,Ditmir Bushati,2013,2019,Q14941831,Ditmir Bushati
Albania,339,ALB,2018,Ditmir Bushati,2013,2019,Q14941831,Ditmir Bushati
Albania,339,ALB,2019,Edi Rama,2019,2019,Q316901,Edi Rama
Albania,339,ALB,2019,Ditmir Bushati,2013,2019,Q14941831,Ditmir Bushati
Albania,339,ALB,2019,Gent Cakaj,2019,2019,Q60215495,
Algeria,615,DZA,1958,Lamine Debaghine,1958,1960,Q3318654,
Algeria,615,DZA,1959,Lamine Debaghine,1958,1960,Q3318654,
Algeria,615,DZA,1960,Krim Belkacem,1960,1961,Q206433,Krim Belkacem
Algeria,615,DZA,1960,Lamine Debaghine,1958,1960,Q3318654,
Algeria,615,DZA,1961,Krim Belkacem,1960,1961,Q206433,Krim Belkacem
Algeria,615,DZA,1961,Saad Dahlab,1961,1962,Q3474760,Saad Dahlab
Algeria,615,DZA,1962,Saad Dahlab,1961,1962,Q3474760,Saad Dahlab
Algeria,615,DZA,1962,Mohamed Khemisti,1962,1963,Q2386441,Mohamed Khemisti
Algeria,615,DZA,1963,Mohamed Khemisti,1962,1963,Q2386441,Mohamed Khemisti
Algeria,615,DZA,1963,Abdelaziz Bouteflika,1963,1979,Q57308,Abdelaziz Bouteflika
Algeria,615,DZA,1964,Abdelaziz Bouteflika,1963,1979,Q57308,Abdelaziz Bouteflika
Algeria,615,DZA,1965,Abdelaziz Bouteflika,1963,1979,Q57308,Abdelaziz Bouteflika
Algeria,615,DZA,1966,Abdelaziz Bouteflika,1963,1979,Q57308,Abdelaziz Bouteflika
Algeria,615,DZA,1967,Abdelaziz Bouteflika,1963,1979,Q57308,Abdelaziz Bouteflika
Algeria,615,DZA,1968,Abdelaziz Bouteflika,1963,1979,Q57308,Abdelaziz Bouteflika
Algeria,615,DZA,1969,Abdelaziz Bouteflika,1963,1979,Q57308,Abdelaziz Bouteflika
Algeria,615,DZA,1970,Abdelaziz Bouteflika,1963,1979,Q57308,Abdelaziz Bouteflika
Algeria,615,DZA,1971,Abdelaziz Bouteflika,1963,1979,Q57308,Abdelaziz Bouteflika
Algeria,615,DZA,1972,Abdelaziz Bouteflika,1963,1979,Q57308,Abdelaziz Bouteflika
Algeria,615,DZA,1973,Abdelaziz Bouteflika,1963,1979,Q57308,Abdelaziz Bouteflika
Algeria,615,DZA,1974,Abdelaziz Bouteflika,1963,1979,Q57308,Abdelaziz Bouteflika
Algeria,615,DZA,1975,Abdelaziz Bouteflika,1963,1979,Q57308,Abdelaziz Bouteflika
Algeria,615,DZA,1976,Abdelaziz Bouteflika,1963,1979,Q57308,Abdelaziz Bouteflika
Algeria,615,DZA,1977,Abdelaziz Bouteflika,1963,1979,Q57308,Abdelaziz Bouteflika
Algeria,615,DZA,1978,Abdelaziz Bouteflika,1963,1979,Q57308,Abdelaziz Bouteflika
Algeria,615,DZA,1979,Mohamed Seddik Benyahia,1979,1982,Q510018,
Algeria,615,DZA,1979,Abdelaziz Bouteflika,1963,1979,Q57308,Abdelaziz Bouteflika
Algeria,615,DZA,1980,Mohamed Seddik Benyahia,1979,1982,Q510018,
Algeria,615,DZA,1981,Mohamed Seddik Benyahia,1979,1982,Q510018,
Algeria,615,DZA,1982,Ahmed Taleb Ibrahimi,1982,1988,Q2827669,Ahmed Taleb Ibrahimi
Algeria,615,DZA,1982,Mohamed Seddik Benyahia,1979,1982,Q510018,
Algeria,615,DZA,1983,Ahmed Taleb Ibrahimi,1982,1988,Q2827669,Ahmed Taleb Ibrahimi
Algeria,615,DZA,1984,Ahmed Taleb Ibrahimi,1982,1988,Q2827669,Ahmed Taleb Ibrahimi
Algeria,615,DZA,1985,Ahmed Taleb Ibrahimi,1982,1988,Q2827669,Ahmed Taleb Ibrahimi
Algeria,615,DZA,1986,Ahmed Taleb Ibrahimi,1982,1988,Q2827669,Ahmed Taleb Ibrahimi
Algeria,615,DZA,1987,Ahmed Taleb Ibrahimi,1982,1988,Q2827669,Ahmed Taleb Ibrahimi
Algeria,615,DZA,1988,Ahmed Taleb Ibrahimi,1982,1988,Q2827669,Ahmed Taleb Ibrahimi
Algeria,615,DZA,1988,Boualem Bessaïh,1988,1989,Q2911920,Boualem Bessaïh
Algeria,615,DZA,1989,Sid Ahmed Ghozali,1989,1991,Q327010,Sid Ahmed Ghozali
Algeria,615,DZA,1989,Boualem Bessaïh,1988,1989,Q2911920,Boualem Bessaïh
Algeria,615,DZA,1990,Sid Ahmed Ghozali,1989,1991,Q327010,Sid Ahmed Ghozali
Algeria,615,DZA,1991,Sid Ahmed Ghozali,1989,1991,Q327010,Sid Ahmed Ghozali
Algeria,615,DZA,1991,Lakhdar Brahimi,1991,1993,Q466995,Lakhdar Brahimi
Algeria,615,DZA,1992,Lakhdar Brahimi,1991,1993,Q466995,Lakhdar Brahimi
Algeria,615,DZA,1993,Redha Malek,1993,1993,Q1938509,Redha Malek
Algeria,615,DZA,1993,Mohamed Salah Dembri,1993,1996,Q3318782,Mohamed Salah Dembri
Algeria,615,DZA,1993,Lakhdar Brahimi,1991,1993,Q466995,Lakhdar Brahimi
Algeria,615,DZA,1994,Mohamed Salah Dembri,1993,1996,Q3318782,Mohamed Salah Dembri
Algeria,615,DZA,1995,Mohamed Salah Dembri,1993,1996,Q3318782,Mohamed Salah Dembri
Algeria,615,DZA,1996,Ahmed Attaf,1996,1999,Q401156,Ahmed Attaf
Algeria,615,DZA,1996,Mohamed Salah Dembri,1993,1996,Q3318782,Mohamed Salah Dembri
Algeria,615,DZA,1997,Ahmed Attaf,1996,1999,Q401156,Ahmed Attaf
Algeria,615,DZA,1998,Ahmed Attaf,1996,1999,Q401156,Ahmed Attaf
Algeria,615,DZA,1999,Ahmed Attaf,1996,1999,Q401156,Ahmed Attaf
Algeria,615,DZA,1999,Youcef Yousfi,1999,2000,Q3572799,Youcef Yousfi
Algeria,615,DZA,2000,Abdelaziz Belkhadem,2000,2005,Q307857,Abdelaziz Belkhadem
Algeria,615,DZA,2000,Youcef Yousfi,1999,2000,Q3572799,Youcef Yousfi
Algeria,615,DZA,2001,Abdelaziz Belkhadem,2000,2005,Q307857,Abdelaziz Belkhadem
Algeria,615,DZA,2002,Abdelaziz Belkhadem,2000,2005,Q307857,Abdelaziz Belkhadem
Algeria,615,DZA,2003,Abdelaziz Belkhadem,2000,2005,Q307857,Abdelaziz Belkhadem
Algeria,615,DZA,2004,Abdelaziz Belkhadem,2000,2005,Q307857,Abdelaziz Belkhadem
Algeria,615,DZA,2005,Mohammed Bedjaoui,2005,2007,Q1398046,Mohammed Bedjaoui
Algeria,615,DZA,2005,Abdelaziz Belkhadem,2000,2005,Q307857,Abdelaziz Belkhadem
Algeria,615,DZA,2006,Mohammed Bedjaoui,2005,2007,Q1398046,Mohammed Bedjaoui
Algeria,615,DZA,2007,Mourad Medelci,2007,2013,Q58145,Mourad Medelci
Algeria,615,DZA,2007,Mohammed Bedjaoui,2005,2007,Q1398046,Mohammed Bedjaoui
Algeria,615,DZA,2008,Mourad Medelci,2007,2013,Q58145,Mourad Medelci
Algeria,615,DZA,2009,Mourad Medelci,2007,2013,Q58145,Mourad Medelci
Algeria,615,DZA,2010,Mourad Medelci,2007,2013,Q58145,Mourad Medelci
Algeria,615,DZA,2011,Mourad Medelci,2007,2013,Q58145,Mourad Medelci
Algeria,615,DZA,2012,Mourad Medelci,2007,2013,Q58145,Mourad Medelci
Algeria,615,DZA,2013,Mourad Medelci,2007,2013,Q58145,Mourad Medelci
Algeria,615,DZA,2013,Ramtane Lamamra,2013,2017,Q2130427,Ramtane Lamamra
Algeria,615,DZA,2014,Ramtane Lamamra,2013,2017,Q2130427,Ramtane Lamamra
Algeria,615,DZA,2015,Ramtane Lamamra,2013,2017,Q2130427,Ramtane Lamamra
Algeria,615,DZA,2016,Ramtane Lamamra,2013,2017,Q2130427,Ramtane Lamamra
Algeria,615,DZA,2017,Ramtane Lamamra,2013,2017,Q2130427,Ramtane Lamamra
Algeria,615,DZA,2017,Abdelkader Messahel,2017,2019,Q5654785,Abdelkader Messahel
Algeria,615,DZA,2018,Abdelkader Messahel,2017,2019,Q5654785,Abdelkader Messahel
Algeria,615,DZA,2019,Abdelkader Messahel,2017,2019,Q5654785,Abdelkader Messahel
Andorra,232,ADO,1993,Antoni Armengol Aleix,1993,1994,,
Andorra,232,ADO,1994,Antoni Armengol Aleix,1993,1994,,
Andorra,232,ADO,1994,Manuel Mas Ribó,1994,1997,Q16015204,Manuel Mas Ribó
Andorra,232,ADO,1994,Marc Vila Amigó,1994,1994,Q98754452,
Andorra,232,ADO,1995,Manuel Mas Ribó,1994,1997,Q16015204,Manuel Mas Ribó
Andorra,232,ADO,1996,Manuel Mas Ribó,1994,1997,Q16015204,Manuel Mas Ribó
Andorra,232,ADO,1997,Albert Pintat Santolària,1997,2001,Q312785,
Andorra,232,ADO,1997,Manuel Mas Ribó,1994,1997,Q16015204,Manuel Mas Ribó
Andorra,232,ADO,1998,Albert Pintat Santolària,1997,2001,Q312785,
Andorra,232,ADO,1999,Albert Pintat Santolària,1997,2001,Q312785,
Andorra,232,ADO,2000,Albert Pintat Santolària,1997,2001,Q312785,
Andorra,232,ADO,2001,Juli Minoves Triquell,2001,2007,Q654625,Juli Minoves Triquell
Andorra,232,ADO,2001,Albert Pintat Santolària,1997,2001,Q312785,
Andorra,232,ADO,2002,Juli Minoves Triquell,2001,2007,Q654625,Juli Minoves Triquell
Andorra,232,ADO,2003,Juli Minoves Triquell,2001,2007,Q654625,Juli Minoves Triquell
Andorra,232,ADO,2004,Juli Minoves Triquell,2001,2007,Q654625,Juli Minoves Triquell
Andorra,232,ADO,2005,Juli Minoves Triquell,2001,2007,Q654625,Juli Minoves Triquell
Andorra,232,ADO,2006,Juli Minoves Triquell,2001,2007,Q654625,Juli Minoves Triquell
Andorra,232,ADO,2007,Meritxell Mateu Pi,2007,2009,Q140240,
Andorra,232,ADO,2007,Juli Minoves Triquell,2001,2007,Q654625,Juli Minoves Triquell
Andorra,232,ADO,2008,Meritxell Mateu Pi,2007,2009,Q140240,
Andorra,232,ADO,2009,Meritxell Mateu Pi,2007,2009,Q140240,
Andorra,232,ADO,2009,Xavier Espot Miró,2009,2011,Q2597802,Xavier Espot Miró
Andorra,232,ADO,2010,Xavier Espot Miró,2009,2011,Q2597802,Xavier Espot Miró
Andorra,232,ADO,2011,Gilbert Saboya Sunyé,2011,2017,Q3105855,Gilbert Saboya Sunyé
Andorra,232,ADO,2011,Xavier Espot Miró,2009,2011,Q2597802,Xavier Espot Miró
Andorra,232,ADO,2012,Gilbert Saboya Sunyé,2011,2017,Q3105855,Gilbert Saboya Sunyé
Andorra,232,ADO,2013,Gilbert Saboya Sunyé,2011,2017,Q3105855,Gilbert Saboya Sunyé
Andorra,232,ADO,2014,Gilbert Saboya Sunyé,2011,2017,Q3105855,Gilbert Saboya Sunyé
Andorra,232,ADO,2015,Gilbert Saboya Sunyé,2011,2017,Q3105855,Gilbert Saboya Sunyé
Andorra,232,ADO,2016,Gilbert Saboya Sunyé,2011,2017,Q3105855,Gilbert Saboya Sunyé
Andorra,232,ADO,2017,Gilbert Saboya Sunyé,2011,2017,Q3105855,Gilbert Saboya Sunyé
Andorra,232,ADO,2017,Maria Ubach,2017,2019,Q55955802,Maria Ubach
Andorra,232,ADO,2018,Maria Ubach,2017,2019,Q55955802,Maria Ubach
Andorra,232,ADO,2019,Maria Ubach,2017,2019,Q55955802,Maria Ubach
Angola,540,AGO,1975,José Eduardo dos Santos,1975,1976,Q57313,José Eduardo dos Santos
Angola,540,AGO,1976,Paulo Teixeira Jorge,1976,1984,Q962717,Paulo Teixeira Jorge
Angola,540,AGO,1976,José Eduardo dos Santos,1975,1976,Q57313,José Eduardo dos Santos
Angola,540,AGO,1977,Paulo Teixeira Jorge,1976,1984,Q962717,Paulo Teixeira Jorge
Angola,540,AGO,1978,Paulo Teixeira Jorge,1976,1984,Q962717,Paulo Teixeira Jorge
Angola,540,AGO,1979,Paulo Teixeira Jorge,1976,1984,Q962717,Paulo Teixeira Jorge
Angola,540,AGO,1980,Paulo Teixeira Jorge,1976,1984,Q962717,Paulo Teixeira Jorge
Angola,540,AGO,1981,Paulo Teixeira Jorge,1976,1984,Q962717,Paulo Teixeira Jorge
Angola,540,AGO,1982,Paulo Teixeira Jorge,1976,1984,Q962717,Paulo Teixeira Jorge
Angola,540,AGO,1983,Paulo Teixeira Jorge,1976,1984,Q962717,Paulo Teixeira Jorge
Angola,540,AGO,1984,Paulo Teixeira Jorge,1976,1984,Q962717,Paulo Teixeira Jorge
Angola,540,AGO,1984,José Eduardo dos Santos,1984,1985,Q57313,José Eduardo dos Santos
Angola,540,AGO,1985,José Eduardo dos Santos,1984,1985,Q57313,José Eduardo dos Santos
Angola,540,AGO,1985,"Afonso Van-Dúnem ""M'Binda""",1985,1989,Q4689392,
Angola,540,AGO,1986,"Afonso Van-Dúnem ""M'Binda""",1985,1989,Q4689392,
Angola,540,AGO,1987,"Afonso Van-Dúnem ""M'Binda""",1985,1989,Q4689392,
Angola,540,AGO,1988,"Afonso Van-Dúnem ""M'Binda""",1985,1989,Q4689392,
Angola,540,AGO,1989,"Afonso Van-Dúnem ""M'Binda""",1985,1989,Q4689392,
Angola,540,AGO,1989,Pedro de Castro Van-Dúnem,1989,1992,Q7160031,
Angola,540,AGO,1990,Pedro de Castro Van-Dúnem,1989,1992,Q7160031,
Angola,540,AGO,1991,Pedro de Castro Van-Dúnem,1989,1992,Q7160031,
Angola,540,AGO,1992,Pedro de Castro Van-Dúnem,1989,1992,Q7160031,
Angola,540,AGO,1992,Venâncio da Silva Moura,1992,1999,Q7920679,Venâncio da Silva Moura
Angola,540,AGO,1993,Venâncio da Silva Moura,1992,1999,Q7920679,Venâncio da Silva Moura
Angola,540,AGO,1994,Venâncio da Silva Moura,1992,1999,Q7920679,Venâncio da Silva Moura
Angola,540,AGO,1995,Venâncio da Silva Moura,1992,1999,Q7920679,Venâncio da Silva Moura
Angola,540,AGO,1996,Venâncio da Silva Moura,1992,1999,Q7920679,Venâncio da Silva Moura
Angola,540,AGO,1997,Venâncio da Silva Moura,1992,1999,Q7920679,Venâncio da Silva Moura
Angola,540,AGO,1998,Venâncio da Silva Moura,1992,1999,Q7920679,Venâncio da Silva Moura
Angola,540,AGO,1999,João Bernardo de Miranda,1999,2008,Q3187284,João Bernardo de Miranda
Angola,540,AGO,1999,Venâncio da Silva Moura,1992,1999,Q7920679,Venâncio da Silva Moura
Angola,540,AGO,2000,João Bernardo de Miranda,1999,2008,Q3187284,João Bernardo de Miranda
Angola,540,AGO,2001,João Bernardo de Miranda,1999,2008,Q3187284,João Bernardo de Miranda
Angola,540,AGO,2002,João Bernardo de Miranda,1999,2008,Q3187284,João Bernardo de Miranda
Angola,540,AGO,2003,João Bernardo de Miranda,1999,2008,Q3187284,João Bernardo de Miranda
Angola,540,AGO,2004,João Bernardo de Miranda,1999,2008,Q3187284,João Bernardo de Miranda
Angola,540,AGO,2005,João Bernardo de Miranda,1999,2008,Q3187284,João Bernardo de Miranda
Angola,540,AGO,2006,João Bernardo de Miranda,1999,2008,Q3187284,João Bernardo de Miranda
Angola,540,AGO,2007,João Bernardo de Miranda,1999,2008,Q3187284,João Bernardo de Miranda
Angola,540,AGO,2008,Assunção dos Anjos,2008,2010,Q58306,Assunção dos Anjos
Angola,540,AGO,2008,João Bernardo de Miranda,1999,2008,Q3187284,João Bernardo de Miranda
Angola,540,AGO,2009,Assunção dos Anjos,2008,2010,Q58306,Assunção dos Anjos
Angola,540,AGO,2010,Assunção dos Anjos,2008,2010,Q58306,Assunção dos Anjos
Angola,540,AGO,2010,Georges Rebelo Pinto Chikoti,2010,2017,Q1457599,
Angola,540,AGO,2011,Georges Rebelo Pinto Chikoti,2010,2017,Q1457599,
Angola,540,AGO,2012,Georges Rebelo Pinto Chikoti,2010,2017,Q1457599,
Angola,540,AGO,2013,Georges Rebelo Pinto Chikoti,2010,2017,Q1457599,
Angola,540,AGO,2014,Georges Rebelo Pinto Chikoti,2010,2017,Q1457599,
Angola,540,AGO,2015,Georges Rebelo Pinto Chikoti,2010,2017,Q1457599,
Angola,540,AGO,2016,Georges Rebelo Pinto Chikoti,2010,2017,Q1457599,
Angola,540,AGO,2017,Manuel Domingos Augusto,2017,2019,Q60865113,Manuel Domingos Augusto
Angola,540,AGO,2017,Georges Rebelo Pinto Chikoti,2010,2017,Q1457599,
Angola,540,AGO,2018,Manuel Domingos Augusto,2017,2019,Q60865113,Manuel Domingos Augusto
Angola,540,AGO,2019,Manuel Domingos Augusto,2017,2019,Q60865113,Manuel Domingos Augusto
Antigua and Barbuda,58,ATG,1981,Lester Bird,1981,1991,Q365451,Lester Bird
Antigua and Barbuda,58,ATG,1982,Lester Bird,1981,1991,Q365451,Lester Bird
Antigua and Barbuda,58,ATG,1983,Lester Bird,1981,1991,Q365451,Lester Bird
Antigua and Barbuda,58,ATG,1984,Lester Bird,1981,1991,Q365451,Lester Bird
Antigua and Barbuda,58,ATG,1985,Lester Bird,1981,1991,Q365451,Lester Bird
Antigua and Barbuda,58,ATG,1986,Lester Bird,1981,1991,Q365451,Lester Bird
Antigua and Barbuda,58,ATG,1987,Lester Bird,1981,1991,Q365451,Lester Bird
Antigua and Barbuda,58,ATG,1988,Lester Bird,1981,1991,Q365451,Lester Bird
Antigua and Barbuda,58,ATG,1989,Lester Bird,1981,1991,Q365451,Lester Bird
Antigua and Barbuda,58,ATG,1990,Lester Bird,1981,1991,Q365451,Lester Bird
Antigua and Barbuda,58,ATG,1991,Vere Cornwall Bird,1991,1991,Q561911,Vere Cornwall Bird
Antigua and Barbuda,58,ATG,1991,Lester Bird,1981,1991,Q365451,Lester Bird
Antigua and Barbuda,58,ATG,1991,Lester Bird,1991,2004,Q365451,Lester Bird
Antigua and Barbuda,58,ATG,1992,Lester Bird,1991,2004,Q365451,Lester Bird
Antigua and Barbuda,58,ATG,1993,Lester Bird,1991,2004,Q365451,Lester Bird
Antigua and Barbuda,58,ATG,1994,Lester Bird,1991,2004,Q365451,Lester Bird
Antigua and Barbuda,58,ATG,1995,Lester Bird,1991,2004,Q365451,Lester Bird
Antigua and Barbuda,58,ATG,1996,Lester Bird,1991,2004,Q365451,Lester Bird
Antigua and Barbuda,58,ATG,1997,Lester Bird,1991,2004,Q365451,Lester Bird
Antigua and Barbuda,58,ATG,1998,Lester Bird,1991,2004,Q365451,Lester Bird
Antigua and Barbuda,58,ATG,1999,Lester Bird,1991,2004,Q365451,Lester Bird
Antigua and Barbuda,58,ATG,2000,Lester Bird,1991,2004,Q365451,Lester Bird
Antigua and Barbuda,58,ATG,2001,Lester Bird,1991,2004,Q365451,Lester Bird
Antigua and Barbuda,58,ATG,2002,Lester Bird,1991,2004,Q365451,Lester Bird
Antigua and Barbuda,58,ATG,2003,Lester Bird,1991,2004,Q365451,Lester Bird
Antigua and Barbuda,58,ATG,2004,Lester Bird,1991,2004,Q365451,Lester Bird
Antigua and Barbuda,58,ATG,2004,Harold Lovell,2004,2005,Q5661574,Harold Lovell
Antigua and Barbuda,58,ATG,2005,Harold Lovell,2004,2005,Q5661574,Harold Lovell
Antigua and Barbuda,58,ATG,2005,Baldwin Spencer,2005,2014,Q57602,Baldwin Spencer
Antigua and Barbuda,58,ATG,2006,Baldwin Spencer,2005,2014,Q57602,Baldwin Spencer
Antigua and Barbuda,58,ATG,2007,Baldwin Spencer,2005,2014,Q57602,Baldwin Spencer
Antigua and Barbuda,58,ATG,2008,Baldwin Spencer,2005,2014,Q57602,Baldwin Spencer
Antigua and Barbuda,58,ATG,2009,Baldwin Spencer,2005,2014,Q57602,Baldwin Spencer
Antigua and Barbuda,58,ATG,2010,Baldwin Spencer,2005,2014,Q57602,Baldwin Spencer
Antigua and Barbuda,58,ATG,2011,Baldwin Spencer,2005,2014,Q57602,Baldwin Spencer
Antigua and Barbuda,58,ATG,2012,Baldwin Spencer,2005,2014,Q57602,Baldwin Spencer
Antigua and Barbuda,58,ATG,2013,Baldwin Spencer,2005,2014,Q57602,Baldwin Spencer
Antigua and Barbuda,58,ATG,2014,Charles Fernandez,2014,2018,Q20171771,Charles Fernandez
Antigua and Barbuda,58,ATG,2014,Baldwin Spencer,2005,2014,Q57602,Baldwin Spencer
Antigua and Barbuda,58,ATG,2015,Charles Fernandez,2014,2018,Q20171771,Charles Fernandez
Antigua and Barbuda,58,ATG,2016,Charles Fernandez,2014,2018,Q20171771,Charles Fernandez
Antigua and Barbuda,58,ATG,2017,Charles Fernandez,2014,2018,Q20171771,Charles Fernandez
Antigua and Barbuda,58,ATG,2018,Charles Fernandez,2014,2018,Q20171771,Charles Fernandez
Antigua and Barbuda,58,ATG,2018,E.P. Chet Greene,2018,2019,Q20172097,
Antigua and Barbuda,58,ATG,2019,E.P. Chet Greene,2018,2019,Q20172097,
Argentina,160,ARG,1949,Hipólito Jesús Paz,1949,1951,Q5898527,Hipólito Jesús Paz
Argentina,160,ARG,1950,Hipólito Jesús Paz,1949,1951,Q5898527,Hipólito Jesús Paz
Argentina,160,ARG,1951,Hipólito Jesús Paz,1949,1951,Q5898527,Hipólito Jesús Paz
Argentina,160,ARG,1951,Jerónimo Remorino,1951,1955,Q1688025,Jerónimo Remorino
Argentina,160,ARG,1952,Jerónimo Remorino,1951,1955,Q1688025,Jerónimo Remorino
Argentina,160,ARG,1953,Jerónimo Remorino,1951,1955,Q1688025,Jerónimo Remorino
Argentina,160,ARG,1954,Jerónimo Remorino,1951,1955,Q1688025,Jerónimo Remorino
Argentina,160,ARG,1955,Luis María de Pablo Pardo,1955,1955,Q4156239,Luis María de Pablo Pardo
Argentina,160,ARG,1955,Mario Amadeo,1955,1955,Q6764522,Mario Amadeo
Argentina,160,ARG,1955,Ildefonso Félix Cavagna Martínez,1955,1955,Q15131590,
Argentina,160,ARG,1955,Jerónimo Remorino,1951,1955,Q1688025,Jerónimo Remorino
Argentina,160,ARG,1955,Jorge Crausse,1955,1955,,
Argentina,160,ARG,1955,Luis Alberto Podestá Costa,1955,1957,Q22569661,
Argentina,160,ARG,1956,Luis Alberto Podestá Costa,1955,1957,Q22569661,
Argentina,160,ARG,1957,Luis Alberto Podestá Costa,1955,1957,Q22569661,
Argentina,160,ARG,1957,Alfonso de Laferrère,1957,1958,Q22570014,
Argentina,160,ARG,1958,Teodoro Hartung,1958,1958,Q28005140,
Argentina,160,ARG,1958,Carlos Alberto Florit,1958,1959,Q5750354,
Argentina,160,ARG,1958,Alfonso de Laferrère,1957,1958,Q22570014,
Argentina,160,ARG,1958,Alejandro Ceballos,1958,1958,Q42078236,
Argentina,160,ARG,1959,Diógenes Taboada,1959,1961,Q5811990,Diógenes Taboada
Argentina,160,ARG,1959,Carlos Alberto Florit,1958,1959,Q5750354,
Argentina,160,ARG,1959,Alfredo Roque Vítolo,1959,1959,Q5667995,Alfredo Roque Vítolo
Argentina,160,ARG,1960,Diógenes Taboada,1959,1961,Q5811990,Diógenes Taboada
Argentina,160,ARG,1961,Miguel Ángel Cárcano,1961,1962,Q4215111,Miguel Ángel Cárcano
Argentina,160,ARG,1961,Diógenes Taboada,1959,1961,Q5811990,Diógenes Taboada
Argentina,160,ARG,1961,Alfredo Roque Vítolo,1961,1961,Q5667995,Alfredo Roque Vítolo
Argentina,160,ARG,1961,Adolfo Miguel Mugica,1961,1961,Q27925528,
Argentina,160,ARG,1962,Mariano José Drago,1962,1962,Q42062569,
Argentina,160,ARG,1962,Bonifacio del Carril,1962,1962,Q4942010,Bonifacio del Carril
Argentina,160,ARG,1962,Roberto Etchepareborda,1962,1962,Q2159496,Roberto Etchepareborda
Argentina,160,ARG,1962,Miguel Ángel Cárcano,1961,1962,Q4215111,Miguel Ángel Cárcano
Argentina,160,ARG,1962,Carlos Manuel Muñiz,1962,1963,Q28028589,
Argentina,160,ARG,1963,Tiburcio Padilla,1963,1963,Q6146413,Tiburcio Padilla
Argentina,160,ARG,1963,Carlos Manuel Muñiz,1962,1963,Q28028589,
Argentina,160,ARG,1963,Juan Carlos Cordini,1963,1963,Q30904901,
Argentina,160,ARG,1963,Miguel Ángel Zavala Ortiz,1963,1966,Q4403662,Miguel Ángel Zavala Ortiz
Argentina,160,ARG,1964,Miguel Ángel Zavala Ortiz,1963,1966,Q4403662,Miguel Ángel Zavala Ortiz
Argentina,160,ARG,1965,Miguel Ángel Zavala Ortiz,1963,1966,Q4403662,Miguel Ángel Zavala Ortiz
Argentina,160,ARG,1966,Nicanor Costa Méndez,1966,1969,Q612155,Nicanor Costa Méndez
Argentina,160,ARG,1966,Miguel Ángel Zavala Ortiz,1963,1966,Q4403662,Miguel Ángel Zavala Ortiz
Argentina,160,ARG,1967,Nicanor Costa Méndez,1966,1969,Q612155,Nicanor Costa Méndez
Argentina,160,ARG,1968,Nicanor Costa Méndez,1966,1969,Q612155,Nicanor Costa Méndez
Argentina,160,ARG,1969,Nicanor Costa Méndez,1966,1969,Q612155,Nicanor Costa Méndez
Argentina,160,ARG,1969,Juan Benedicto Martín,1969,1970,Q29024335,
Argentina,160,ARG,1970,Luis María de Pablo Pardo,1970,1972,Q4156239,Luis María de Pablo Pardo
Argentina,160,ARG,1970,Juan Benedicto Martín,1969,1970,Q29024335,
Argentina,160,ARG,1971,Luis María de Pablo Pardo,1970,1972,Q4156239,Luis María de Pablo Pardo
Argentina,160,ARG,1972,Luis María de Pablo Pardo,1970,1972,Q4156239,Luis María de Pablo Pardo
Argentina,160,ARG,1972,Eduardo McLoughlin,1972,1973,Q1290934,
Argentina,160,ARG,1973,Juan Carlos Puig,1973,1973,Q20794860,Juan Carlos Puig
Argentina,160,ARG,1973,Eduardo McLoughlin,1972,1973,Q1290934,
Argentina,160,ARG,1973,Alberto Juan Vignes,1973,1975,Q20679882,
Argentina,160,ARG,1974,Alberto Juan Vignes,1973,1975,Q20679882,
Argentina,160,ARG,1975,Manuel Arauz Castex,1975,1976,Q4216827,
Argentina,160,ARG,1975,Alberto Juan Vignes,1973,1975,Q20679882,
Argentina,160,ARG,1975,Ángel Federico Robledo,1975,1975,Q4395151,Ángel Federico Robledo
Argentina,160,ARG,1976,Pedro José Arrighi,1976,1976,Q27441144,
Argentina,160,ARG,1976,César Augusto Guzzetti,1976,1977,Q365503,César Augusto Guzzetti
Argentina,160,ARG,1976,Manuel Arauz Castex,1975,1976,Q4216827,
Argentina,160,ARG,1976,Raúl Quijano,1976,1976,Q6101007,
Argentina,160,ARG,1976,Antonio Vañek,1976,1976,Q4103480,
Argentina,160,ARG,1977,César Augusto Guzzetti,1976,1977,Q365503,César Augusto Guzzetti
Argentina,160,ARG,1977,Oscar Antonio Montes,1977,1978,Q1190612,
Argentina,160,ARG,1978,Oscar Antonio Montes,1977,1978,Q1190612,
Argentina,160,ARG,1978,Carlos Washington Pastor,1978,1981,Q4105534,
Argentina,160,ARG,1979,Carlos Washington Pastor,1978,1981,Q4105534,
Argentina,160,ARG,1980,Carlos Washington Pastor,1978,1981,Q4105534,
Argentina,160,ARG,1981,Oscar Camilión,1981,1981,Q6053778,Oscar Camilión
Argentina,160,ARG,1981,Carlos Washington Pastor,1978,1981,Q4105534,
Argentina,160,ARG,1981,Nicanor Costa Méndez,1981,1982,Q612155,Nicanor Costa Méndez
Argentina,160,ARG,1981,Norberto M. Couto,1981,1981,Q28028533,
Argentina,160,ARG,1982,Juan Ramón Aguirre Lanari,1982,1983,Q5952212,Juan Ramón Aguirre Lanari
Argentina,160,ARG,1982,Nicanor Costa Méndez,1981,1982,Q612155,Nicanor Costa Méndez
Argentina,160,ARG,1983,Dante Caputo,1983,1989,Q1164999,Dante Caputo
Argentina,160,ARG,1983,Juan Ramón Aguirre Lanari,1982,1983,Q5952212,Juan Ramón Aguirre Lanari
Argentina,160,ARG,1984,Dante Caputo,1983,1989,Q1164999,Dante Caputo
Argentina,160,ARG,1985,Dante Caputo,1983,1989,Q1164999,Dante Caputo
Argentina,160,ARG,1986,Dante Caputo,1983,1989,Q1164999,Dante Caputo
Argentina,160,ARG,1987,Dante Caputo,1983,1989,Q1164999,Dante Caputo
Argentina,160,ARG,1988,Dante Caputo,1983,1989,Q1164999,Dante Caputo
Argentina,160,ARG,1989,Susana Ruiz Cerutti,1989,1989,Q2368998,
Argentina,160,ARG,1989,Dante Caputo,1983,1989,Q1164999,Dante Caputo
Argentina,160,ARG,1989,Domingo Cavallo,1989,1991,Q908305,Domingo Cavallo
Argentina,160,ARG,1990,Domingo Cavallo,1989,1991,Q908305,Domingo Cavallo
Argentina,160,ARG,1991,Guido Di Tella,1991,1999,Q5615655,
Argentina,160,ARG,1991,Domingo Cavallo,1989,1991,Q908305,Domingo Cavallo
Argentina,160,ARG,1992,Guido Di Tella,1991,1999,Q5615655,
Argentina,160,ARG,1993,Guido Di Tella,1991,1999,Q5615655,
Argentina,160,ARG,1994,Guido Di Tella,1991,1999,Q5615655,
Argentina,160,ARG,1995,Guido Di Tella,1991,1999,Q5615655,
Argentina,160,ARG,1996,Guido Di Tella,1991,1999,Q5615655,
Argentina,160,ARG,1997,Guido Di Tella,1991,1999,Q5615655,
Argentina,160,ARG,1998,Guido Di Tella,1991,1999,Q5615655,
Argentina,160,ARG,1999,Guido Di Tella,1991,1999,Q5615655,
Argentina,160,ARG,1999,Adalberto Rodríguez Giavarini,1999,2001,Q5657339,Adalberto Rodríguez Giavarini
Argentina,160,ARG,2000,Adalberto Rodríguez Giavarini,1999,2001,Q5657339,Adalberto Rodríguez Giavarini
Argentina,160,ARG,2001,Adalberto Rodríguez Giavarini,1999,2001,Q5657339,Adalberto Rodríguez Giavarini
Argentina,160,ARG,2001,José María Vernet,2001,2002,Q6293351,José María Vernet
Argentina,160,ARG,2002,José María Vernet,2001,2002,Q6293351,José María Vernet
Argentina,160,ARG,2002,Carlos Ruckauf,2002,2003,Q451948,Carlos Ruckauf
Argentina,160,ARG,2003,Rafael Bielsa,2003,2005,Q3417215,Rafael Bielsa
Argentina,160,ARG,2003,Carlos Ruckauf,2002,2003,Q451948,Carlos Ruckauf
Argentina,160,ARG,2004,Rafael Bielsa,2003,2005,Q3417215,Rafael Bielsa
Argentina,160,ARG,2005,Jorge Taiana,2005,2010,Q721561,Jorge Taiana
Argentina,160,ARG,2005,Rafael Bielsa,2003,2005,Q3417215,Rafael Bielsa
Argentina,160,ARG,2006,Jorge Taiana,2005,2010,Q721561,Jorge Taiana
Argentina,160,ARG,2007,Jorge Taiana,2005,2010,Q721561,Jorge Taiana
Argentina,160,ARG,2008,Jorge Taiana,2005,2010,Q721561,Jorge Taiana
Argentina,160,ARG,2009,Jorge Taiana,2005,2010,Q721561,Jorge Taiana
Argentina,160,ARG,2010,Héctor Timerman,2010,2015,Q58073,Héctor Timerman
Argentina,160,ARG,2010,Jorge Taiana,2005,2010,Q721561,Jorge Taiana
Argentina,160,ARG,2011,Héctor Timerman,2010,2015,Q58073,Héctor Timerman
Argentina,160,ARG,2012,Héctor Timerman,2010,2015,Q58073,Héctor Timerman
Argentina,160,ARG,2013,Héctor Timerman,2010,2015,Q58073,Héctor Timerman
Argentina,160,ARG,2014,Héctor Timerman,2010,2015,Q58073,Héctor Timerman
Argentina,160,ARG,2015,Héctor Timerman,2010,2015,Q58073,Héctor Timerman
Argentina,160,ARG,2015,Susana Malcorra,2015,2017,Q5936445,Susana Malcorra
Argentina,160,ARG,2016,Susana Malcorra,2015,2017,Q5936445,Susana Malcorra
Argentina,160,ARG,2017,Susana Malcorra,2015,2017,Q5936445,Susana Malcorra
Argentina,160,ARG,2017,Jorge Faurie,2017,2019,Q30089194,Jorge Faurie
Argentina,160,ARG,2018,Jorge Faurie,2017,2019,Q30089194,Jorge Faurie
Argentina,160,ARG,2019,Jorge Faurie,2017,2019,Q30089194,Jorge Faurie
Armenia,371,ARM,1947,vacant,1947,1950,,
Armenia,371,ARM,1948,vacant,1947,1950,,
Armenia,371,ARM,1949,vacant,1947,1950,,
Armenia,371,ARM,1950,vacant,1947,1950,,
Armenia,371,ARM,1950,Gevorg Hovhannisyan,1950,1954,,
Armenia,371,ARM,1951,Gevorg Hovhannisyan,1950,1954,,
Armenia,371,ARM,1952,Gevorg Hovhannisyan,1950,1954,,
Armenia,371,ARM,1953,Gevorg Hovhannisyan,1950,1954,,
Armenia,371,ARM,1954,Gevorg Hovhannisyan,1950,1954,,
Armenia,371,ARM,1954,Anton Kochinyan,1954,1958,Q3618853,Anton Kochinyan
Armenia,371,ARM,1955,Anton Kochinyan,1954,1958,Q3618853,Anton Kochinyan
Armenia,371,ARM,1956,Anton Kochinyan,1954,1958,Q3618853,Anton Kochinyan
Armenia,371,ARM,1957,Anton Kochinyan,1954,1958,Q3618853,Anton Kochinyan
Armenia,371,ARM,1958,Balabek Martirosyan,1958,1971,Q21698529,
Armenia,371,ARM,1958,Anton Kochinyan,1954,1958,Q3618853,Anton Kochinyan
Armenia,371,ARM,1959,Balabek Martirosyan,1958,1971,Q21698529,
Armenia,371,ARM,1960,Balabek Martirosyan,1958,1971,Q21698529,
Armenia,371,ARM,1961,Balabek Martirosyan,1958,1971,Q21698529,
Armenia,371,ARM,1962,Balabek Martirosyan,1958,1971,Q21698529,
Armenia,371,ARM,1963,Balabek Martirosyan,1958,1971,Q21698529,
Armenia,371,ARM,1964,Balabek Martirosyan,1958,1971,Q21698529,
Armenia,371,ARM,1965,Balabek Martirosyan,1958,1971,Q21698529,
Armenia,371,ARM,1966,Balabek Martirosyan,1958,1971,Q21698529,
Armenia,371,ARM,1967,Balabek Martirosyan,1958,1971,Q21698529,
Armenia,371,ARM,1968,Balabek Martirosyan,1958,1971,Q21698529,
Armenia,371,ARM,1969,Balabek Martirosyan,1958,1971,Q21698529,
Armenia,371,ARM,1970,Balabek Martirosyan,1958,1971,Q21698529,
Armenia,371,ARM,1971,Kamo Udumyan,1971,1975,Q4469568,
Armenia,371,ARM,1971,Balabek Martirosyan,1958,1971,Q21698529,
Armenia,371,ARM,1972,Kamo Udumyan,1971,1975,Q4469568,
Armenia,371,ARM,1973,Kamo Udumyan,1971,1975,Q4469568,
Armenia,371,ARM,1974,Kamo Udumyan,1971,1975,Q4469568,
Armenia,371,ARM,1975,Kamo Udumyan,1971,1975,Q4469568,
Armenia,371,ARM,1975,Dzhon Kirakosyan,1975,1985,Q4221142,
Armenia,371,ARM,1976,Dzhon Kirakosyan,1975,1985,Q4221142,
Armenia,371,ARM,1977,Dzhon Kirakosyan,1975,1985,Q4221142,
Armenia,371,ARM,1978,Dzhon Kirakosyan,1975,1985,Q4221142,
Armenia,371,ARM,1979,Dzhon Kirakosyan,1975,1985,Q4221142,
Armenia,371,ARM,1980,Dzhon Kirakosyan,1975,1985,Q4221142,
Armenia,371,ARM,1981,Dzhon Kirakosyan,1975,1985,Q4221142,
Armenia,371,ARM,1982,Dzhon Kirakosyan,1975,1985,Q4221142,
Armenia,371,ARM,1983,Dzhon Kirakosyan,1975,1985,Q4221142,
Armenia,371,ARM,1984,Dzhon Kirakosyan,1975,1985,Q4221142,
Armenia,371,ARM,1985,Dzhon Kirakosyan,1975,1985,Q4221142,
Armenia,371,ARM,1985,vacant,1985,1986,,
Armenia,371,ARM,1986,Anatoly Mkrtchyan,1986,1990,Q4298611,Anatoly Mkrtchyan
Armenia,371,ARM,1986,vacant,1985,1986,,
Armenia,371,ARM,1987,Anatoly Mkrtchyan,1986,1990,Q4298611,Anatoly Mkrtchyan
Armenia,371,ARM,1988,Anatoly Mkrtchyan,1986,1990,Q4298611,Anatoly Mkrtchyan
Armenia,371,ARM,1989,Anatoly Mkrtchyan,1986,1990,Q4298611,Anatoly Mkrtchyan
Armenia,371,ARM,1990,Anatoly Mkrtchyan,1986,1990,Q4298611,Anatoly Mkrtchyan
Armenia,371,ARM,1991,Raffi Hovhannisyan,1991,1992,Q2389114,
Armenia,371,ARM,1991,Ashot Yegiazaryan,1991,1991,Q4173595,
Armenia,371,ARM,1992,Arman Kirakosyan,1992,1993,Q4221140,
Armenia,371,ARM,1992,Raffi Hovhannisyan,1991,1992,Q2389114,
Armenia,371,ARM,1993,Arman Kirakosyan,1992,1993,Q4221140,
Armenia,371,ARM,1993,Vahan Papazyan,1993,1996,Q15265592,
Armenia,371,ARM,1994,Vahan Papazyan,1993,1996,Q15265592,
Armenia,371,ARM,1995,Vahan Papazyan,1993,1996,Q15265592,
Armenia,371,ARM,1996,Vahan Papazyan,1993,1996,Q15265592,
Armenia,371,ARM,1996,Alexander Arzumanyan,1996,1998,Q4069173,
Armenia,371,ARM,1997,Alexander Arzumanyan,1996,1998,Q4069173,
Armenia,371,ARM,1998,Vartan Oskanyan,1998,2008,Q1974113,
Armenia,371,ARM,1998,Alexander Arzumanyan,1996,1998,Q4069173,
Armenia,371,ARM,1999,Vartan Oskanyan,1998,2008,Q1974113,
Armenia,371,ARM,2000,Vartan Oskanyan,1998,2008,Q1974113,
Armenia,371,ARM,2001,Vartan Oskanyan,1998,2008,Q1974113,
Armenia,371,ARM,2002,Vartan Oskanyan,1998,2008,Q1974113,
Armenia,371,ARM,2003,Vartan Oskanyan,1998,2008,Q1974113,
Armenia,371,ARM,2004,Vartan Oskanyan,1998,2008,Q1974113,
Armenia,371,ARM,2005,Vartan Oskanyan,1998,2008,Q1974113,
Armenia,371,ARM,2006,Vartan Oskanyan,1998,2008,Q1974113,
Armenia,371,ARM,2007,Vartan Oskanyan,1998,2008,Q1974113,
Armenia,371,ARM,2008,Eduard Nalbandyan,2008,2018,Q58197,
Armenia,371,ARM,2008,Vartan Oskanyan,1998,2008,Q1974113,
Armenia,371,ARM,2009,Eduard Nalbandyan,2008,2018,Q58197,
Armenia,371,ARM,2010,Eduard Nalbandyan,2008,2018,Q58197,
Armenia,371,ARM,2011,Eduard Nalbandyan,2008,2018,Q58197,
Armenia,371,ARM,2012,Eduard Nalbandyan,2008,2018,Q58197,
Armenia,371,ARM,2013,Eduard Nalbandyan,2008,2018,Q58197,
Armenia,371,ARM,2014,Eduard Nalbandyan,2008,2018,Q58197,
Armenia,371,ARM,2015,Eduard Nalbandyan,2008,2018,Q58197,
Armenia,371,ARM,2016,Eduard Nalbandyan,2008,2018,Q58197,
Armenia,371,ARM,2017,Eduard Nalbandyan,2008,2018,Q58197,
Armenia,371,ARM,2018,Eduard Nalbandyan,2008,2018,Q58197,
Armenia,371,ARM,2018,Zohrab Mnatsakanyan,2018,2019,Q6510832,Zohrab Mnatsakanyan
Armenia,371,ARM,2019,Zohrab Mnatsakanyan,2018,2019,Q6510832,Zohrab Mnatsakanyan
Australia,900,AUS,1949,Percy Claude Spender,1949,1951,Q2070305,Percy Claude Spender
Australia,900,AUS,1950,Percy Claude Spender,1949,1951,Q2070305,Percy Claude Spender
Australia,900,AUS,1951,Percy Claude Spender,1949,1951,Q2070305,Percy Claude Spender
Australia,900,AUS,1951,Richard Gardiner Casey,1951,1960,Q335310,
Australia,900,AUS,1952,Richard Gardiner Casey,1951,1960,Q335310,
Australia,900,AUS,1953,Richard Gardiner Casey,1951,1960,Q335310,
Australia,900,AUS,1954,Richard Gardiner Casey,1951,1960,Q335310,
Australia,900,AUS,1955,Richard Gardiner Casey,1951,1960,Q335310,
Australia,900,AUS,1956,Richard Gardiner Casey,1951,1960,Q335310,
Australia,900,AUS,1957,Richard Gardiner Casey,1951,1960,Q335310,
Australia,900,AUS,1958,Richard Gardiner Casey,1951,1960,Q335310,
Australia,900,AUS,1959,Richard Gardiner Casey,1951,1960,Q335310,
Australia,900,AUS,1960,Robert Gordon Menzies,1960,1961,Q214438,Robert Gordon Menzies
Australia,900,AUS,1960,Richard Gardiner Casey,1951,1960,Q335310,
Australia,900,AUS,1961,Robert Gordon Menzies,1960,1961,Q214438,Robert Gordon Menzies
Australia,900,AUS,1961,Sir Garfield Barwick,1961,1964,Q1445155,Sir Garfield Barwick
Australia,900,AUS,1962,Sir Garfield Barwick,1961,1964,Q1445155,Sir Garfield Barwick
Australia,900,AUS,1963,Sir Garfield Barwick,1961,1964,Q1445155,Sir Garfield Barwick
Australia,900,AUS,1964,Sir Garfield Barwick,1961,1964,Q1445155,Sir Garfield Barwick
Australia,900,AUS,1964,Paul Hasluck,1964,1969,Q1382174,Paul Hasluck
Australia,900,AUS,1965,Paul Hasluck,1964,1969,Q1382174,Paul Hasluck
Australia,900,AUS,1966,Paul Hasluck,1964,1969,Q1382174,Paul Hasluck
Australia,900,AUS,1967,Paul Hasluck,1964,1969,Q1382174,Paul Hasluck
Australia,900,AUS,1968,Paul Hasluck,1964,1969,Q1382174,Paul Hasluck
Australia,900,AUS,1969,William McMahon,1969,1971,Q356261,William McMahon
Australia,900,AUS,1969,Gordon Freeth,1969,1969,Q1538010,Gordon Freeth
Australia,900,AUS,1969,Paul Hasluck,1964,1969,Q1382174,Paul Hasluck
Australia,900,AUS,1970,William McMahon,1969,1971,Q356261,William McMahon
Australia,900,AUS,1971,William McMahon,1969,1971,Q356261,William McMahon
Australia,900,AUS,1971,Leslie Harry Ernest Bury,1971,1971,Q1820470,Leslie Harry Ernest Bury
Australia,900,AUS,1971,Nigel Hubert Bowen,1971,1972,Q1563218,Nigel Hubert Bowen
Australia,900,AUS,1972,Nigel Hubert Bowen,1971,1972,Q1563218,Nigel Hubert Bowen
Australia,900,AUS,1972,Gough Whitlam,1972,1973,Q23333,Gough Whitlam
Australia,900,AUS,1973,Don Willesee,1973,1975,Q1239579,Don Willesee
Australia,900,AUS,1973,Gough Whitlam,1972,1973,Q23333,Gough Whitlam
Australia,900,AUS,1974,Don Willesee,1973,1975,Q1239579,Don Willesee
Australia,900,AUS,1975,Don Willesee,1973,1975,Q1239579,Don Willesee
Australia,900,AUS,1975,Andrew Peacock,1975,1980,Q374949,Andrew Peacock
Australia,900,AUS,1976,Andrew Peacock,1975,1980,Q374949,Andrew Peacock
Australia,900,AUS,1977,Andrew Peacock,1975,1980,Q374949,Andrew Peacock
Australia,900,AUS,1978,Andrew Peacock,1975,1980,Q374949,Andrew Peacock
Australia,900,AUS,1979,Andrew Peacock,1975,1980,Q374949,Andrew Peacock
Australia,900,AUS,1980,Anthony Street,1980,1983,Q2442849,
Australia,900,AUS,1980,Andrew Peacock,1975,1980,Q374949,Andrew Peacock
Australia,900,AUS,1981,Anthony Street,1980,1983,Q2442849,
Australia,900,AUS,1982,Anthony Street,1980,1983,Q2442849,
Australia,900,AUS,1983,Bill Hayden,1983,1988,Q250087,Bill Hayden
Australia,900,AUS,1983,Anthony Street,1980,1983,Q2442849,
Australia,900,AUS,1984,Bill Hayden,1983,1988,Q250087,Bill Hayden
Australia,900,AUS,1985,Bill Hayden,1983,1988,Q250087,Bill Hayden
Australia,900,AUS,1986,Bill Hayden,1983,1988,Q250087,Bill Hayden
Australia,900,AUS,1987,Bill Hayden,1983,1988,Q250087,Bill Hayden
Australia,900,AUS,1988,Gareth Evans,1988,1996,Q381902,Gareth Evans
Australia,900,AUS,1988,Bill Hayden,1983,1988,Q250087,Bill Hayden
Australia,900,AUS,1989,Gareth Evans,1988,1996,Q381902,Gareth Evans
Australia,900,AUS,1990,Gareth Evans,1988,1996,Q381902,Gareth Evans
Australia,900,AUS,1991,Gareth Evans,1988,1996,Q381902,Gareth Evans
Australia,900,AUS,1992,Gareth Evans,1988,1996,Q381902,Gareth Evans
Australia,900,AUS,1993,Gareth Evans,1988,1996,Q381902,Gareth Evans
Australia,900,AUS,1994,Gareth Evans,1988,1996,Q381902,Gareth Evans
Australia,900,AUS,1995,Gareth Evans,1988,1996,Q381902,Gareth Evans
Australia,900,AUS,1996,Alexander Downer,1996,2007,Q1239291,Alexander Downer
Australia,900,AUS,1996,Gareth Evans,1988,1996,Q381902,Gareth Evans
Australia,900,AUS,1997,Alexander Downer,1996,2007,Q1239291,Alexander Downer
Australia,900,AUS,1998,Alexander Downer,1996,2007,Q1239291,Alexander Downer
Australia,900,AUS,1999,Alexander Downer,1996,2007,Q1239291,Alexander Downer
Australia,900,AUS,2000,Alexander Downer,1996,2007,Q1239291,Alexander Downer
Australia,900,AUS,2001,Alexander Downer,1996,2007,Q1239291,Alexander Downer
Australia,900,AUS,2002,Alexander Downer,1996,2007,Q1239291,Alexander Downer
Australia,900,AUS,2003,Alexander Downer,1996,2007,Q1239291,Alexander Downer
Australia,900,AUS,2004,Alexander Downer,1996,2007,Q1239291,Alexander Downer
Australia,900,AUS,2005,Alexander Downer,1996,2007,Q1239291,Alexander Downer
Australia,900,AUS,2006,Alexander Downer,1996,2007,Q1239291,Alexander Downer
Australia,900,AUS,2007,Alexander Downer,1996,2007,Q1239291,Alexander Downer
Australia,900,AUS,2007,Stephen Smith,2007,2010,Q1376420,Stephen Smith
Australia,900,AUS,2008,Stephen Smith,2007,2010,Q1376420,Stephen Smith
Australia,900,AUS,2009,Stephen Smith,2007,2010,Q1376420,Stephen Smith
Australia,900,AUS,2010,Stephen Smith,2007,2010,Q1376420,Stephen Smith
Australia,900,AUS,2010,Kevin Rudd,2010,2012,Q43135,Kevin Rudd
Australia,900,AUS,2011,Kevin Rudd,2010,2012,Q43135,Kevin Rudd
Australia,900,AUS,2012,Bob Carr,2012,2013,Q541217,Bob Carr
Australia,900,AUS,2012,Craig Emerson,2012,2012,Q5180933,Craig Emerson
Australia,900,AUS,2012,Kevin Rudd,2010,2012,Q43135,Kevin Rudd
Australia,900,AUS,2013,Julie Bishop,2013,2018,Q434858,Julie Bishop
Australia,900,AUS,2013,Bob Carr,2012,2013,Q541217,Bob Carr
Australia,900,AUS,2014,Julie Bishop,2013,2018,Q434858,Julie Bishop
Australia,900,AUS,2015,Julie Bishop,2013,2018,Q434858,Julie Bishop
Australia,900,AUS,2016,Julie Bishop,2013,2018,Q434858,Julie Bishop
Australia,900,AUS,2017,Julie Bishop,2013,2018,Q434858,Julie Bishop
Australia,900,AUS,2018,Marise Payne,2018,2019,Q16191011,Marise Payne
Australia,900,AUS,2018,Julie Bishop,2013,2018,Q434858,Julie Bishop
Australia,900,AUS,2019,Marise Payne,2018,2019,Q16191011,Marise Payne
Austria,305,AUT,1945,Karl Gruber,1945,1953,Q79125,Karl Gruber
Austria,305,AUT,1946,Karl Gruber,1945,1953,Q79125,Karl Gruber
Austria,305,AUT,1947,Karl Gruber,1945,1953,Q79125,Karl Gruber
Austria,305,AUT,1948,Karl Gruber,1945,1953,Q79125,Karl Gruber
Austria,305,AUT,1949,Karl Gruber,1945,1953,Q79125,Karl Gruber
Austria,305,AUT,1950,Karl Gruber,1945,1953,Q79125,Karl Gruber
Austria,305,AUT,1951,Karl Gruber,1945,1953,Q79125,Karl Gruber
Austria,305,AUT,1952,Karl Gruber,1945,1953,Q79125,Karl Gruber
Austria,305,AUT,1953,Karl Gruber,1945,1953,Q79125,Karl Gruber
Austria,305,AUT,1953,Leopold Figl,1953,1959,Q11715,Leopold Figl
Austria,305,AUT,1954,Leopold Figl,1953,1959,Q11715,Leopold Figl
Austria,305,AUT,1955,Leopold Figl,1953,1959,Q11715,Leopold Figl
Austria,305,AUT,1956,Leopold Figl,1953,1959,Q11715,Leopold Figl
Austria,305,AUT,1957,Leopold Figl,1953,1959,Q11715,Leopold Figl
Austria,305,AUT,1958,Leopold Figl,1953,1959,Q11715,Leopold Figl
Austria,305,AUT,1959,Bruno Kreisky,1959,1966,Q44517,Bruno Kreisky
Austria,305,AUT,1959,Julius Raab,1959,1959,Q78539,Julius Raab
Austria,305,AUT,1959,Leopold Figl,1953,1959,Q11715,Leopold Figl
Austria,305,AUT,1960,Bruno Kreisky,1959,1966,Q44517,Bruno Kreisky
Austria,305,AUT,1961,Bruno Kreisky,1959,1966,Q44517,Bruno Kreisky
Austria,305,AUT,1962,Bruno Kreisky,1959,1966,Q44517,Bruno Kreisky
Austria,305,AUT,1963,Bruno Kreisky,1959,1966,Q44517,Bruno Kreisky
Austria,305,AUT,1964,Bruno Kreisky,1959,1966,Q44517,Bruno Kreisky
Austria,305,AUT,1965,Bruno Kreisky,1959,1966,Q44517,Bruno Kreisky
Austria,305,AUT,1966,Bruno Kreisky,1959,1966,Q44517,Bruno Kreisky
Austria,305,AUT,1966,Lujo Toncic-Sorinj,1966,1968,Q78864,
Austria,305,AUT,1967,Lujo Toncic-Sorinj,1966,1968,Q78864,
Austria,305,AUT,1968,Lujo Toncic-Sorinj,1966,1968,Q78864,
Austria,305,AUT,1968,Kurt Waldheim,1968,1970,Q1260,Kurt Waldheim
Austria,305,AUT,1969,Kurt Waldheim,1968,1970,Q1260,Kurt Waldheim
Austria,305,AUT,1970,Rudolf Kirchschläger,1970,1974,Q72856,Rudolf Kirchschläger
Austria,305,AUT,1970,Kurt Waldheim,1968,1970,Q1260,Kurt Waldheim
Austria,305,AUT,1971,Rudolf Kirchschläger,1970,1974,Q72856,Rudolf Kirchschläger
Austria,305,AUT,1972,Rudolf Kirchschläger,1970,1974,Q72856,Rudolf Kirchschläger
Austria,305,AUT,1973,Rudolf Kirchschläger,1970,1974,Q72856,Rudolf Kirchschläger
Austria,305,AUT,1974,Erich Bielka-Karltreu,1974,1976,Q89227,
Austria,305,AUT,1974,Rudolf Kirchschläger,1970,1974,Q72856,Rudolf Kirchschläger
Austria,305,AUT,1975,Erich Bielka-Karltreu,1974,1976,Q89227,
Austria,305,AUT,1976,Willibald Pahr,1976,1983,Q87124,Willibald Pahr
Austria,305,AUT,1976,Erich Bielka-Karltreu,1974,1976,Q89227,
Austria,305,AUT,1977,Willibald Pahr,1976,1983,Q87124,Willibald Pahr
Austria,305,AUT,1978,Willibald Pahr,1976,1983,Q87124,Willibald Pahr
Austria,305,AUT,1979,Willibald Pahr,1976,1983,Q87124,Willibald Pahr
Austria,305,AUT,1980,Willibald Pahr,1976,1983,Q87124,Willibald Pahr
Austria,305,AUT,1981,Willibald Pahr,1976,1983,Q87124,Willibald Pahr
Austria,305,AUT,1982,Willibald Pahr,1976,1983,Q87124,Willibald Pahr
Austria,305,AUT,1983,Erwin Lanc,1983,1984,Q85805,Erwin Lanc
Austria,305,AUT,1983,Willibald Pahr,1976,1983,Q87124,Willibald Pahr
Austria,305,AUT,1984,Erwin Lanc,1983,1984,Q85805,Erwin Lanc
Austria,305,AUT,1984,Leopold Gratz,1984,1986,Q78999,Leopold Gratz
Austria,305,AUT,1985,Leopold Gratz,1984,1986,Q78999,Leopold Gratz
Austria,305,AUT,1986,Leopold Gratz,1984,1986,Q78999,Leopold Gratz
Austria,305,AUT,1986,Peter Jankowitsch,1986,1987,Q86247,Peter Jankowitsch
Austria,305,AUT,1987,Alois Mock,1987,1995,Q701284,Alois Mock
Austria,305,AUT,1987,Peter Jankowitsch,1986,1987,Q86247,Peter Jankowitsch
Austria,305,AUT,1988,Alois Mock,1987,1995,Q701284,Alois Mock
Austria,305,AUT,1989,Alois Mock,1987,1995,Q701284,Alois Mock
Austria,305,AUT,1990,Alois Mock,1987,1995,Q701284,Alois Mock
Austria,305,AUT,1991,Alois Mock,1987,1995,Q701284,Alois Mock
Austria,305,AUT,1992,Alois Mock,1987,1995,Q701284,Alois Mock
Austria,305,AUT,1993,Alois Mock,1987,1995,Q701284,Alois Mock
Austria,305,AUT,1994,Alois Mock,1987,1995,Q701284,Alois Mock
Austria,305,AUT,1995,Alois Mock,1987,1995,Q701284,Alois Mock
Austria,305,AUT,1995,Wolfgang Schüssel,1995,2000,Q2125645,Wolfgang Schüssel
Austria,305,AUT,1996,Wolfgang Schüssel,1995,2000,Q2125645,Wolfgang Schüssel
Austria,305,AUT,1997,Wolfgang Schüssel,1995,2000,Q2125645,Wolfgang Schüssel
Austria,305,AUT,1998,Wolfgang Schüssel,1995,2000,Q2125645,Wolfgang Schüssel
Austria,305,AUT,1999,Wolfgang Schüssel,1995,2000,Q2125645,Wolfgang Schüssel
Austria,305,AUT,2000,Benita Ferrero-Waldner,2000,2004,Q78575,Benita Ferrero-Waldner
Austria,305,AUT,2000,Wolfgang Schüssel,1995,2000,Q2125645,Wolfgang Schüssel
Austria,305,AUT,2001,Benita Ferrero-Waldner,2000,2004,Q78575,Benita Ferrero-Waldner
Austria,305,AUT,2002,Benita Ferrero-Waldner,2000,2004,Q78575,Benita Ferrero-Waldner
Austria,305,AUT,2003,Benita Ferrero-Waldner,2000,2004,Q78575,Benita Ferrero-Waldner
Austria,305,AUT,2004,Benita Ferrero-Waldner,2000,2004,Q78575,Benita Ferrero-Waldner
Austria,305,AUT,2004,Ursula Plassnik,2004,2008,Q89396,Ursula Plassnik
Austria,305,AUT,2005,Ursula Plassnik,2004,2008,Q89396,Ursula Plassnik
Austria,305,AUT,2006,Ursula Plassnik,2004,2008,Q89396,Ursula Plassnik
Austria,305,AUT,2007,Ursula Plassnik,2004,2008,Q89396,Ursula Plassnik
Austria,305,AUT,2008,Ursula Plassnik,2004,2008,Q89396,Ursula Plassnik
Austria,305,AUT,2008,Michael Spindelegger,2008,2013,Q11735,Michael Spindelegger
Austria,305,AUT,2009,Michael Spindelegger,2008,2013,Q11735,Michael Spindelegger
Austria,305,AUT,2010,Michael Spindelegger,2008,2013,Q11735,Michael Spindelegger
Austria,305,AUT,2011,Michael Spindelegger,2008,2013,Q11735,Michael Spindelegger
Austria,305,AUT,2012,Michael Spindelegger,2008,2013,Q11735,Michael Spindelegger
Austria,305,AUT,2013,Michael Spindelegger,2008,2013,Q11735,Michael Spindelegger
Austria,305,AUT,2013,Sebastian Kurz,2013,2017,Q2262885,Sebastian Kurz
Austria,305,AUT,2014,Sebastian Kurz,2013,2017,Q2262885,Sebastian Kurz
Austria,305,AUT,2015,Sebastian Kurz,2013,2017,Q2262885,Sebastian Kurz
Austria,305,AUT,2016,Sebastian Kurz,2013,2017,Q2262885,Sebastian Kurz
Austria,305,AUT,2017,Sebastian Kurz,2013,2017,Q2262885,Sebastian Kurz
Austria,305,AUT,2017,Karin Kneissl,2017,2019,Q1729478,Karin Kneissl
Austria,305,AUT,2018,Karin Kneissl,2017,2019,Q1729478,Karin Kneissl
Austria,305,AUT,2019,Karin Kneissl,2017,2019,Q1729478,Karin Kneissl
Azerbaijan,373,AZE,1944,Makhmud Aliyev,1944,1958,Q4062302,
Azerbaijan,373,AZE,1945,Makhmud Aliyev,1944,1958,Q4062302,
Azerbaijan,373,AZE,1946,Makhmud Aliyev,1944,1958,Q4062302,
Azerbaijan,373,AZE,1947,Makhmud Aliyev,1944,1958,Q4062302,
Azerbaijan,373,AZE,1948,Makhmud Aliyev,1944,1958,Q4062302,
Azerbaijan,373,AZE,1949,Makhmud Aliyev,1944,1958,Q4062302,
Azerbaijan,373,AZE,1950,Makhmud Aliyev,1944,1958,Q4062302,
Azerbaijan,373,AZE,1951,Makhmud Aliyev,1944,1958,Q4062302,
Azerbaijan,373,AZE,1952,Makhmud Aliyev,1944,1958,Q4062302,
Azerbaijan,373,AZE,1953,Makhmud Aliyev,1944,1958,Q4062302,
Azerbaijan,373,AZE,1954,Makhmud Aliyev,1944,1958,Q4062302,
Azerbaijan,373,AZE,1955,Makhmud Aliyev,1944,1958,Q4062302,
Azerbaijan,373,AZE,1956,Makhmud Aliyev,1944,1958,Q4062302,
Azerbaijan,373,AZE,1957,Makhmud Aliyev,1944,1958,Q4062302,
Azerbaijan,373,AZE,1958,Makhmud Aliyev,1944,1958,Q4062302,
Azerbaijan,373,AZE,1959,Taira Tairova,1959,1983,Q435039,
Azerbaijan,373,AZE,1960,Taira Tairova,1959,1983,Q435039,
Azerbaijan,373,AZE,1961,Taira Tairova,1959,1983,Q435039,
Azerbaijan,373,AZE,1962,Taira Tairova,1959,1983,Q435039,
Azerbaijan,373,AZE,1963,Taira Tairova,1959,1983,Q435039,
Azerbaijan,373,AZE,1964,Taira Tairova,1959,1983,Q435039,
Azerbaijan,373,AZE,1965,Taira Tairova,1959,1983,Q435039,
Azerbaijan,373,AZE,1966,Taira Tairova,1959,1983,Q435039,
Azerbaijan,373,AZE,1967,Taira Tairova,1959,1983,Q435039,
Azerbaijan,373,AZE,1968,Taira Tairova,1959,1983,Q435039,
Azerbaijan,373,AZE,1969,Taira Tairova,1959,1983,Q435039,
Azerbaijan,373,AZE,1970,Taira Tairova,1959,1983,Q435039,
Azerbaijan,373,AZE,1971,Taira Tairova,1959,1983,Q435039,
Azerbaijan,373,AZE,1972,Taira Tairova,1959,1983,Q435039,
Azerbaijan,373,AZE,1973,Taira Tairova,1959,1983,Q435039,
Azerbaijan,373,AZE,1974,Taira Tairova,1959,1983,Q435039,
Azerbaijan,373,AZE,1975,Taira Tairova,1959,1983,Q435039,
Azerbaijan,373,AZE,1976,Taira Tairova,1959,1983,Q435039,
Azerbaijan,373,AZE,1977,Taira Tairova,1959,1983,Q435039,
Azerbaijan,373,AZE,1978,Taira Tairova,1959,1983,Q435039,
Azerbaijan,373,AZE,1979,Taira Tairova,1959,1983,Q435039,
Azerbaijan,373,AZE,1980,Taira Tairova,1959,1983,Q435039,
Azerbaijan,373,AZE,1981,Taira Tairova,1959,1983,Q435039,
Azerbaijan,373,AZE,1982,Taira Tairova,1959,1983,Q435039,
Azerbaijan,373,AZE,1983,Taira Tairova,1959,1983,Q435039,
Azerbaijan,373,AZE,1983,Elmira Kafarova,1983,1987,Q463854,
Azerbaijan,373,AZE,1984,Elmira Kafarova,1983,1987,Q463854,
Azerbaijan,373,AZE,1985,Elmira Kafarova,1983,1987,Q463854,
Azerbaijan,373,AZE,1986,Elmira Kafarova,1983,1987,Q463854,
Azerbaijan,373,AZE,1987,Elmira Kafarova,1983,1987,Q463854,
Azerbaijan,373,AZE,1988,Hussein-Aga Sadykhov,1988,1992,Q10952640,
Azerbaijan,373,AZE,1989,Hussein-Aga Sadykhov,1988,1992,Q10952640,
Azerbaijan,373,AZE,1990,Hussein-Aga Sadykhov,1988,1992,Q10952640,
Azerbaijan,373,AZE,1991,Hussein-Aga Sadykhov,1988,1992,Q10952640,
Azerbaijan,373,AZE,1992,Tofik Gasymov,1992,1993,Q7812976,
Azerbaijan,373,AZE,1992,Hussein-Aga Sadykhov,1988,1992,Q10952640,
Azerbaijan,373,AZE,1993,Tofik Gasymov,1992,1993,Q7812976,
Azerbaijan,373,AZE,1993,Albert Salsamov,1993,1993,,
Azerbaijan,373,AZE,1993,Hasan Hasanov,1993,1998,Q2468588,Hasan Hasanov
Azerbaijan,373,AZE,1994,Hasan Hasanov,1993,1998,Q2468588,Hasan Hasanov
Azerbaijan,373,AZE,1995,Hasan Hasanov,1993,1998,Q2468588,Hasan Hasanov
Azerbaijan,373,AZE,1996,Hasan Hasanov,1993,1998,Q2468588,Hasan Hasanov
Azerbaijan,373,AZE,1997,Hasan Hasanov,1993,1998,Q2468588,Hasan Hasanov
Azerbaijan,373,AZE,1998,Hasan Hasanov,1993,1998,Q2468588,Hasan Hasanov
Azerbaijan,373,AZE,1998,Tofik Zulfugarov,1998,1999,Q7812977,
Azerbaijan,373,AZE,1999,Vilayat Guliyev,1999,2004,Q7930115,Vilayat Guliyev
Azerbaijan,373,AZE,1999,Tofik Zulfugarov,1998,1999,Q7812977,
Azerbaijan,373,AZE,2000,Vilayat Guliyev,1999,2004,Q7930115,Vilayat Guliyev
Azerbaijan,373,AZE,2001,Vilayat Guliyev,1999,2004,Q7930115,Vilayat Guliyev
Azerbaijan,373,AZE,2002,Vilayat Guliyev,1999,2004,Q7930115,Vilayat Guliyev
Azerbaijan,373,AZE,2003,Vilayat Guliyev,1999,2004,Q7930115,Vilayat Guliyev
Azerbaijan,373,AZE,2004,Vilayat Guliyev,1999,2004,Q7930115,Vilayat Guliyev
Azerbaijan,373,AZE,2004,Elmar Mammadyarov,2004,2019,Q58083,Elmar Mammadyarov
Azerbaijan,373,AZE,2005,Elmar Mammadyarov,2004,2019,Q58083,Elmar Mammadyarov
Azerbaijan,373,AZE,2006,Elmar Mammadyarov,2004,2019,Q58083,Elmar Mammadyarov
Azerbaijan,373,AZE,2007,Elmar Mammadyarov,2004,2019,Q58083,Elmar Mammadyarov
Azerbaijan,373,AZE,2008,Elmar Mammadyarov,2004,2019,Q58083,Elmar Mammadyarov
Azerbaijan,373,AZE,2009,Elmar Mammadyarov,2004,2019,Q58083,Elmar Mammadyarov
Azerbaijan,373,AZE,2010,Elmar Mammadyarov,2004,2019,Q58083,Elmar Mammadyarov
Azerbaijan,373,AZE,2011,Elmar Mammadyarov,2004,2019,Q58083,Elmar Mammadyarov
Azerbaijan,373,AZE,2012,Elmar Mammadyarov,2004,2019,Q58083,Elmar Mammadyarov
Azerbaijan,373,AZE,2013,Elmar Mammadyarov,2004,2019,Q58083,Elmar Mammadyarov
Azerbaijan,373,AZE,2014,Elmar Mammadyarov,2004,2019,Q58083,Elmar Mammadyarov
Azerbaijan,373,AZE,2015,Elmar Mammadyarov,2004,2019,Q58083,Elmar Mammadyarov
Azerbaijan,373,AZE,2016,Elmar Mammadyarov,2004,2019,Q58083,Elmar Mammadyarov
Azerbaijan,373,AZE,2017,Elmar Mammadyarov,2004,2019,Q58083,Elmar Mammadyarov
Azerbaijan,373,AZE,2018,Elmar Mammadyarov,2004,2019,Q58083,Elmar Mammadyarov
Azerbaijan,373,AZE,2019,Elmar Mammadyarov,2004,2019,Q58083,Elmar Mammadyarov
"Bahamas, The",31,BHS,1973,Paul Adderley,1973,1984,Q2048332,Paul Adderley
"Bahamas, The",31,BHS,1974,Paul Adderley,1973,1984,Q2048332,Paul Adderley
"Bahamas, The",31,BHS,1975,Paul Adderley,1973,1984,Q2048332,Paul Adderley
"Bahamas, The",31,BHS,1976,Paul Adderley,1973,1984,Q2048332,Paul Adderley
"Bahamas, The",31,BHS,1977,Paul Adderley,1973,1984,Q2048332,Paul Adderley
"Bahamas, The",31,BHS,1978,Paul Adderley,1973,1984,Q2048332,Paul Adderley
"Bahamas, The",31,BHS,1979,Paul Adderley,1973,1984,Q2048332,Paul Adderley
"Bahamas, The",31,BHS,1980,Paul Adderley,1973,1984,Q2048332,Paul Adderley
"Bahamas, The",31,BHS,1981,Paul Adderley,1973,1984,Q2048332,Paul Adderley
"Bahamas, The",31,BHS,1982,Paul Adderley,1973,1984,Q2048332,Paul Adderley
"Bahamas, The",31,BHS,1983,Paul Adderley,1973,1984,Q2048332,Paul Adderley
"Bahamas, The",31,BHS,1984,Paul Adderley,1973,1984,Q2048332,Paul Adderley
"Bahamas, The",31,BHS,1984,Clement T. Maynard,1984,1989,Q18205990,Clement T. Maynard
"Bahamas, The",31,BHS,1985,Clement T. Maynard,1984,1989,Q18205990,Clement T. Maynard
"Bahamas, The",31,BHS,1986,Clement T. Maynard,1984,1989,Q18205990,Clement T. Maynard
"Bahamas, The",31,BHS,1987,Clement T. Maynard,1984,1989,Q18205990,Clement T. Maynard
"Bahamas, The",31,BHS,1988,Clement T. Maynard,1984,1989,Q18205990,Clement T. Maynard
"Bahamas, The",31,BHS,1989,Clement T. Maynard,1984,1989,Q18205990,Clement T. Maynard
"Bahamas, The",31,BHS,1990,Sir Clement T. Maynard,1990,1992,Q18205990,
"Bahamas, The",31,BHS,1991,Sir Clement T. Maynard,1990,1992,Q18205990,
"Bahamas, The",31,BHS,1992,Sir Clement T. Maynard,1990,1992,Q18205990,
"Bahamas, The",31,BHS,1992,Orville Turnquest,1992,1994,Q7105259,Orville Turnquest
"Bahamas, The",31,BHS,1993,Orville Turnquest,1992,1994,Q7105259,Orville Turnquest
"Bahamas, The",31,BHS,1994,Janet Bostwick,1994,2002,Q1246386,Janet Bostwick
"Bahamas, The",31,BHS,1994,Orville Turnquest,1992,1994,Q7105259,Orville Turnquest
"Bahamas, The",31,BHS,1995,Janet Bostwick,1994,2002,Q1246386,Janet Bostwick
"Bahamas, The",31,BHS,1996,Janet Bostwick,1994,2002,Q1246386,Janet Bostwick
"Bahamas, The",31,BHS,1997,Janet Bostwick,1994,2002,Q1246386,Janet Bostwick
"Bahamas, The",31,BHS,1998,Janet Bostwick,1994,2002,Q1246386,Janet Bostwick
"Bahamas, The",31,BHS,1999,Janet Bostwick,1994,2002,Q1246386,Janet Bostwick
"Bahamas, The",31,BHS,2000,Janet Bostwick,1994,2002,Q1246386,Janet Bostwick
"Bahamas, The",31,BHS,2001,Janet Bostwick,1994,2002,Q1246386,Janet Bostwick
"Bahamas, The",31,BHS,2002,Janet Bostwick,1994,2002,Q1246386,Janet Bostwick
"Bahamas, The",31,BHS,2002,Fred Mitchell,2002,2007,Q3086904,Fred Mitchell
"Bahamas, The",31,BHS,2003,Fred Mitchell,2002,2007,Q3086904,Fred Mitchell
"Bahamas, The",31,BHS,2004,Fred Mitchell,2002,2007,Q3086904,Fred Mitchell
"Bahamas, The",31,BHS,2005,Fred Mitchell,2002,2007,Q3086904,Fred Mitchell
"Bahamas, The",31,BHS,2006,Fred Mitchell,2002,2007,Q3086904,Fred Mitchell
"Bahamas, The",31,BHS,2007,Fred Mitchell,2002,2007,Q3086904,Fred Mitchell
"Bahamas, The",31,BHS,2007,Brent Symonette,2007,2012,Q58246,Brent Symonette
"Bahamas, The",31,BHS,2008,Brent Symonette,2007,2012,Q58246,Brent Symonette
"Bahamas, The",31,BHS,2009,Brent Symonette,2007,2012,Q58246,Brent Symonette
"Bahamas, The",31,BHS,2010,Brent Symonette,2007,2012,Q58246,Brent Symonette
"Bahamas, The",31,BHS,2011,Brent Symonette,2007,2012,Q58246,Brent Symonette
"Bahamas, The",31,BHS,2012,Brent Symonette,2007,2012,Q58246,Brent Symonette
"Bahamas, The",31,BHS,2012,Fred Mitchell,2012,2017,Q3086904,Fred Mitchell
"Bahamas, The",31,BHS,2013,Fred Mitchell,2012,2017,Q3086904,Fred Mitchell
"Bahamas, The",31,BHS,2014,Fred Mitchell,2012,2017,Q3086904,Fred Mitchell
"Bahamas, The",31,BHS,2015,Fred Mitchell,2012,2017,Q3086904,Fred Mitchell
"Bahamas, The",31,BHS,2016,Fred Mitchell,2012,2017,Q3086904,Fred Mitchell
"Bahamas, The",31,BHS,2017,Fred Mitchell,2012,2017,Q3086904,Fred Mitchell
"Bahamas, The",31,BHS,2017,Darren Henfield,2017,2019,,
"Bahamas, The",31,BHS,2018,Darren Henfield,2017,2019,,
"Bahamas, The",31,BHS,2019,Darren Henfield,2017,2019,,
Bahrain,692,BHR,1971,Sheikh Muhammad ibn Mubarak Al Khalifa,1971,2005,Q6932875,
Bahrain,692,BHR,1972,Sheikh Muhammad ibn Mubarak Al Khalifa,1971,2005,Q6932875,
Bahrain,692,BHR,1973,Sheikh Muhammad ibn Mubarak Al Khalifa,1971,2005,Q6932875,
Bahrain,692,BHR,1974,Sheikh Muhammad ibn Mubarak Al Khalifa,1971,2005,Q6932875,
Bahrain,692,BHR,1975,Sheikh Muhammad ibn Mubarak Al Khalifa,1971,2005,Q6932875,
Bahrain,692,BHR,1976,Sheikh Muhammad ibn Mubarak Al Khalifa,1971,2005,Q6932875,
Bahrain,692,BHR,1977,Sheikh Muhammad ibn Mubarak Al Khalifa,1971,2005,Q6932875,
Bahrain,692,BHR,1978,Sheikh Muhammad ibn Mubarak Al Khalifa,1971,2005,Q6932875,
Bahrain,692,BHR,1979,Sheikh Muhammad ibn Mubarak Al Khalifa,1971,2005,Q6932875,
Bahrain,692,BHR,1980,Sheikh Muhammad ibn Mubarak Al Khalifa,1971,2005,Q6932875,
Bahrain,692,BHR,1981,Sheikh Muhammad ibn Mubarak Al Khalifa,1971,2005,Q6932875,
Bahrain,692,BHR,1982,Sheikh Muhammad ibn Mubarak Al Khalifa,1971,2005,Q6932875,
Bahrain,692,BHR,1983,Sheikh Muhammad ibn Mubarak Al Khalifa,1971,2005,Q6932875,
Bahrain,692,BHR,1984,Sheikh Muhammad ibn Mubarak Al Khalifa,1971,2005,Q6932875,
Bahrain,692,BHR,1985,Sheikh Muhammad ibn Mubarak Al Khalifa,1971,2005,Q6932875,
Bahrain,692,BHR,1986,Sheikh Muhammad ibn Mubarak Al Khalifa,1971,2005,Q6932875,
Bahrain,692,BHR,1987,Sheikh Muhammad ibn Mubarak Al Khalifa,1971,2005,Q6932875,
Bahrain,692,BHR,1988,Sheikh Muhammad ibn Mubarak Al Khalifa,1971,2005,Q6932875,
Bahrain,692,BHR,1989,Sheikh Muhammad ibn Mubarak Al Khalifa,1971,2005,Q6932875,
Bahrain,692,BHR,1990,Sheikh Muhammad ibn Mubarak Al Khalifa,1971,2005,Q6932875,
Bahrain,692,BHR,1991,Sheikh Muhammad ibn Mubarak Al Khalifa,1971,2005,Q6932875,
Bahrain,692,BHR,1992,Sheikh Muhammad ibn Mubarak Al Khalifa,1971,2005,Q6932875,
Bahrain,692,BHR,1993,Sheikh Muhammad ibn Mubarak Al Khalifa,1971,2005,Q6932875,
Bahrain,692,BHR,1994,Sheikh Muhammad ibn Mubarak Al Khalifa,1971,2005,Q6932875,
Bahrain,692,BHR,1995,Sheikh Muhammad ibn Mubarak Al Khalifa,1971,2005,Q6932875,
Bahrain,692,BHR,1996,Sheikh Muhammad ibn Mubarak Al Khalifa,1971,2005,Q6932875,
Bahrain,692,BHR,1997,Sheikh Muhammad ibn Mubarak Al Khalifa,1971,2005,Q6932875,
Bahrain,692,BHR,1998,Sheikh Muhammad ibn Mubarak Al Khalifa,1971,2005,Q6932875,
Bahrain,692,BHR,1999,Sheikh Muhammad ibn Mubarak Al Khalifa,1971,2005,Q6932875,
Bahrain,692,BHR,2000,Sheikh Muhammad ibn Mubarak Al Khalifa,1971,2005,Q6932875,
Bahrain,692,BHR,2001,Sheikh Muhammad ibn Mubarak Al Khalifa,1971,2005,Q6932875,
Bahrain,692,BHR,2002,Sheikh Muhammad ibn Mubarak Al Khalifa,1971,2005,Q6932875,
Bahrain,692,BHR,2003,Sheikh Muhammad ibn Mubarak Al Khalifa,1971,2005,Q6932875,
Bahrain,692,BHR,2004,Sheikh Muhammad ibn Mubarak Al Khalifa,1971,2005,Q6932875,
Bahrain,692,BHR,2005,Sheikh Khalid ibn Ahmad Al Khalifa,2005,2019,Q58171,
Bahrain,692,BHR,2005,Sheikh Muhammad ibn Mubarak Al Khalifa,1971,2005,Q6932875,
Bahrain,692,BHR,2006,Sheikh Khalid ibn Ahmad Al Khalifa,2005,2019,Q58171,
Bahrain,692,BHR,2007,Sheikh Khalid ibn Ahmad Al Khalifa,2005,2019,Q58171,
Bahrain,692,BHR,2008,Sheikh Khalid ibn Ahmad Al Khalifa,2005,2019,Q58171,
Bahrain,692,BHR,2009,Sheikh Khalid ibn Ahmad Al Khalifa,2005,2019,Q58171,
Bahrain,692,BHR,2010,Sheikh Khalid ibn Ahmad Al Khalifa,2005,2019,Q58171,
Bahrain,692,BHR,2011,Sheikh Khalid ibn Ahmad Al Khalifa,2005,2019,Q58171,
Bahrain,692,BHR,2012,Sheikh Khalid ibn Ahmad Al Khalifa,2005,2019,Q58171,
Bahrain,692,BHR,2013,Sheikh Khalid ibn Ahmad Al Khalifa,2005,2019,Q58171,
Bahrain,692,BHR,2014,Sheikh Khalid ibn Ahmad Al Khalifa,2005,2019,Q58171,
Bahrain,692,BHR,2015,Sheikh Khalid ibn Ahmad Al Khalifa,2005,2019,Q58171,
Bahrain,692,BHR,2016,Sheikh Khalid ibn Ahmad Al Khalifa,2005,2019,Q58171,
Bahrain,692,BHR,2017,Sheikh Khalid ibn Ahmad Al Khalifa,2005,2019,Q58171,
Bahrain,692,BHR,2018,Sheikh Khalid ibn Ahmad Al Khalifa,2005,2019,Q58171,
Bahrain,692,BHR,2019,Sheikh Khalid ibn Ahmad Al Khalifa,2005,2019,Q58171,
Bangladesh,771,BGD,1971,Abdus Samad Azad,1971,1973,Q278144,Abdus Samad Azad
Bangladesh,771,BGD,1971,Khandakar Mushtaq Ahmed,1971,1971,Q2427042,
Bangladesh,771,BGD,1972,Abdus Samad Azad,1971,1973,Q278144,Abdus Samad Azad
Bangladesh,771,BGD,1973,Abdus Samad Azad,1971,1973,Q278144,Abdus Samad Azad
Bangladesh,771,BGD,1973,Kamal Hossain,1973,1975,Q327967,Kamal Hossain
Bangladesh,771,BGD,1974,Kamal Hossain,1973,1975,Q327967,Kamal Hossain
Bangladesh,771,BGD,1975,Abu Sadat Mohammad Sayem,1975,1977,Q2641682,Abu Sadat Mohammad Sayem
Bangladesh,771,BGD,1975,Abu Sayeed Chowdhury,1975,1975,Q335379,Abu Sayeed Chowdhury
Bangladesh,771,BGD,1975,Kamal Hossain,1973,1975,Q327967,Kamal Hossain
Bangladesh,771,BGD,1976,Abu Sadat Mohammad Sayem,1975,1977,Q2641682,Abu Sadat Mohammad Sayem
Bangladesh,771,BGD,1977,Mohammad Shamsul Huq,1977,1982,Q48724743,
Bangladesh,771,BGD,1977,Abu Sadat Mohammad Sayem,1975,1977,Q2641682,Abu Sadat Mohammad Sayem
Bangladesh,771,BGD,1978,Mohammad Shamsul Huq,1977,1982,Q48724743,
Bangladesh,771,BGD,1979,Mohammad Shamsul Huq,1977,1982,Q48724743,
Bangladesh,771,BGD,1980,Mohammad Shamsul Huq,1977,1982,Q48724743,
Bangladesh,771,BGD,1981,Mohammad Shamsul Huq,1977,1982,Q48724743,
Bangladesh,771,BGD,1982,Aminur Rahman Shams-ud Doha,1982,1984,Q4167334,
Bangladesh,771,BGD,1982,Mohammad Shamsul Huq,1977,1982,Q48724743,
Bangladesh,771,BGD,1983,Aminur Rahman Shams-ud Doha,1982,1984,Q4167334,
Bangladesh,771,BGD,1984,Humayun Rasheed Chowdhury,1984,1988,Q174381,
Bangladesh,771,BGD,1984,Aminur Rahman Shams-ud Doha,1982,1984,Q4167334,
Bangladesh,771,BGD,1985,Humayun Rasheed Chowdhury,1984,1988,Q174381,
Bangladesh,771,BGD,1986,Humayun Rasheed Chowdhury,1984,1988,Q174381,
Bangladesh,771,BGD,1987,Humayun Rasheed Chowdhury,1984,1988,Q174381,
Bangladesh,771,BGD,1988,Anisul Islam Mahmud,1988,1990,Q23762578,Anisul Islam Mahmud
Bangladesh,771,BGD,1988,Humayun Rasheed Chowdhury,1984,1988,Q174381,
Bangladesh,771,BGD,1989,Anisul Islam Mahmud,1988,1990,Q23762578,Anisul Islam Mahmud
Bangladesh,771,BGD,1990,Anisul Islam Mahmud,1988,1990,Q23762578,Anisul Islam Mahmud
Bangladesh,771,BGD,1990,Fakhruddin Ahmed,1990,1991,Q560060,Fakhruddin Ahmed
Bangladesh,771,BGD,1991,A.S.M. Mostafizur Rahman,1991,1996,Q28225470,
Bangladesh,771,BGD,1991,Fakhruddin Ahmed,1990,1991,Q560060,Fakhruddin Ahmed
Bangladesh,771,BGD,1992,A.S.M. Mostafizur Rahman,1991,1996,Q28225470,
Bangladesh,771,BGD,1993,A.S.M. Mostafizur Rahman,1991,1996,Q28225470,
Bangladesh,771,BGD,1994,A.S.M. Mostafizur Rahman,1991,1996,Q28225470,
Bangladesh,771,BGD,1995,A.S.M. Mostafizur Rahman,1991,1996,Q28225470,
Bangladesh,771,BGD,1996,Abdus Samad Azad,1996,2001,Q278144,Abdus Samad Azad
Bangladesh,771,BGD,1996,A.S.M. Mostafizur Rahman,1991,1996,Q28225470,
Bangladesh,771,BGD,1996,Mohammad Habibur Rahman,1996,1996,Q2093175,
Bangladesh,771,BGD,1997,Abdus Samad Azad,1996,2001,Q278144,Abdus Samad Azad
Bangladesh,771,BGD,1998,Abdus Samad Azad,1996,2001,Q278144,Abdus Samad Azad
Bangladesh,771,BGD,1999,Abdus Samad Azad,1996,2001,Q278144,Abdus Samad Azad
Bangladesh,771,BGD,2000,Abdus Samad Azad,1996,2001,Q278144,Abdus Samad Azad
Bangladesh,771,BGD,2001,A.Q.M. Badruddoza Chowdhury,2001,2001,Q278403,A.Q.M. Badruddoza Chowdhury
Bangladesh,771,BGD,2001,Morshed Khan,2001,2006,Q3324440,Morshed Khan
Bangladesh,771,BGD,2001,Latifur Rahman,2001,2001,Q2093148,Latifur Rahman
Bangladesh,771,BGD,2001,Abdus Samad Azad,1996,2001,Q278144,Abdus Samad Azad
Bangladesh,771,BGD,2002,Morshed Khan,2001,2006,Q3324440,Morshed Khan
Bangladesh,771,BGD,2003,Morshed Khan,2001,2006,Q3324440,Morshed Khan
Bangladesh,771,BGD,2004,Morshed Khan,2001,2006,Q3324440,Morshed Khan
Bangladesh,771,BGD,2005,Morshed Khan,2001,2006,Q3324440,Morshed Khan
Bangladesh,771,BGD,2006,Iajuddin Ahmed,2006,2007,Q165672,Iajuddin Ahmed
Bangladesh,771,BGD,2006,Morshed Khan,2001,2006,Q3324440,Morshed Khan
Bangladesh,771,BGD,2007,Iajuddin Ahmed,2006,2007,Q165672,Iajuddin Ahmed
Bangladesh,771,BGD,2007,Fakhruddin Ahmed,2007,2007,Q560060,Fakhruddin Ahmed
Bangladesh,771,BGD,2007,Iftekhar Ahmed Chowdhury,2007,2009,Q3148110,Iftekhar Ahmed Chowdhury
Bangladesh,771,BGD,2008,Iftekhar Ahmed Chowdhury,2007,2009,Q3148110,Iftekhar Ahmed Chowdhury
Bangladesh,771,BGD,2009,Dipu Moni,2009,2013,Q58264,Dipu Moni
Bangladesh,771,BGD,2009,Iftekhar Ahmed Chowdhury,2007,2009,Q3148110,Iftekhar Ahmed Chowdhury
Bangladesh,771,BGD,2010,Dipu Moni,2009,2013,Q58264,Dipu Moni
Bangladesh,771,BGD,2011,Dipu Moni,2009,2013,Q58264,Dipu Moni
Bangladesh,771,BGD,2012,Dipu Moni,2009,2013,Q58264,Dipu Moni
Bangladesh,771,BGD,2013,Abul Hasan Mahmud Ali,2013,2014,Q16058009,
Bangladesh,771,BGD,2013,Dipu Moni,2009,2013,Q58264,Dipu Moni
Bangladesh,771,BGD,2014,Sheikh Hasina Wajed,2014,2014,Q52183,
Bangladesh,771,BGD,2014,Abul Hasan Mahmud Ali,2013,2014,Q16058009,
Bangladesh,771,BGD,2014,Abul Hasan Mahmud Ali,2014,2019,Q16058009,
Bangladesh,771,BGD,2015,Abul Hasan Mahmud Ali,2014,2019,Q16058009,
Bangladesh,771,BGD,2016,Abul Hasan Mahmud Ali,2014,2019,Q16058009,
Bangladesh,771,BGD,2017,Abul Hasan Mahmud Ali,2014,2019,Q16058009,
Bangladesh,771,BGD,2018,Abul Hasan Mahmud Ali,2014,2019,Q16058009,
Bangladesh,771,BGD,2019,Abulkalam Abdul Momen,2019,2019,Q26923392,
Bangladesh,771,BGD,2019,Abul Hasan Mahmud Ali,2014,2019,Q16058009,
Barbados,53,BRB,1966,Errol Barrow,1966,1971,Q1361644,Errol Barrow
Barbados,53,BRB,1967,Errol Barrow,1966,1971,Q1361644,Errol Barrow
Barbados,53,BRB,1968,Errol Barrow,1966,1971,Q1361644,Errol Barrow
Barbados,53,BRB,1969,Errol Barrow,1966,1971,Q1361644,Errol Barrow
Barbados,53,BRB,1970,Errol Barrow,1966,1971,Q1361644,Errol Barrow
Barbados,53,BRB,1971,Errol Barrow,1966,1971,Q1361644,Errol Barrow
Barbados,53,BRB,1971,James Cameron Tudor,1971,1972,Q6130923,James Cameron Tudor
Barbados,53,BRB,1972,George Moe,1972,1976,Q5542532,George Moe
Barbados,53,BRB,1972,James Cameron Tudor,1971,1972,Q6130923,James Cameron Tudor
Barbados,53,BRB,1973,George Moe,1972,1976,Q5542532,George Moe
Barbados,53,BRB,1974,George Moe,1972,1976,Q5542532,George Moe
Barbados,53,BRB,1975,George Moe,1972,1976,Q5542532,George Moe
Barbados,53,BRB,1976,George Moe,1972,1976,Q5542532,George Moe
Barbados,53,BRB,1976,Henry Forde,1976,1981,,
Barbados,53,BRB,1977,Henry Forde,1976,1981,,
Barbados,53,BRB,1978,Henry Forde,1976,1981,,
Barbados,53,BRB,1979,Henry Forde,1976,1981,,
Barbados,53,BRB,1980,Henry Forde,1976,1981,,
Barbados,53,BRB,1981,Henry Forde,1976,1981,,
Barbados,53,BRB,1981,Louis Tull,1981,1985,,
Barbados,53,BRB,1982,Louis Tull,1981,1985,,
Barbados,53,BRB,1983,Louis Tull,1981,1985,,
Barbados,53,BRB,1984,Louis Tull,1981,1985,,
Barbados,53,BRB,1985,Nigel Barrow,1985,1986,,
Barbados,53,BRB,1985,Louis Tull,1981,1985,,
Barbados,53,BRB,1986,James Cameron Tudor,1986,1989,Q6130923,James Cameron Tudor
Barbados,53,BRB,1986,Nigel Barrow,1985,1986,,
Barbados,53,BRB,1987,James Cameron Tudor,1986,1989,Q6130923,James Cameron Tudor
Barbados,53,BRB,1988,James Cameron Tudor,1986,1989,Q6130923,James Cameron Tudor
Barbados,53,BRB,1989,James Cameron Tudor,1986,1989,Q6130923,James Cameron Tudor
Barbados,53,BRB,1989,Maurice King,1989,1993,Q6793258,Maurice King
Barbados,53,BRB,1990,Maurice King,1989,1993,Q6793258,Maurice King
Barbados,53,BRB,1991,Maurice King,1989,1993,Q6793258,Maurice King
Barbados,53,BRB,1992,Maurice King,1989,1993,Q6793258,Maurice King
Barbados,53,BRB,1993,Maurice King,1989,1993,Q6793258,Maurice King
Barbados,53,BRB,1993,Branford Taitt,1993,1994,Q15246128,Branford Taitt
Barbados,53,BRB,1994,Branford Taitt,1993,1994,Q15246128,Branford Taitt
Barbados,53,BRB,1994,Billie Miller,1994,2008,Q430380,Billie Miller
Barbados,53,BRB,1995,Billie Miller,1994,2008,Q430380,Billie Miller
Barbados,53,BRB,1996,Billie Miller,1994,2008,Q430380,Billie Miller
Barbados,53,BRB,1997,Billie Miller,1994,2008,Q430380,Billie Miller
Barbados,53,BRB,1998,Billie Miller,1994,2008,Q430380,Billie Miller
Barbados,53,BRB,1999,Billie Miller,1994,2008,Q430380,Billie Miller
Barbados,53,BRB,2000,Billie Miller,1994,2008,Q430380,Billie Miller
Barbados,53,BRB,2001,Billie Miller,1994,2008,Q430380,Billie Miller
Barbados,53,BRB,2002,Billie Miller,1994,2008,Q430380,Billie Miller
Barbados,53,BRB,2003,Billie Miller,1994,2008,Q430380,Billie Miller
Barbados,53,BRB,2004,Billie Miller,1994,2008,Q430380,Billie Miller
Barbados,53,BRB,2005,Billie Miller,1994,2008,Q430380,Billie Miller
Barbados,53,BRB,2006,Billie Miller,1994,2008,Q430380,Billie Miller
Barbados,53,BRB,2007,Billie Miller,1994,2008,Q430380,Billie Miller
Barbados,53,BRB,2008,Billie Miller,1994,2008,Q430380,Billie Miller
Barbados,53,BRB,2008,Christopher Sinckler,2008,2008,,
Barbados,53,BRB,2008,Maxine McClean,2008,2018,Q1914266,
Barbados,53,BRB,2009,Maxine McClean,2008,2018,Q1914266,
Barbados,53,BRB,2010,Maxine McClean,2008,2018,Q1914266,
Barbados,53,BRB,2011,Maxine McClean,2008,2018,Q1914266,
Barbados,53,BRB,2012,Maxine McClean,2008,2018,Q1914266,
Barbados,53,BRB,2013,Maxine McClean,2008,2018,Q1914266,
Barbados,53,BRB,2014,Maxine McClean,2008,2018,Q1914266,
Barbados,53,BRB,2015,Maxine McClean,2008,2018,Q1914266,
Barbados,53,BRB,2016,Maxine McClean,2008,2018,Q1914266,
Barbados,53,BRB,2017,Maxine McClean,2008,2018,Q1914266,
Barbados,53,BRB,2018,Maxine McClean,2008,2018,Q1914266,
Barbados,53,BRB,2018,Jerome Walcott,2018,2019,Q55123980,
Barbados,53,BRB,2019,Jerome Walcott,2018,2019,Q55123980,
Belarus,370,BLR,1944,Kuzma Kiselyov,1944,1966,Q3919440,Kuzma Kiselyov
Belarus,370,BLR,1945,Kuzma Kiselyov,1944,1966,Q3919440,Kuzma Kiselyov
Belarus,370,BLR,1946,Kuzma Kiselyov,1944,1966,Q3919440,Kuzma Kiselyov
Belarus,370,BLR,1947,Kuzma Kiselyov,1944,1966,Q3919440,Kuzma Kiselyov
Belarus,370,BLR,1948,Kuzma Kiselyov,1944,1966,Q3919440,Kuzma Kiselyov
Belarus,370,BLR,1949,Kuzma Kiselyov,1944,1966,Q3919440,Kuzma Kiselyov
Belarus,370,BLR,1950,Kuzma Kiselyov,1944,1966,Q3919440,Kuzma Kiselyov
Belarus,370,BLR,1951,Kuzma Kiselyov,1944,1966,Q3919440,Kuzma Kiselyov
Belarus,370,BLR,1952,Kuzma Kiselyov,1944,1966,Q3919440,Kuzma Kiselyov
Belarus,370,BLR,1953,Kuzma Kiselyov,1944,1966,Q3919440,Kuzma Kiselyov
Belarus,370,BLR,1954,Kuzma Kiselyov,1944,1966,Q3919440,Kuzma Kiselyov
Belarus,370,BLR,1955,Kuzma Kiselyov,1944,1966,Q3919440,Kuzma Kiselyov
Belarus,370,BLR,1956,Kuzma Kiselyov,1944,1966,Q3919440,Kuzma Kiselyov
Belarus,370,BLR,1957,Kuzma Kiselyov,1944,1966,Q3919440,Kuzma Kiselyov
Belarus,370,BLR,1958,Kuzma Kiselyov,1944,1966,Q3919440,Kuzma Kiselyov
Belarus,370,BLR,1959,Kuzma Kiselyov,1944,1966,Q3919440,Kuzma Kiselyov
Belarus,370,BLR,1960,Kuzma Kiselyov,1944,1966,Q3919440,Kuzma Kiselyov
Belarus,370,BLR,1961,Kuzma Kiselyov,1944,1966,Q3919440,Kuzma Kiselyov
Belarus,370,BLR,1962,Kuzma Kiselyov,1944,1966,Q3919440,Kuzma Kiselyov
Belarus,370,BLR,1963,Kuzma Kiselyov,1944,1966,Q3919440,Kuzma Kiselyov
Belarus,370,BLR,1964,Kuzma Kiselyov,1944,1966,Q3919440,Kuzma Kiselyov
Belarus,370,BLR,1965,Kuzma Kiselyov,1944,1966,Q3919440,Kuzma Kiselyov
Belarus,370,BLR,1966,Kuzma Kiselyov,1944,1966,Q3919440,Kuzma Kiselyov
Belarus,370,BLR,1966,Anatoly Gurinovich,1966,1990,Q3919436,Anatoly Gurinovich
Belarus,370,BLR,1967,Anatoly Gurinovich,1966,1990,Q3919436,Anatoly Gurinovich
Belarus,370,BLR,1968,Anatoly Gurinovich,1966,1990,Q3919436,Anatoly Gurinovich
Belarus,370,BLR,1969,Anatoly Gurinovich,1966,1990,Q3919436,Anatoly Gurinovich
Belarus,370,BLR,1970,Anatoly Gurinovich,1966,1990,Q3919436,Anatoly Gurinovich
Belarus,370,BLR,1971,Anatoly Gurinovich,1966,1990,Q3919436,Anatoly Gurinovich
Belarus,370,BLR,1972,Anatoly Gurinovich,1966,1990,Q3919436,Anatoly Gurinovich
Belarus,370,BLR,1973,Anatoly Gurinovich,1966,1990,Q3919436,Anatoly Gurinovich
Belarus,370,BLR,1974,Anatoly Gurinovich,1966,1990,Q3919436,Anatoly Gurinovich
Belarus,370,BLR,1975,Anatoly Gurinovich,1966,1990,Q3919436,Anatoly Gurinovich
Belarus,370,BLR,1976,Anatoly Gurinovich,1966,1990,Q3919436,Anatoly Gurinovich
Belarus,370,BLR,1977,Anatoly Gurinovich,1966,1990,Q3919436,Anatoly Gurinovich
Belarus,370,BLR,1978,Anatoly Gurinovich,1966,1990,Q3919436,Anatoly Gurinovich
Belarus,370,BLR,1979,Anatoly Gurinovich,1966,1990,Q3919436,Anatoly Gurinovich
Belarus,370,BLR,1980,Anatoly Gurinovich,1966,1990,Q3919436,Anatoly Gurinovich
Belarus,370,BLR,1981,Anatoly Gurinovich,1966,1990,Q3919436,Anatoly Gurinovich
Belarus,370,BLR,1982,Anatoly Gurinovich,1966,1990,Q3919436,Anatoly Gurinovich
Belarus,370,BLR,1983,Anatoly Gurinovich,1966,1990,Q3919436,Anatoly Gurinovich
Belarus,370,BLR,1984,Anatoly Gurinovich,1966,1990,Q3919436,Anatoly Gurinovich
Belarus,370,BLR,1985,Anatoly Gurinovich,1966,1990,Q3919436,Anatoly Gurinovich
Belarus,370,BLR,1986,Anatoly Gurinovich,1966,1990,Q3919436,Anatoly Gurinovich
Belarus,370,BLR,1987,Anatoly Gurinovich,1966,1990,Q3919436,Anatoly Gurinovich
Belarus,370,BLR,1988,Anatoly Gurinovich,1966,1990,Q3919436,Anatoly Gurinovich
Belarus,370,BLR,1989,Anatoly Gurinovich,1966,1990,Q3919436,Anatoly Gurinovich
Belarus,370,BLR,1990,Anatoly Gurinovich,1966,1990,Q3919436,Anatoly Gurinovich
Belarus,370,BLR,1990,Petr Krauchenka,1990,1994,Q910662,
Belarus,370,BLR,1991,Petr Krauchenka,1990,1994,Q910662,
Belarus,370,BLR,1992,Petr Krauchenka,1990,1994,Q910662,
Belarus,370,BLR,1993,Petr Krauchenka,1990,1994,Q910662,
Belarus,370,BLR,1994,Uladzimir Syanko,1994,1997,Q2500892,
Belarus,370,BLR,1994,Petr Krauchenka,1990,1994,Q910662,
Belarus,370,BLR,1995,Uladzimir Syanko,1994,1997,Q2500892,
Belarus,370,BLR,1996,Uladzimir Syanko,1994,1997,Q2500892,
Belarus,370,BLR,1997,Uladzimir Syanko,1994,1997,Q2500892,
Belarus,370,BLR,1997,Ivan Antanovich,1997,1998,Q2920504,Ivan Antanovich
Belarus,370,BLR,1998,Ural Latypov,1998,2000,Q1985534,Ural Latypov
Belarus,370,BLR,1998,Ivan Antanovich,1997,1998,Q2920504,Ivan Antanovich
Belarus,370,BLR,1999,Ural Latypov,1998,2000,Q1985534,Ural Latypov
Belarus,370,BLR,2000,Ural Latypov,1998,2000,Q1985534,Ural Latypov
Belarus,370,BLR,2000,Mikhail Khvostov,2000,2003,Q2662416,Mikhail Khvostov
Belarus,370,BLR,2001,Mikhail Khvostov,2000,2003,Q2662416,Mikhail Khvostov
Belarus,370,BLR,2002,Mikhail Khvostov,2000,2003,Q2662416,Mikhail Khvostov
Belarus,370,BLR,2003,Syarhey Martynau,2003,2012,Q956041,
Belarus,370,BLR,2003,Mikhail Khvostov,2000,2003,Q2662416,Mikhail Khvostov
Belarus,370,BLR,2004,Syarhey Martynau,2003,2012,Q956041,
Belarus,370,BLR,2005,Syarhey Martynau,2003,2012,Q956041,
Belarus,370,BLR,2006,Syarhey Martynau,2003,2012,Q956041,
Belarus,370,BLR,2007,Syarhey Martynau,2003,2012,Q956041,
Belarus,370,BLR,2008,Syarhey Martynau,2003,2012,Q956041,
Belarus,370,BLR,2009,Syarhey Martynau,2003,2012,Q956041,
Belarus,370,BLR,2010,Syarhey Martynau,2003,2012,Q956041,
Belarus,370,BLR,2011,Syarhey Martynau,2003,2012,Q956041,
Belarus,370,BLR,2012,Syarhey Martynau,2003,2012,Q956041,
Belarus,370,BLR,2012,Vladimir Makei,2012,2019,Q2026222,
Belarus,370,BLR,2013,Vladimir Makei,2012,2019,Q2026222,
Belarus,370,BLR,2014,Vladimir Makei,2012,2019,Q2026222,
Belarus,370,BLR,2015,Vladimir Makei,2012,2019,Q2026222,
Belarus,370,BLR,2016,Vladimir Makei,2012,2019,Q2026222,
Belarus,370,BLR,2017,Vladimir Makei,2012,2019,Q2026222,
Belarus,370,BLR,2018,Vladimir Makei,2012,2019,Q2026222,
Belarus,370,BLR,2019,Vladimir Makei,2012,2019,Q2026222,
Belgium,211,BEL,1949,Paul van Zeeland,1949,1954,Q14996,Paul van Zeeland
Belgium,211,BEL,1950,Paul van Zeeland,1949,1954,Q14996,Paul van Zeeland
Belgium,211,BEL,1951,Paul van Zeeland,1949,1954,Q14996,Paul van Zeeland
Belgium,211,BEL,1952,Paul van Zeeland,1949,1954,Q14996,Paul van Zeeland
Belgium,211,BEL,1953,Paul van Zeeland,1949,1954,Q14996,Paul van Zeeland
Belgium,211,BEL,1954,Paul-Henri Spaak,1954,1957,Q155691,Paul-Henri Spaak
Belgium,211,BEL,1954,Paul van Zeeland,1949,1954,Q14996,Paul van Zeeland
Belgium,211,BEL,1955,Paul-Henri Spaak,1954,1957,Q155691,Paul-Henri Spaak
Belgium,211,BEL,1956,Paul-Henri Spaak,1954,1957,Q155691,Paul-Henri Spaak
Belgium,211,BEL,1957,Paul-Henri Spaak,1954,1957,Q155691,Paul-Henri Spaak
Belgium,211,BEL,1957,Victor Larock,1957,1958,Q331487,Victor Larock
Belgium,211,BEL,1958,Pierre Wigny,1958,1961,Q826501,Pierre Wigny
Belgium,211,BEL,1958,Victor Larock,1957,1958,Q331487,Victor Larock
Belgium,211,BEL,1959,Pierre Wigny,1958,1961,Q826501,Pierre Wigny
Belgium,211,BEL,1960,Pierre Wigny,1958,1961,Q826501,Pierre Wigny
Belgium,211,BEL,1961,Pierre Wigny,1958,1961,Q826501,Pierre Wigny
Belgium,211,BEL,1961,Paul-Henri Spaak,1961,1966,Q155691,Paul-Henri Spaak
Belgium,211,BEL,1962,Paul-Henri Spaak,1961,1966,Q155691,Paul-Henri Spaak
Belgium,211,BEL,1963,Paul-Henri Spaak,1961,1966,Q155691,Paul-Henri Spaak
Belgium,211,BEL,1964,Paul-Henri Spaak,1961,1966,Q155691,Paul-Henri Spaak
Belgium,211,BEL,1965,Paul-Henri Spaak,1961,1966,Q155691,Paul-Henri Spaak
Belgium,211,BEL,1966,Pierre Harmel,1966,1973,Q363942,Pierre Harmel
Belgium,211,BEL,1966,Paul-Henri Spaak,1961,1966,Q155691,Paul-Henri Spaak
Belgium,211,BEL,1967,Pierre Harmel,1966,1973,Q363942,Pierre Harmel
Belgium,211,BEL,1968,Pierre Harmel,1966,1973,Q363942,Pierre Harmel
Belgium,211,BEL,1969,Pierre Harmel,1966,1973,Q363942,Pierre Harmel
Belgium,211,BEL,1970,Pierre Harmel,1966,1973,Q363942,Pierre Harmel
Belgium,211,BEL,1971,Pierre Harmel,1966,1973,Q363942,Pierre Harmel
Belgium,211,BEL,1972,Pierre Harmel,1966,1973,Q363942,Pierre Harmel
Belgium,211,BEL,1973,Pierre Harmel,1966,1973,Q363942,Pierre Harmel
Belgium,211,BEL,1973,Renaat van Elslande,1973,1977,Q331251,
Belgium,211,BEL,1974,Renaat van Elslande,1973,1977,Q331251,
Belgium,211,BEL,1975,Renaat van Elslande,1973,1977,Q331251,
Belgium,211,BEL,1976,Renaat van Elslande,1973,1977,Q331251,
Belgium,211,BEL,1977,Henri Simonet,1977,1980,Q1606032,Henri Simonet
Belgium,211,BEL,1977,Renaat van Elslande,1973,1977,Q331251,
Belgium,211,BEL,1978,Henri Simonet,1977,1980,Q1606032,Henri Simonet
Belgium,211,BEL,1979,Henri Simonet,1977,1980,Q1606032,Henri Simonet
Belgium,211,BEL,1980,Charles-Ferdinand Nothomb,1980,1981,Q1063374,Charles-Ferdinand Nothomb
Belgium,211,BEL,1980,Henri Simonet,1977,1980,Q1606032,Henri Simonet
Belgium,211,BEL,1981,Charles-Ferdinand Nothomb,1980,1981,Q1063374,Charles-Ferdinand Nothomb
Belgium,211,BEL,1981,Léo Tindemans,1981,1989,Q15002,
Belgium,211,BEL,1982,Léo Tindemans,1981,1989,Q15002,
Belgium,211,BEL,1983,Léo Tindemans,1981,1989,Q15002,
Belgium,211,BEL,1984,Léo Tindemans,1981,1989,Q15002,
Belgium,211,BEL,1985,Léo Tindemans,1981,1989,Q15002,
Belgium,211,BEL,1986,Léo Tindemans,1981,1989,Q15002,
Belgium,211,BEL,1987,Léo Tindemans,1981,1989,Q15002,
Belgium,211,BEL,1988,Léo Tindemans,1981,1989,Q15002,
Belgium,211,BEL,1989,Mark Eyskens,1989,1992,Q349477,Mark Eyskens
Belgium,211,BEL,1989,Léo Tindemans,1981,1989,Q15002,
Belgium,211,BEL,1990,Mark Eyskens,1989,1992,Q349477,Mark Eyskens
Belgium,211,BEL,1991,Mark Eyskens,1989,1992,Q349477,Mark Eyskens
Belgium,211,BEL,1992,Willy Claes,1992,1994,Q382137,Willy Claes
Belgium,211,BEL,1992,Mark Eyskens,1989,1992,Q349477,Mark Eyskens
Belgium,211,BEL,1993,Willy Claes,1992,1994,Q382137,Willy Claes
Belgium,211,BEL,1994,Willy Claes,1992,1994,Q382137,Willy Claes
Belgium,211,BEL,1994,Frank Vandenbroucke,1994,1995,Q186931,Frank Vandenbroucke
Belgium,211,BEL,1995,Frank Vandenbroucke,1994,1995,Q186931,Frank Vandenbroucke
Belgium,211,BEL,1995,Erik Derycke,1995,1999,Q3056542,Erik Derycke
Belgium,211,BEL,1996,Erik Derycke,1995,1999,Q3056542,Erik Derycke
Belgium,211,BEL,1997,Erik Derycke,1995,1999,Q3056542,Erik Derycke
Belgium,211,BEL,1998,Erik Derycke,1995,1999,Q3056542,Erik Derycke
Belgium,211,BEL,1999,Erik Derycke,1995,1999,Q3056542,Erik Derycke
Belgium,211,BEL,1999,Louis Michel,1999,2004,Q469352,Louis Michel
Belgium,211,BEL,2000,Louis Michel,1999,2004,Q469352,Louis Michel
Belgium,211,BEL,2001,Louis Michel,1999,2004,Q469352,Louis Michel
Belgium,211,BEL,2002,Louis Michel,1999,2004,Q469352,Louis Michel
Belgium,211,BEL,2003,Louis Michel,1999,2004,Q469352,Louis Michel
Belgium,211,BEL,2004,Louis Michel,1999,2004,Q469352,Louis Michel
Belgium,211,BEL,2004,Karel De Gucht,2004,2009,Q381218,Karel De Gucht
Belgium,211,BEL,2005,Karel De Gucht,2004,2009,Q381218,Karel De Gucht
Belgium,211,BEL,2006,Karel De Gucht,2004,2009,Q381218,Karel De Gucht
Belgium,211,BEL,2007,Karel De Gucht,2004,2009,Q381218,Karel De Gucht
Belgium,211,BEL,2008,Karel De Gucht,2004,2009,Q381218,Karel De Gucht
Belgium,211,BEL,2009,Steven Vanackere,2009,2011,Q2067763,Steven Vanackere
Belgium,211,BEL,2009,Karel De Gucht,2004,2009,Q381218,Karel De Gucht
Belgium,211,BEL,2009,Yves Leterme,2009,2009,Q12981,Yves Leterme
Belgium,211,BEL,2010,Steven Vanackere,2009,2011,Q2067763,Steven Vanackere
Belgium,211,BEL,2011,Didier Reynders,2011,2019,Q978208,Didier Reynders
Belgium,211,BEL,2011,Steven Vanackere,2009,2011,Q2067763,Steven Vanackere
Belgium,211,BEL,2012,Didier Reynders,2011,2019,Q978208,Didier Reynders
Belgium,211,BEL,2013,Didier Reynders,2011,2019,Q978208,Didier Reynders
Belgium,211,BEL,2014,Didier Reynders,2011,2019,Q978208,Didier Reynders
Belgium,211,BEL,2015,Didier Reynders,2011,2019,Q978208,Didier Reynders
Belgium,211,BEL,2016,Didier Reynders,2011,2019,Q978208,Didier Reynders
Belgium,211,BEL,2017,Didier Reynders,2011,2019,Q978208,Didier Reynders
Belgium,211,BEL,2018,Didier Reynders,2011,2019,Q978208,Didier Reynders
Belgium,211,BEL,2019,Didier Reynders,2011,2019,Q978208,Didier Reynders
Belize,80,BLZ,1981,George Cadle Price,1981,1984,Q542559,George Cadle Price
Belize,80,BLZ,1982,George Cadle Price,1981,1984,Q542559,George Cadle Price
Belize,80,BLZ,1983,George Cadle Price,1981,1984,Q542559,George Cadle Price
Belize,80,BLZ,1984,George Cadle Price,1981,1984,Q542559,George Cadle Price
Belize,80,BLZ,1984,Vernon Harrison Courtenay,1984,1985,Q85852112,
Belize,80,BLZ,1985,Dean Barrow,1985,1989,Q57701,Dean Barrow
Belize,80,BLZ,1985,Vernon Harrison Courtenay,1984,1985,Q85852112,
Belize,80,BLZ,1986,Dean Barrow,1985,1989,Q57701,Dean Barrow
Belize,80,BLZ,1987,Dean Barrow,1985,1989,Q57701,Dean Barrow
Belize,80,BLZ,1988,Dean Barrow,1985,1989,Q57701,Dean Barrow
Belize,80,BLZ,1989,Dean Barrow,1985,1989,Q57701,Dean Barrow
Belize,80,BLZ,1989,Said Musa,1989,1993,Q335215,Said Musa
Belize,80,BLZ,1990,Said Musa,1989,1993,Q335215,Said Musa
Belize,80,BLZ,1991,Said Musa,1989,1993,Q335215,Said Musa
Belize,80,BLZ,1992,Said Musa,1989,1993,Q335215,Said Musa
Belize,80,BLZ,1993,Dean Barrow,1993,1998,Q57701,Dean Barrow
Belize,80,BLZ,1993,Said Musa,1989,1993,Q335215,Said Musa
Belize,80,BLZ,1994,Dean Barrow,1993,1998,Q57701,Dean Barrow
Belize,80,BLZ,1995,Dean Barrow,1993,1998,Q57701,Dean Barrow
Belize,80,BLZ,1996,Dean Barrow,1993,1998,Q57701,Dean Barrow
Belize,80,BLZ,1997,Dean Barrow,1993,1998,Q57701,Dean Barrow
Belize,80,BLZ,1998,Dean Barrow,1993,1998,Q57701,Dean Barrow
Belize,80,BLZ,1998,Said Musa,1998,2002,Q335215,Said Musa
Belize,80,BLZ,1999,Said Musa,1998,2002,Q335215,Said Musa
Belize,80,BLZ,2000,Said Musa,1998,2002,Q335215,Said Musa
Belize,80,BLZ,2001,Said Musa,1998,2002,Q335215,Said Musa
Belize,80,BLZ,2002,Said Musa,1998,2002,Q335215,Said Musa
Belize,80,BLZ,2002,Assad Shoman,2002,2003,Q66716412,Assad Shoman
Belize,80,BLZ,2003,Assad Shoman,2002,2003,Q66716412,Assad Shoman
Belize,80,BLZ,2003,Godfrey Smith,2003,2006,Q5576540,Godfrey Smith
Belize,80,BLZ,2004,Godfrey Smith,2003,2006,Q5576540,Godfrey Smith
Belize,80,BLZ,2005,Godfrey Smith,2003,2006,Q5576540,Godfrey Smith
Belize,80,BLZ,2006,Eamon Courtenay,2006,2007,Q3046363,Eamon Courtenay
Belize,80,BLZ,2006,Godfrey Smith,2003,2006,Q5576540,Godfrey Smith
Belize,80,BLZ,2007,Eamon Courtenay,2006,2007,Q3046363,Eamon Courtenay
Belize,80,BLZ,2007,Lisa Shoman,2007,2008,Q518511,Lisa Shoman
Belize,80,BLZ,2008,Wilfred Elrington,2008,2019,Q58325,Wilfred Elrington
Belize,80,BLZ,2008,Lisa Shoman,2007,2008,Q518511,Lisa Shoman
Belize,80,BLZ,2009,Wilfred Elrington,2008,2019,Q58325,Wilfred Elrington
Belize,80,BLZ,2010,Wilfred Elrington,2008,2019,Q58325,Wilfred Elrington
Belize,80,BLZ,2011,Wilfred Elrington,2008,2019,Q58325,Wilfred Elrington
Belize,80,BLZ,2012,Wilfred Elrington,2008,2019,Q58325,Wilfred Elrington
Belize,80,BLZ,2013,Wilfred Elrington,2008,2019,Q58325,Wilfred Elrington
Belize,80,BLZ,2014,Wilfred Elrington,2008,2019,Q58325,Wilfred Elrington
Belize,80,BLZ,2015,Wilfred Elrington,2008,2019,Q58325,Wilfred Elrington
Belize,80,BLZ,2016,Wilfred Elrington,2008,2019,Q58325,Wilfred Elrington
Belize,80,BLZ,2017,Wilfred Elrington,2008,2019,Q58325,Wilfred Elrington
Belize,80,BLZ,2018,Wilfred Elrington,2008,2019,Q58325,Wilfred Elrington
Belize,80,BLZ,2019,Wilfred Elrington,2008,2019,Q58325,Wilfred Elrington
Benin,434,BEN,1959,Chabi Mama,1959,1960,Q1058246,Chabi Mama
Benin,434,BEN,1960,Chabi Mama,1959,1960,Q1058246,Chabi Mama
Benin,434,BEN,1960,Oké Assogba,1960,1962,Q4810288,
Benin,434,BEN,1961,Oké Assogba,1960,1962,Q4810288,
Benin,434,BEN,1962,Oké Assogba,1960,1962,Q4810288,
Benin,434,BEN,1962,Émile Zinsou,1962,1963,Q878888,
Benin,434,BEN,1963,Hubert Maga,1963,1963,Q336242,Hubert Maga
Benin,434,BEN,1963,Chabi Mama,1963,1964,Q1058246,Chabi Mama
Benin,434,BEN,1963,Émile Zinsou,1962,1963,Q878888,
Benin,434,BEN,1964,Chabi Mama,1963,1964,Q1058246,Chabi Mama
Benin,434,BEN,1964,Gabriel Lozès,1964,1965,Q3093841,Gabriel Lozès
Benin,434,BEN,1965,Émile Zinsou,1965,1967,Q878888,
Benin,434,BEN,1965,Tahirou Congacou,1965,1965,Q888596,Tahirou Congacou
Benin,434,BEN,1965,Gabriel Lozès,1964,1965,Q3093841,Gabriel Lozès
Benin,434,BEN,1966,Émile Zinsou,1965,1967,Q878888,
Benin,434,BEN,1967,Benoît Sinzogan,1967,1968,Q4890172,Benoît Sinzogan
Benin,434,BEN,1967,Émile Zinsou,1965,1967,Q878888,
Benin,434,BEN,1968,Daouda Badarou,1968,1969,Q5227865,
Benin,434,BEN,1968,Benoît Sinzogan,1967,1968,Q4890172,Benoît Sinzogan
Benin,434,BEN,1969,Benoît Sinzogan,1969,1970,Q4890172,Benoît Sinzogan
Benin,434,BEN,1969,Daouda Badarou,1968,1969,Q5227865,
Benin,434,BEN,1970,Benoît Sinzogan,1969,1970,Q4890172,Benoît Sinzogan
Benin,434,BEN,1970,Daouda Badarou,1970,1971,Q5227865,
Benin,434,BEN,1971,Daouda Badarou,1970,1971,Q5227865,
Benin,434,BEN,1971,Michel Ahouanmenou,1971,1972,Q6836259,Michel Ahouanmenou
Benin,434,BEN,1972,Michel Ahouanmenou,1971,1972,Q6836259,Michel Ahouanmenou
Benin,434,BEN,1972,Michel Alladaye,1972,1980,Q6836265,Michel Alladaye
Benin,434,BEN,1973,Michel Alladaye,1972,1980,Q6836265,Michel Alladaye
Benin,434,BEN,1974,Michel Alladaye,1972,1980,Q6836265,Michel Alladaye
Benin,434,BEN,1975,Michel Alladaye,1972,1980,Q6836265,Michel Alladaye
Benin,434,BEN,1976,Michel Alladaye,1972,1980,Q6836265,Michel Alladaye
Benin,434,BEN,1977,Michel Alladaye,1972,1980,Q6836265,Michel Alladaye
Benin,434,BEN,1978,Michel Alladaye,1972,1980,Q6836265,Michel Alladaye
Benin,434,BEN,1979,Michel Alladaye,1972,1980,Q6836265,Michel Alladaye
Benin,434,BEN,1980,Michel Alladaye,1972,1980,Q6836265,Michel Alladaye
Benin,434,BEN,1980,Simon Ifede Ogouma,1980,1982,Q7519027,Simon Ifede Ogouma
Benin,434,BEN,1981,Simon Ifede Ogouma,1980,1982,Q7519027,Simon Ifede Ogouma
Benin,434,BEN,1982,Simon Ifede Ogouma,1980,1982,Q7519027,Simon Ifede Ogouma
Benin,434,BEN,1982,Tiamiou Adjibadé,1982,1984,Q7800108,Tiamiou Adjibadé
Benin,434,BEN,1983,Tiamiou Adjibadé,1982,1984,Q7800108,Tiamiou Adjibadé
Benin,434,BEN,1984,Frédéric Affo,1984,1987,Q5506668,Frédéric Affo
Benin,434,BEN,1984,Tiamiou Adjibadé,1982,1984,Q7800108,Tiamiou Adjibadé
Benin,434,BEN,1985,Frédéric Affo,1984,1987,Q5506668,Frédéric Affo
Benin,434,BEN,1986,Frédéric Affo,1984,1987,Q5506668,Frédéric Affo
Benin,434,BEN,1987,Guy Landry Hazoumé,1987,1989,Q15452224,Guy Landry Hazoumé
Benin,434,BEN,1987,Frédéric Affo,1984,1987,Q5506668,Frédéric Affo
Benin,434,BEN,1988,Guy Landry Hazoumé,1987,1989,Q15452224,Guy Landry Hazoumé
Benin,434,BEN,1989,Daniel Tawéma,1989,1990,Q5218899,Daniel Tawéma
Benin,434,BEN,1989,Guy Landry Hazoumé,1987,1989,Q15452224,Guy Landry Hazoumé
Benin,434,BEN,1990,Théophile Nata,1990,1991,Q7799883,Théophile Nata
Benin,434,BEN,1990,Daniel Tawéma,1989,1990,Q5218899,Daniel Tawéma
Benin,434,BEN,1991,Théodore Holo,1991,1993,Q3526434,Théodore Holo
Benin,434,BEN,1991,Théophile Nata,1990,1991,Q7799883,Théophile Nata
Benin,434,BEN,1992,Théodore Holo,1991,1993,Q3526434,Théodore Holo
Benin,434,BEN,1993,Robert Dossou,1993,1995,Q3434985,Robert Dossou
Benin,434,BEN,1993,Théodore Holo,1991,1993,Q3526434,Théodore Holo
Benin,434,BEN,1994,Robert Dossou,1993,1995,Q3434985,Robert Dossou
Benin,434,BEN,1995,Edgar Yves Monnou,1995,1996,Q5337536,Edgar Yves Monnou
Benin,434,BEN,1995,Robert Dossou,1993,1995,Q3434985,Robert Dossou
Benin,434,BEN,1996,Edgar Yves Monnou,1995,1996,Q5337536,Edgar Yves Monnou
Benin,434,BEN,1996,Pierre Osho,1996,1998,Q7192390,Pierre Osho
Benin,434,BEN,1997,Pierre Osho,1996,1998,Q7192390,Pierre Osho
Benin,434,BEN,1998,Pierre Osho,1996,1998,Q7192390,Pierre Osho
Benin,434,BEN,1998,Antoine Idji Kolawolé,1998,2003,Q4775490,Antoine Idji Kolawolé
Benin,434,BEN,1999,Antoine Idji Kolawolé,1998,2003,Q4775490,Antoine Idji Kolawolé
Benin,434,BEN,2000,Antoine Idji Kolawolé,1998,2003,Q4775490,Antoine Idji Kolawolé
Benin,434,BEN,2001,Antoine Idji Kolawolé,1998,2003,Q4775490,Antoine Idji Kolawolé
Benin,434,BEN,2002,Antoine Idji Kolawolé,1998,2003,Q4775490,Antoine Idji Kolawolé
Benin,434,BEN,2003,Rogatien Biaou,2003,2006,Q3438580,Rogatien Biaou
Benin,434,BEN,2003,Joseph Gnonlonfoun,2003,2003,Q6283486,Joseph Gnonlonfoun
Benin,434,BEN,2003,Antoine Idji Kolawolé,1998,2003,Q4775490,Antoine Idji Kolawolé
Benin,434,BEN,2004,Rogatien Biaou,2003,2006,Q3438580,Rogatien Biaou
Benin,434,BEN,2005,Rogatien Biaou,2003,2006,Q3438580,Rogatien Biaou
Benin,434,BEN,2006,Frédéric Dohou,2006,2006,Q556547,Frédéric Dohou
Benin,434,BEN,2006,Rogatien Biaou,2003,2006,Q3438580,Rogatien Biaou
Benin,434,BEN,2006,Mariam Aladji Boni Diallo,2006,2007,Q3291194,Mariam Aladji Boni Diallo
Benin,434,BEN,2007,Moussa Okanla,2007,2008,Q3326222,Moussa Okanla
Benin,434,BEN,2007,Mariam Aladji Boni Diallo,2006,2007,Q3291194,Mariam Aladji Boni Diallo
Benin,434,BEN,2008,Moussa Okanla,2007,2008,Q3326222,Moussa Okanla
Benin,434,BEN,2008,Jean-Marie Ehouzou,2008,2011,Q58254,Jean-Marie Ehouzou
Benin,434,BEN,2009,Jean-Marie Ehouzou,2008,2011,Q58254,Jean-Marie Ehouzou
Benin,434,BEN,2010,Jean-Marie Ehouzou,2008,2011,Q58254,Jean-Marie Ehouzou
Benin,434,BEN,2011,Nassirou Bako Arifari,2011,2015,Q16886636,
Benin,434,BEN,2011,Jean-Marie Ehouzou,2008,2011,Q58254,Jean-Marie Ehouzou
Benin,434,BEN,2012,Nassirou Bako Arifari,2011,2015,Q16886636,
Benin,434,BEN,2013,Nassirou Bako Arifari,2011,2015,Q16886636,
Benin,434,BEN,2014,Nassirou Bako Arifari,2011,2015,Q16886636,
Benin,434,BEN,2015,Nassirou Bako Arifari,2011,2015,Q16886636,
Benin,434,BEN,2015,Saliou Akadiri,2015,2016,Q20810391,Saliou Akadiri
Benin,434,BEN,2016,Saliou Akadiri,2015,2016,Q20810391,Saliou Akadiri
Benin,434,BEN,2016,Aurélien Agbénonci,2016,2019,Q16840908,Aurélien Agbénonci
Benin,434,BEN,2017,Aurélien Agbénonci,2016,2019,Q16840908,Aurélien Agbénonci
Benin,434,BEN,2018,Aurélien Agbénonci,2016,2019,Q16840908,Aurélien Agbénonci
Benin,434,BEN,2019,Aurélien Agbénonci,2016,2019,Q16840908,Aurélien Agbénonci
Bhutan,760,BTN,1972,Lyonpo Dawa Tsering,1972,1998,Q5242263,
Bhutan,760,BTN,1973,Lyonpo Dawa Tsering,1972,1998,Q5242263,
Bhutan,760,BTN,1974,Lyonpo Dawa Tsering,1972,1998,Q5242263,
Bhutan,760,BTN,1975,Lyonpo Dawa Tsering,1972,1998,Q5242263,
Bhutan,760,BTN,1976,Lyonpo Dawa Tsering,1972,1998,Q5242263,
Bhutan,760,BTN,1977,Lyonpo Dawa Tsering,1972,1998,Q5242263,
Bhutan,760,BTN,1978,Lyonpo Dawa Tsering,1972,1998,Q5242263,
Bhutan,760,BTN,1979,Lyonpo Dawa Tsering,1972,1998,Q5242263,
Bhutan,760,BTN,1980,Lyonpo Dawa Tsering,1972,1998,Q5242263,
Bhutan,760,BTN,1981,Lyonpo Dawa Tsering,1972,1998,Q5242263,
Bhutan,760,BTN,1982,Lyonpo Dawa Tsering,1972,1998,Q5242263,
Bhutan,760,BTN,1983,Lyonpo Dawa Tsering,1972,1998,Q5242263,
Bhutan,760,BTN,1984,Lyonpo Dawa Tsering,1972,1998,Q5242263,
Bhutan,760,BTN,1985,Lyonpo Dawa Tsering,1972,1998,Q5242263,
Bhutan,760,BTN,1986,Lyonpo Dawa Tsering,1972,1998,Q5242263,
Bhutan,760,BTN,1987,Lyonpo Dawa Tsering,1972,1998,Q5242263,
Bhutan,760,BTN,1988,Lyonpo Dawa Tsering,1972,1998,Q5242263,
Bhutan,760,BTN,1989,Lyonpo Dawa Tsering,1972,1998,Q5242263,
Bhutan,760,BTN,1990,Lyonpo Dawa Tsering,1972,1998,Q5242263,
Bhutan,760,BTN,1991,Lyonpo Dawa Tsering,1972,1998,Q5242263,
Bhutan,760,BTN,1992,Lyonpo Dawa Tsering,1972,1998,Q5242263,
Bhutan,760,BTN,1993,Lyonpo Dawa Tsering,1972,1998,Q5242263,
Bhutan,760,BTN,1994,Lyonpo Dawa Tsering,1972,1998,Q5242263,
Bhutan,760,BTN,1995,Lyonpo Dawa Tsering,1972,1998,Q5242263,
Bhutan,760,BTN,1996,Lyonpo Dawa Tsering,1972,1998,Q5242263,
Bhutan,760,BTN,1997,Lyonpo Dawa Tsering,1972,1998,Q5242263,
Bhutan,760,BTN,1998,Lyonpo Dawa Tsering,1972,1998,Q5242263,
Bhutan,760,BTN,1998,Lyonpo Jigmi Thinley,1998,2003,Q57677,
Bhutan,760,BTN,1999,Lyonpo Jigmi Thinley,1998,2003,Q57677,
Bhutan,760,BTN,2000,Lyonpo Jigmi Thinley,1998,2003,Q57677,
Bhutan,760,BTN,2001,Lyonpo Jigmi Thinley,1998,2003,Q57677,
Bhutan,760,BTN,2002,Lyonpo Jigmi Thinley,1998,2003,Q57677,
Bhutan,760,BTN,2003,Lyonpo Jigmi Thinley,1998,2003,Q57677,
Bhutan,760,BTN,2003,Lyonpo Khandu Wangchuk,2003,2007,Q441881,
Bhutan,760,BTN,2004,Lyonpo Khandu Wangchuk,2003,2007,Q441881,
Bhutan,760,BTN,2005,Lyonpo Khandu Wangchuk,2003,2007,Q441881,
Bhutan,760,BTN,2006,Lyonpo Khandu Wangchuk,2003,2007,Q441881,
Bhutan,760,BTN,2007,Yeshey Dorji,2007,2008,,
Bhutan,760,BTN,2007,Lyonpo Khandu Wangchuk,2003,2007,Q441881,
Bhutan,760,BTN,2008,Lyonpo Ugyen Tshering,2008,2013,Q58318,
Bhutan,760,BTN,2008,Yeshey Dorji,2007,2008,,
Bhutan,760,BTN,2009,Lyonpo Ugyen Tshering,2008,2013,Q58318,
Bhutan,760,BTN,2010,Lyonpo Ugyen Tshering,2008,2013,Q58318,
Bhutan,760,BTN,2011,Lyonpo Ugyen Tshering,2008,2013,Q58318,
Bhutan,760,BTN,2012,Lyonpo Ugyen Tshering,2008,2013,Q58318,
Bhutan,760,BTN,2013,Lyonpo Ugyen Tshering,2008,2013,Q58318,
Bhutan,760,BTN,2013,Lyonpo Rinzin Dorje,2013,2015,,
Bhutan,760,BTN,2014,Lyonpo Rinzin Dorje,2013,2015,,
Bhutan,760,BTN,2015,Lyonpo Rinzin Dorje,2013,2015,,
Bhutan,760,BTN,2015,Lyonpo Damcho Dorji,2015,2018,Q21037701,
Bhutan,760,BTN,2016,Lyonpo Damcho Dorji,2015,2018,Q21037701,
Bhutan,760,BTN,2017,Lyonpo Damcho Dorji,2015,2018,Q21037701,
Bhutan,760,BTN,2018,Lyonpo Damcho Dorji,2015,2018,Q21037701,
Bhutan,760,BTN,2018,Lyonpo Tandi Dorji,2018,2019,Q58422562,
Bhutan,760,BTN,2018,Dasho Tshering Wangchuk,2018,2018,Q56100719,Dasho Tshering Wangchuk
Bhutan,760,BTN,2019,Lyonpo Tandi Dorji,2018,2019,Q58422562,
Bolivia,145,BOL,1949,Alberto Saavedra Nogales,1949,1950,,
Bolivia,145,BOL,1950,Alberto Saavedra Nogales,1949,1950,,
Bolivia,145,BOL,1950,Pedro Zilveti Arce,1950,1951,Q54087263,Pedro Zilveti Arce
Bolivia,145,BOL,1951,Tomás Antonio Suárez Castedo,1951,1952,,
Bolivia,145,BOL,1951,Pedro Zilveti Arce,1950,1951,Q54087263,Pedro Zilveti Arce
Bolivia,145,BOL,1952,Wálter Guevara Arze,1952,1956,Q80924,
Bolivia,145,BOL,1952,Tomás Antonio Suárez Castedo,1951,1952,,
Bolivia,145,BOL,1953,Wálter Guevara Arze,1952,1956,Q80924,
Bolivia,145,BOL,1954,Wálter Guevara Arze,1952,1956,Q80924,
Bolivia,145,BOL,1955,Wálter Guevara Arze,1952,1956,Q80924,
Bolivia,145,BOL,1956,Manuel Barraú Peláez,1956,1958,,
Bolivia,145,BOL,1956,Wálter Guevara Arze,1952,1956,Q80924,
Bolivia,145,BOL,1957,Manuel Barraú Peláez,1956,1958,,
Bolivia,145,BOL,1958,Manuel Barraú Peláez,1956,1958,,
Bolivia,145,BOL,1958,Víctor Andrade Uzquiano,1958,1959,Q5696807,Víctor Andrade Uzquiano
Bolivia,145,BOL,1959,Wálter Guevara Arze,1959,1960,Q80924,
Bolivia,145,BOL,1959,Víctor Andrade Uzquiano,1958,1959,Q5696807,Víctor Andrade Uzquiano
Bolivia,145,BOL,1960,Eduardo Arze Quiroga,1960,1962,Q106612668,
Bolivia,145,BOL,1960,Wálter Guevara Arze,1959,1960,Q80924,
Bolivia,145,BOL,1960,Carlos Morales Guillén,1960,1960,,
Bolivia,145,BOL,1961,Eduardo Arze Quiroga,1960,1962,Q106612668,
Bolivia,145,BOL,1962,José Fellmann Velarde,1962,1964,Q25410745,
Bolivia,145,BOL,1962,Eduardo Arze Quiroga,1960,1962,Q106612668,
Bolivia,145,BOL,1963,José Fellmann Velarde,1962,1964,Q25410745,
Bolivia,145,BOL,1964,Joaquín Zenteno Anaya,1964,1966,Q15821092,
Bolivia,145,BOL,1964,José Fellmann Velarde,1962,1964,Q25410745,
Bolivia,145,BOL,1964,Fernando Iturralde Chinel,1964,1964,,
Bolivia,145,BOL,1965,Joaquín Zenteno Anaya,1964,1966,Q15821092,
Bolivia,145,BOL,1966,Alberto Crespo Gutiérrez,1966,1967,,
Bolivia,145,BOL,1966,Joaquín Zenteno Anaya,1964,1966,Q15821092,
Bolivia,145,BOL,1967,Alberto Crespo Gutiérrez,1966,1967,,
Bolivia,145,BOL,1967,Wálter Guevara Arze,1967,1968,Q80924,
Bolivia,145,BOL,1968,Wálter Guevara Arze,1967,1968,Q80924,
Bolivia,145,BOL,1968,Samuel Alcoreza Meneses,1968,1968,,
Bolivia,145,BOL,1968,Víctor Hoz de Vila Bacarreza,1968,1969,,
Bolivia,145,BOL,1969,César Ruiz Velarde,1969,1970,Q16629553,
Bolivia,145,BOL,1969,Gustavo Medeiros Querejazú,1969,1969,Q16669348,
Bolivia,145,BOL,1969,Víctor Hoz de Vila Bacarreza,1968,1969,,
Bolivia,145,BOL,1970,Emilio Molina Pizarro,1970,1971,Q16686379,
Bolivia,145,BOL,1970,César Ruiz Velarde,1969,1970,Q16629553,
Bolivia,145,BOL,1970,Edgar Camacho Omiste,1970,1970,Q16335430,
Bolivia,145,BOL,1971,Mario R. Gutiérrez Gutiérrez,1971,1973,,
Bolivia,145,BOL,1971,Emilio Molina Pizarro,1970,1971,Q16686379,
Bolivia,145,BOL,1971,Huáscar Taborga Torrico,1971,1971,Q16707067,
Bolivia,145,BOL,1972,Mario R. Gutiérrez Gutiérrez,1971,1973,,
Bolivia,145,BOL,1973,Alberto Guzmán Soriano,1973,1976,Q30688261,Alberto Guzmán Soriano
Bolivia,145,BOL,1973,Mario R. Gutiérrez Gutiérrez,1971,1973,,
Bolivia,145,BOL,1974,Alberto Guzmán Soriano,1973,1976,Q30688261,Alberto Guzmán Soriano
Bolivia,145,BOL,1975,Alberto Guzmán Soriano,1973,1976,Q30688261,Alberto Guzmán Soriano
Bolivia,145,BOL,1976,Óscar Adriázola Valda,1976,1978,,
Bolivia,145,BOL,1976,Alberto Guzmán Soriano,1973,1976,Q30688261,Alberto Guzmán Soriano
Bolivia,145,BOL,1977,Óscar Adriázola Valda,1976,1978,,
Bolivia,145,BOL,1978,Raúl Botelho Gosálvez,1978,1979,Q6101081,
Bolivia,145,BOL,1978,Óscar Adriázola Valda,1976,1978,,
Bolivia,145,BOL,1978,Ricardo Anaya Arze,1978,1978,,
Bolivia,145,BOL,1979,Julio Garret Ayllón,1979,1980,Q6309315,
Bolivia,145,BOL,1979,Raúl Botelho Gosálvez,1978,1979,Q6101081,
Bolivia,145,BOL,1979,Guillermo Bedregal Gutiérrez,1979,1979,,
Bolivia,145,BOL,1979,Jorge Escobari Cusicanqui,1979,1979,Q21484027,
Bolivia,145,BOL,1979,Gustavo Fernández Saavedra,1979,1979,,
Bolivia,145,BOL,1980,Gastón Araoz Levy,1980,1980,,
Bolivia,145,BOL,1980,Julio Garret Ayllón,1979,1980,Q6309315,
Bolivia,145,BOL,1980,Javier Cerruto Calderón de la Barca,1980,1981,Q16718095,
Bolivia,145,BOL,1981,Javier Cerruto Calderón de la Barca,1980,1981,Q16718095,
Bolivia,145,BOL,1981,Gonzalo Romero Álvarez García,1981,1982,Q5883247,
Bolivia,145,BOL,1981,Mario Rolón Anaya,1981,1981,Q5999014,Mario Rolón Anaya
Bolivia,145,BOL,1982,Gonzalo Romero Álvarez García,1981,1982,Q5883247,
Bolivia,145,BOL,1982,Agustín Saavedra Weise,1982,1982,Q4694699,Agustín Saavedra Weise
Bolivia,145,BOL,1982,Mario Velarde Dorado,1982,1983,,
Bolivia,145,BOL,1983,Mario Velarde Dorado,1982,1983,,
Bolivia,145,BOL,1983,José Ortiz Mercado,1983,1984,,
Bolivia,145,BOL,1983,Marcial Tamayo Sáenz,1983,1983,,
Bolivia,145,BOL,1984,Gustavo Fernández Saavedra,1984,1985,,
Bolivia,145,BOL,1984,José Ortiz Mercado,1983,1984,,
Bolivia,145,BOL,1985,Gustavo Fernández Saavedra,1984,1985,,
Bolivia,145,BOL,1985,Gastón Araoz Levy,1985,1986,,
Bolivia,145,BOL,1985,Antonio Sánchez,1985,1985,,
Bolivia,145,BOL,1985,Edgar Camacho Omiste,1985,1985,Q16335430,
Bolivia,145,BOL,1986,Gastón Araoz Levy,1985,1986,,
Bolivia,145,BOL,1986,Guillermo Bedregal Gutiérrez,1986,1989,,
Bolivia,145,BOL,1987,Guillermo Bedregal Gutiérrez,1986,1989,,
Bolivia,145,BOL,1988,Guillermo Bedregal Gutiérrez,1986,1989,,
Bolivia,145,BOL,1989,Carlos Iturralde Ballivián,1989,1992,,
Bolivia,145,BOL,1989,Guillermo Bedregal Gutiérrez,1986,1989,,
Bolivia,145,BOL,1989,Valentín Abecia Baldivieso,1989,1989,Q7910726,Valentín Abecia Baldivieso
Bolivia,145,BOL,1990,Carlos Iturralde Ballivián,1989,1992,,
Bolivia,145,BOL,1991,Carlos Iturralde Ballivián,1989,1992,,
Bolivia,145,BOL,1992,Carlos Iturralde Ballivián,1989,1992,,
Bolivia,145,BOL,1992,Ronald MacLean Abaroa,1992,1993,Q6111670,Ronald MacLean Abaroa
Bolivia,145,BOL,1993,Roberto Peña Rodríguez,1993,1993,,
Bolivia,145,BOL,1993,Antonio Araníbar Quiroga,1993,1997,,
Bolivia,145,BOL,1993,Ronald MacLean Abaroa,1992,1993,Q6111670,Ronald MacLean Abaroa
Bolivia,145,BOL,1994,Antonio Araníbar Quiroga,1993,1997,,
Bolivia,145,BOL,1995,Antonio Araníbar Quiroga,1993,1997,,
Bolivia,145,BOL,1996,Antonio Araníbar Quiroga,1993,1997,,
Bolivia,145,BOL,1997,Javier Murillo de la Rocha,1997,2001,,
Bolivia,145,BOL,1997,Antonio Araníbar Quiroga,1993,1997,,
Bolivia,145,BOL,1998,Javier Murillo de la Rocha,1997,2001,,
Bolivia,145,BOL,1999,Javier Murillo de la Rocha,1997,2001,,
Bolivia,145,BOL,2000,Javier Murillo de la Rocha,1997,2001,,
Bolivia,145,BOL,2001,Gustavo Fernández Saavedra,2001,2002,,
Bolivia,145,BOL,2001,Javier Murillo de la Rocha,1997,2001,,
Bolivia,145,BOL,2002,Gustavo Fernández Saavedra,2001,2002,,
Bolivia,145,BOL,2002,Carlos Saavedra Bruno,2002,2003,,
Bolivia,145,BOL,2003,Carlos Saavedra Bruno,2002,2003,,
Bolivia,145,BOL,2003,Juan Ignacio Siles,2003,2005,,
Bolivia,145,BOL,2004,Juan Ignacio Siles,2003,2005,,
Bolivia,145,BOL,2005,Juan Ignacio Siles,2003,2005,,
Bolivia,145,BOL,2005,Armando Loaiza,2005,2006,Q4792780,Armando Loaiza
Bolivia,145,BOL,2006,David Choquehuanca,2006,2017,Q58136,David Choquehuanca
Bolivia,145,BOL,2006,Armando Loaiza,2005,2006,Q4792780,Armando Loaiza
Bolivia,145,BOL,2007,David Choquehuanca,2006,2017,Q58136,David Choquehuanca
Bolivia,145,BOL,2008,David Choquehuanca,2006,2017,Q58136,David Choquehuanca
Bolivia,145,BOL,2009,David Choquehuanca,2006,2017,Q58136,David Choquehuanca
Bolivia,145,BOL,2010,David Choquehuanca,2006,2017,Q58136,David Choquehuanca
Bolivia,145,BOL,2011,David Choquehuanca,2006,2017,Q58136,David Choquehuanca
Bolivia,145,BOL,2012,David Choquehuanca,2006,2017,Q58136,David Choquehuanca
Bolivia,145,BOL,2013,David Choquehuanca,2006,2017,Q58136,David Choquehuanca
Bolivia,145,BOL,2014,David Choquehuanca,2006,2017,Q58136,David Choquehuanca
Bolivia,145,BOL,2015,David Choquehuanca,2006,2017,Q58136,David Choquehuanca
Bolivia,145,BOL,2016,David Choquehuanca,2006,2017,Q58136,David Choquehuanca
Bolivia,145,BOL,2017,David Choquehuanca,2006,2017,Q58136,David Choquehuanca
Bolivia,145,BOL,2017,Fernando Huanacuni,2017,2018,Q23907183,
Bolivia,145,BOL,2018,Fernando Huanacuni,2017,2018,Q23907183,
Bolivia,145,BOL,2018,Diego Pary,2018,2019,Q28648641,
Bolivia,145,BOL,2019,Diego Pary,2018,2019,Q28648641,
Bosnia and Herzegovina,346,BIH,1990,Haris Silajdzic,1990,1993,Q57381,Haris Silajdzic
Bosnia and Herzegovina,346,BIH,1991,Haris Silajdzic,1990,1993,Q57381,Haris Silajdzic
Bosnia and Herzegovina,346,BIH,1992,Haris Silajdzic,1990,1993,Q57381,Haris Silajdzic
Bosnia and Herzegovina,346,BIH,1993,Irfan Ljubijankic,1993,1995,Q1318064,
Bosnia and Herzegovina,346,BIH,1993,Haris Silajdzic,1990,1993,Q57381,Haris Silajdzic
Bosnia and Herzegovina,346,BIH,1994,Irfan Ljubijankic,1993,1995,Q1318064,
Bosnia and Herzegovina,346,BIH,1995,Muhamed Sacirbey,1995,1996,Q2309410,Muhamed Sacirbey
Bosnia and Herzegovina,346,BIH,1995,Irfan Ljubijankic,1993,1995,Q1318064,
Bosnia and Herzegovina,346,BIH,1996,Muhamed Sacirbey,1995,1996,Q2309410,Muhamed Sacirbey
Bosnia and Herzegovina,346,BIH,1996,Jadranko Prlic,1996,2001,Q1567559,
Bosnia and Herzegovina,346,BIH,1997,Jadranko Prlic,1996,2001,Q1567559,
Bosnia and Herzegovina,346,BIH,1998,Jadranko Prlic,1996,2001,Q1567559,
Bosnia and Herzegovina,346,BIH,1999,Jadranko Prlic,1996,2001,Q1567559,
Bosnia and Herzegovina,346,BIH,2000,Jadranko Prlic,1996,2001,Q1567559,
Bosnia and Herzegovina,346,BIH,2001,Zlatko Lagumdzija,2001,2003,Q58124,Zlatko Lagumdzija
Bosnia and Herzegovina,346,BIH,2001,Jadranko Prlic,1996,2001,Q1567559,
Bosnia and Herzegovina,346,BIH,2002,Zlatko Lagumdzija,2001,2003,Q58124,Zlatko Lagumdzija
Bosnia and Herzegovina,346,BIH,2003,Mladen Ivanic,2003,2007,Q944643,
Bosnia and Herzegovina,346,BIH,2003,Zlatko Lagumdzija,2001,2003,Q58124,Zlatko Lagumdzija
Bosnia and Herzegovina,346,BIH,2004,Mladen Ivanic,2003,2007,Q944643,
Bosnia and Herzegovina,346,BIH,2005,Mladen Ivanic,2003,2007,Q944643,
Bosnia and Herzegovina,346,BIH,2006,Mladen Ivanic,2003,2007,Q944643,
Bosnia and Herzegovina,346,BIH,2007,Sven Alkalaj,2007,2012,Q1396155,Sven Alkalaj
Bosnia and Herzegovina,346,BIH,2007,Mladen Ivanic,2003,2007,Q944643,
Bosnia and Herzegovina,346,BIH,2008,Sven Alkalaj,2007,2012,Q1396155,Sven Alkalaj
Bosnia and Herzegovina,346,BIH,2009,Sven Alkalaj,2007,2012,Q1396155,Sven Alkalaj
Bosnia and Herzegovina,346,BIH,2010,Sven Alkalaj,2007,2012,Q1396155,Sven Alkalaj
Bosnia and Herzegovina,346,BIH,2011,Sven Alkalaj,2007,2012,Q1396155,Sven Alkalaj
Bosnia and Herzegovina,346,BIH,2012,Sven Alkalaj,2007,2012,Q1396155,Sven Alkalaj
Bosnia and Herzegovina,346,BIH,2012,Zlatko Lagumdzija,2012,2015,Q58124,Zlatko Lagumdzija
Bosnia and Herzegovina,346,BIH,2013,Zlatko Lagumdzija,2012,2015,Q58124,Zlatko Lagumdzija
Bosnia and Herzegovina,346,BIH,2014,Zlatko Lagumdzija,2012,2015,Q58124,Zlatko Lagumdzija
Bosnia and Herzegovina,346,BIH,2015,Zlatko Lagumdzija,2012,2015,Q58124,Zlatko Lagumdzija
Bosnia and Herzegovina,346,BIH,2015,Igor Crnadak,2015,2019,Q19959221,Igor Crnadak
Bosnia and Herzegovina,346,BIH,2016,Igor Crnadak,2015,2019,Q19959221,Igor Crnadak
Bosnia and Herzegovina,346,BIH,2017,Igor Crnadak,2015,2019,Q19959221,Igor Crnadak
Bosnia and Herzegovina,346,BIH,2018,Igor Crnadak,2015,2019,Q19959221,Igor Crnadak
Bosnia and Herzegovina,346,BIH,2019,Igor Crnadak,2015,2019,Q19959221,Igor Crnadak
Botswana,571,BWA,1966,Moutlakgola P.K. Nwako,1966,1969,Q16092963,Moutlakgola P.K. Nwako
Botswana,571,BWA,1967,Moutlakgola P.K. Nwako,1966,1969,Q16092963,Moutlakgola P.K. Nwako
Botswana,571,BWA,1968,Moutlakgola P.K. Nwako,1966,1969,Q16092963,Moutlakgola P.K. Nwako
Botswana,571,BWA,1969,Edison Masisi,1969,1971,Q5338400,Edison Masisi
Botswana,571,BWA,1969,Moutlakgola P.K. Nwako,1966,1969,Q16092963,Moutlakgola P.K. Nwako
Botswana,571,BWA,1970,Edison Masisi,1969,1971,Q5338400,Edison Masisi
Botswana,571,BWA,1971,Edison Masisi,1969,1971,Q5338400,Edison Masisi
Botswana,571,BWA,1971,Bakwana Kgosidintsi Kgari,1971,1974,Q4849616,Bakwana Kgosidintsi Kgari
Botswana,571,BWA,1972,Bakwana Kgosidintsi Kgari,1971,1974,Q4849616,Bakwana Kgosidintsi Kgari
Botswana,571,BWA,1973,Bakwana Kgosidintsi Kgari,1971,1974,Q4849616,Bakwana Kgosidintsi Kgari
Botswana,571,BWA,1974,Bakwana Kgosidintsi Kgari,1971,1974,Q4849616,Bakwana Kgosidintsi Kgari
Botswana,571,BWA,1974,Archibald Mogwe,1974,1984,Q4786450,Archibald Mogwe
Botswana,571,BWA,1975,Archibald Mogwe,1974,1984,Q4786450,Archibald Mogwe
Botswana,571,BWA,1976,Archibald Mogwe,1974,1984,Q4786450,Archibald Mogwe
Botswana,571,BWA,1977,Archibald Mogwe,1974,1984,Q4786450,Archibald Mogwe
Botswana,571,BWA,1978,Archibald Mogwe,1974,1984,Q4786450,Archibald Mogwe
Botswana,571,BWA,1979,Archibald Mogwe,1974,1984,Q4786450,Archibald Mogwe
Botswana,571,BWA,1980,Archibald Mogwe,1974,1984,Q4786450,Archibald Mogwe
Botswana,571,BWA,1981,Archibald Mogwe,1974,1984,Q4786450,Archibald Mogwe
Botswana,571,BWA,1982,Archibald Mogwe,1974,1984,Q4786450,Archibald Mogwe
Botswana,571,BWA,1983,Archibald Mogwe,1974,1984,Q4786450,Archibald Mogwe
Botswana,571,BWA,1984,Archibald Mogwe,1974,1984,Q4786450,Archibald Mogwe
Botswana,571,BWA,1984,Gaositwe K.T. Chiepe,1984,1994,Q1493809,
Botswana,571,BWA,1985,Gaositwe K.T. Chiepe,1984,1994,Q1493809,
Botswana,571,BWA,1986,Gaositwe K.T. Chiepe,1984,1994,Q1493809,
Botswana,571,BWA,1987,Gaositwe K.T. Chiepe,1984,1994,Q1493809,
Botswana,571,BWA,1988,Gaositwe K.T. Chiepe,1984,1994,Q1493809,
Botswana,571,BWA,1989,Gaositwe K.T. Chiepe,1984,1994,Q1493809,
Botswana,571,BWA,1990,Gaositwe K.T. Chiepe,1984,1994,Q1493809,
Botswana,571,BWA,1991,Gaositwe K.T. Chiepe,1984,1994,Q1493809,
Botswana,571,BWA,1992,Gaositwe K.T. Chiepe,1984,1994,Q1493809,
Botswana,571,BWA,1993,Gaositwe K.T. Chiepe,1984,1994,Q1493809,
Botswana,571,BWA,1994,Mompati Merafhe,1994,2008,Q2436517,Mompati Merafhe
Botswana,571,BWA,1994,Gaositwe K.T. Chiepe,1984,1994,Q1493809,
Botswana,571,BWA,1995,Mompati Merafhe,1994,2008,Q2436517,Mompati Merafhe
Botswana,571,BWA,1996,Mompati Merafhe,1994,2008,Q2436517,Mompati Merafhe
Botswana,571,BWA,1997,Mompati Merafhe,1994,2008,Q2436517,Mompati Merafhe
Botswana,571,BWA,1998,Mompati Merafhe,1994,2008,Q2436517,Mompati Merafhe
Botswana,571,BWA,1999,Mompati Merafhe,1994,2008,Q2436517,Mompati Merafhe
Botswana,571,BWA,2000,Mompati Merafhe,1994,2008,Q2436517,Mompati Merafhe
Botswana,571,BWA,2001,Mompati Merafhe,1994,2008,Q2436517,Mompati Merafhe
Botswana,571,BWA,2002,Mompati Merafhe,1994,2008,Q2436517,Mompati Merafhe
Botswana,571,BWA,2003,Mompati Merafhe,1994,2008,Q2436517,Mompati Merafhe
Botswana,571,BWA,2004,Mompati Merafhe,1994,2008,Q2436517,Mompati Merafhe
Botswana,571,BWA,2005,Mompati Merafhe,1994,2008,Q2436517,Mompati Merafhe
Botswana,571,BWA,2006,Mompati Merafhe,1994,2008,Q2436517,Mompati Merafhe
Botswana,571,BWA,2007,Mompati Merafhe,1994,2008,Q2436517,Mompati Merafhe
Botswana,571,BWA,2008,Mompati Merafhe,1994,2008,Q2436517,Mompati Merafhe
Botswana,571,BWA,2008,Phandu Skelemani,2008,2014,Q58186,Phandu Skelemani
Botswana,571,BWA,2009,Phandu Skelemani,2008,2014,Q58186,Phandu Skelemani
Botswana,571,BWA,2010,Phandu Skelemani,2008,2014,Q58186,Phandu Skelemani
Botswana,571,BWA,2011,Phandu Skelemani,2008,2014,Q58186,Phandu Skelemani
Botswana,571,BWA,2012,Phandu Skelemani,2008,2014,Q58186,Phandu Skelemani
Botswana,571,BWA,2013,Phandu Skelemani,2008,2014,Q58186,Phandu Skelemani
Botswana,571,BWA,2014,Phandu Skelemani,2008,2014,Q58186,Phandu Skelemani
Botswana,571,BWA,2014,Pelonomi Venson-Moitoi,2014,2018,Q7161670,Pelonomi Venson-Moitoi
Botswana,571,BWA,2015,Pelonomi Venson-Moitoi,2014,2018,Q7161670,Pelonomi Venson-Moitoi
Botswana,571,BWA,2016,Pelonomi Venson-Moitoi,2014,2018,Q7161670,Pelonomi Venson-Moitoi
Botswana,571,BWA,2017,Pelonomi Venson-Moitoi,2014,2018,Q7161670,Pelonomi Venson-Moitoi
Botswana,571,BWA,2018,Vincent T. Seretse,2018,2019,Q59139097,Vincent T. Seretse
Botswana,571,BWA,2018,Pelonomi Venson-Moitoi,2014,2018,Q7161670,Pelonomi Venson-Moitoi
Botswana,571,BWA,2019,Vincent T. Seretse,2018,2019,Q59139097,Vincent T. Seretse
Brazil,140,BRA,1946,Raul Fernandes,1946,1951,Q10357597,Raul Fernandes
Brazil,140,BRA,1947,Raul Fernandes,1946,1951,Q10357597,Raul Fernandes
Brazil,140,BRA,1948,Raul Fernandes,1946,1951,Q10357597,Raul Fernandes
Brazil,140,BRA,1949,Raul Fernandes,1946,1951,Q10357597,Raul Fernandes
Brazil,140,BRA,1950,Raul Fernandes,1946,1951,Q10357597,Raul Fernandes
Brazil,140,BRA,1951,Raul Fernandes,1946,1951,Q10357597,Raul Fernandes
Brazil,140,BRA,1951,João Neves da Fontoura,1951,1953,Q636323,João Neves da Fontoura
Brazil,140,BRA,1952,João Neves da Fontoura,1951,1953,Q636323,João Neves da Fontoura
Brazil,140,BRA,1953,João Neves da Fontoura,1951,1953,Q636323,João Neves da Fontoura
Brazil,140,BRA,1953,Vicente Ráo,1953,1954,Q10390280,
Brazil,140,BRA,1953,Mário de Pimentel Brandão,1953,1953,Q1750226,Mário de Pimentel Brandão
Brazil,140,BRA,1954,Raul Fernandes,1954,1955,Q10357597,Raul Fernandes
Brazil,140,BRA,1954,Vicente Ráo,1953,1954,Q10390280,
Brazil,140,BRA,1955,Raul Fernandes,1954,1955,Q10357597,Raul Fernandes
Brazil,140,BRA,1955,José Carlos de Macedo Soares,1955,1958,Q10309146,José Carlos de Macedo Soares
Brazil,140,BRA,1956,José Carlos de Macedo Soares,1955,1958,Q10309146,José Carlos de Macedo Soares
Brazil,140,BRA,1957,José Carlos de Macedo Soares,1955,1958,Q10309146,José Carlos de Macedo Soares
Brazil,140,BRA,1958,José Carlos de Macedo Soares,1955,1958,Q10309146,José Carlos de Macedo Soares
Brazil,140,BRA,1958,Francisco Negrão de Lima,1958,1959,Q1442140,Francisco Negrão de Lima
Brazil,140,BRA,1959,Horácio Lafer,1959,1961,Q1791152,Horácio Lafer
Brazil,140,BRA,1959,Francisco Negrão de Lima,1958,1959,Q1442140,Francisco Negrão de Lima
Brazil,140,BRA,1960,Horácio Lafer,1959,1961,Q1791152,Horácio Lafer
Brazil,140,BRA,1961,Afonso Arinos de Mello Franco,1961,1961,Q327204,Afonso Arinos de Mello Franco
Brazil,140,BRA,1961,Francisco Clementino de San Tiago Dantas,1961,1962,Q1797481,
Brazil,140,BRA,1961,Horácio Lafer,1959,1961,Q1791152,Horácio Lafer
Brazil,140,BRA,1962,Francisco Clementino de San Tiago Dantas,1961,1962,Q1797481,
Brazil,140,BRA,1962,Afonso Arinos de Mello Franco,1962,1962,Q327204,Afonso Arinos de Mello Franco
Brazil,140,BRA,1962,Hermes Lima,1962,1963,Q1791147,Hermes Lima
Brazil,140,BRA,1963,Hermes Lima,1962,1963,Q1791147,Hermes Lima
Brazil,140,BRA,1963,João Augusto de Araújo Castro,1963,1964,Q6298022,João Augusto de Araújo Castro
Brazil,140,BRA,1963,Evandro Cavalcânti Lins e Silva,1963,1963,Q1790968,
Brazil,140,BRA,1964,João Augusto de Araújo Castro,1963,1964,Q6298022,João Augusto de Araújo Castro
Brazil,140,BRA,1964,Vasco Tristão Leitão da Cunha,1964,1966,Q10389316,
Brazil,140,BRA,1965,Vasco Tristão Leitão da Cunha,1964,1966,Q10389316,
Brazil,140,BRA,1966,Vasco Tristão Leitão da Cunha,1964,1966,Q10389316,
Brazil,140,BRA,1966,Juracy Montenegro Magalhães,1966,1967,Q5857404,Juracy Montenegro Magalhães
Brazil,140,BRA,1967,José de Magalhães Pinto,1967,1969,Q1791311,José de Magalhães Pinto
Brazil,140,BRA,1967,Juracy Montenegro Magalhães,1966,1967,Q5857404,Juracy Montenegro Magalhães
Brazil,140,BRA,1968,José de Magalhães Pinto,1967,1969,Q1791311,José de Magalhães Pinto
Brazil,140,BRA,1969,Mário Gibson Barboza,1969,1974,Q556575,
Brazil,140,BRA,1969,José de Magalhães Pinto,1967,1969,Q1791311,José de Magalhães Pinto
Brazil,140,BRA,1970,Mário Gibson Barboza,1969,1974,Q556575,
Brazil,140,BRA,1971,Mário Gibson Barboza,1969,1974,Q556575,
Brazil,140,BRA,1972,Mário Gibson Barboza,1969,1974,Q556575,
Brazil,140,BRA,1973,Mário Gibson Barboza,1969,1974,Q556575,
Brazil,140,BRA,1974,Antônio Francisco Azeredo da Silveira,1974,1979,Q4058284,Antônio Francisco Azeredo da Silveira
Brazil,140,BRA,1974,Mário Gibson Barboza,1969,1974,Q556575,
Brazil,140,BRA,1975,Antônio Francisco Azeredo da Silveira,1974,1979,Q4058284,Antônio Francisco Azeredo da Silveira
Brazil,140,BRA,1976,Antônio Francisco Azeredo da Silveira,1974,1979,Q4058284,Antônio Francisco Azeredo da Silveira
Brazil,140,BRA,1977,Antônio Francisco Azeredo da Silveira,1974,1979,Q4058284,Antônio Francisco Azeredo da Silveira
Brazil,140,BRA,1978,Antônio Francisco Azeredo da Silveira,1974,1979,Q4058284,Antônio Francisco Azeredo da Silveira
Brazil,140,BRA,1979,Antônio Francisco Azeredo da Silveira,1974,1979,Q4058284,Antônio Francisco Azeredo da Silveira
Brazil,140,BRA,1979,Ramiro Elysio Saraiva Guerreiro,1979,1985,Q965541,
Brazil,140,BRA,1980,Ramiro Elysio Saraiva Guerreiro,1979,1985,Q965541,
Brazil,140,BRA,1981,Ramiro Elysio Saraiva Guerreiro,1979,1985,Q965541,
Brazil,140,BRA,1982,Ramiro Elysio Saraiva Guerreiro,1979,1985,Q965541,
Brazil,140,BRA,1983,Ramiro Elysio Saraiva Guerreiro,1979,1985,Q965541,
Brazil,140,BRA,1984,Ramiro Elysio Saraiva Guerreiro,1979,1985,Q965541,
Brazil,140,BRA,1985,Olavo Egydio Setubal,1985,1986,Q1797226,
Brazil,140,BRA,1985,Ramiro Elysio Saraiva Guerreiro,1979,1985,Q965541,
Brazil,140,BRA,1986,Roberto Costa de Abreu Sodré,1986,1990,Q199617,
Brazil,140,BRA,1986,Olavo Egydio Setubal,1985,1986,Q1797226,
Brazil,140,BRA,1987,Roberto Costa de Abreu Sodré,1986,1990,Q199617,
Brazil,140,BRA,1988,Roberto Costa de Abreu Sodré,1986,1990,Q199617,
Brazil,140,BRA,1989,Roberto Costa de Abreu Sodré,1986,1990,Q199617,
Brazil,140,BRA,1990,Roberto Costa de Abreu Sodré,1986,1990,Q199617,
Brazil,140,BRA,1990,José Francisco Rezek,1990,1992,Q436024,José Francisco Rezek
Brazil,140,BRA,1991,José Francisco Rezek,1990,1992,Q436024,José Francisco Rezek
Brazil,140,BRA,1992,Fernando Henrique Cardoso,1992,1993,Q230578,Fernando Henrique Cardoso
Brazil,140,BRA,1992,José Francisco Rezek,1990,1992,Q436024,José Francisco Rezek
Brazil,140,BRA,1992,Celso Lafer,1992,1992,Q553013,Celso Lafer
Brazil,140,BRA,1993,Celso Amorim,1993,1995,Q1053159,Celso Amorim
Brazil,140,BRA,1993,Luiz Felipe Palmeira Lampreia,1993,1993,Q9025490,Luiz Felipe Palmeira Lampreia
Brazil,140,BRA,1993,Fernando Henrique Cardoso,1992,1993,Q230578,Fernando Henrique Cardoso
Brazil,140,BRA,1994,Celso Amorim,1993,1995,Q1053159,Celso Amorim
Brazil,140,BRA,1995,Luiz Felipe Palmeira Lampreia,1995,2001,Q9025490,Luiz Felipe Palmeira Lampreia
Brazil,140,BRA,1995,Celso Amorim,1993,1995,Q1053159,Celso Amorim
Brazil,140,BRA,1996,Luiz Felipe Palmeira Lampreia,1995,2001,Q9025490,Luiz Felipe Palmeira Lampreia
Brazil,140,BRA,1997,Luiz Felipe Palmeira Lampreia,1995,2001,Q9025490,Luiz Felipe Palmeira Lampreia
Brazil,140,BRA,1998,Luiz Felipe Palmeira Lampreia,1995,2001,Q9025490,Luiz Felipe Palmeira Lampreia
Brazil,140,BRA,1999,Luiz Felipe Palmeira Lampreia,1995,2001,Q9025490,Luiz Felipe Palmeira Lampreia
Brazil,140,BRA,2000,Luiz Felipe Palmeira Lampreia,1995,2001,Q9025490,Luiz Felipe Palmeira Lampreia
Brazil,140,BRA,2001,Celso Lafer,2001,2003,Q553013,Celso Lafer
Brazil,140,BRA,2001,Luiz Felipe Palmeira Lampreia,1995,2001,Q9025490,Luiz Felipe Palmeira Lampreia
Brazil,140,BRA,2001,Luiz Felipe de Seixas Corrêa,2001,2001,,
Brazil,140,BRA,2002,Celso Lafer,2001,2003,Q553013,Celso Lafer
Brazil,140,BRA,2003,Celso Amorim,2003,2011,Q1053159,Celso Amorim
Brazil,140,BRA,2003,Celso Lafer,2001,2003,Q553013,Celso Lafer
Brazil,140,BRA,2004,Celso Amorim,2003,2011,Q1053159,Celso Amorim
Brazil,140,BRA,2005,Celso Amorim,2003,2011,Q1053159,Celso Amorim
Brazil,140,BRA,2006,Celso Amorim,2003,2011,Q1053159,Celso Amorim
Brazil,140,BRA,2007,Celso Amorim,2003,2011,Q1053159,Celso Amorim
Brazil,140,BRA,2008,Celso Amorim,2003,2011,Q1053159,Celso Amorim
Brazil,140,BRA,2009,Celso Amorim,2003,2011,Q1053159,Celso Amorim
Brazil,140,BRA,2010,Celso Amorim,2003,2011,Q1053159,Celso Amorim
Brazil,140,BRA,2011,Celso Amorim,2003,2011,Q1053159,Celso Amorim
Brazil,140,BRA,2011,Antônio Patriota,2011,2013,Q58104,
Brazil,140,BRA,2012,Antônio Patriota,2011,2013,Q58104,
Brazil,140,BRA,2013,Antônio Patriota,2011,2013,Q58104,
Brazil,140,BRA,2013,Luiz Alberto Figueiredo,2013,2015,Q14699824,Luiz Alberto Figueiredo
Brazil,140,BRA,2014,Luiz Alberto Figueiredo,2013,2015,Q14699824,Luiz Alberto Figueiredo
Brazil,140,BRA,2015,Mauro Vieira,2015,2016,Q18708068,Mauro Vieira
Brazil,140,BRA,2015,Luiz Alberto Figueiredo,2013,2015,Q14699824,Luiz Alberto Figueiredo
Brazil,140,BRA,2016,José Serra,2016,2017,Q379563,José Serra
Brazil,140,BRA,2016,Mauro Vieira,2015,2016,Q18708068,Mauro Vieira
Brazil,140,BRA,2017,José Serra,2016,2017,Q379563,José Serra
Brazil,140,BRA,2017,Aloysio Nunes Ferreira Filho,2017,2019,Q9607654,
Brazil,140,BRA,2017,Marcos Galvão,2017,2017,Q29415803,
Brazil,140,BRA,2018,Aloysio Nunes Ferreira Filho,2017,2019,Q9607654,
Brazil,140,BRA,2019,Aloysio Nunes Ferreira Filho,2017,2019,Q9607654,
Brazil,140,BRA,2019,Ernesto Araújo,2019,2019,Q58642905,Ernesto Araújo
Brunei,835,BRN,1984,Pengiran Muda Mohamed Bolkiah,1984,2015,Q58233,
Brunei,835,BRN,1985,Pengiran Muda Mohamed Bolkiah,1984,2015,Q58233,
Brunei,835,BRN,1986,Pengiran Muda Mohamed Bolkiah,1984,2015,Q58233,
Brunei,835,BRN,1987,Pengiran Muda Mohamed Bolkiah,1984,2015,Q58233,
Brunei,835,BRN,1988,Pengiran Muda Mohamed Bolkiah,1984,2015,Q58233,
Brunei,835,BRN,1989,Pengiran Muda Mohamed Bolkiah,1984,2015,Q58233,
Brunei,835,BRN,1990,Pengiran Muda Mohamed Bolkiah,1984,2015,Q58233,
Brunei,835,BRN,1991,Pengiran Muda Mohamed Bolkiah,1984,2015,Q58233,
Brunei,835,BRN,1992,Pengiran Muda Mohamed Bolkiah,1984,2015,Q58233,
Brunei,835,BRN,1993,Pengiran Muda Mohamed Bolkiah,1984,2015,Q58233,
Brunei,835,BRN,1994,Pengiran Muda Mohamed Bolkiah,1984,2015,Q58233,
Brunei,835,BRN,1995,Pengiran Muda Mohamed Bolkiah,1984,2015,Q58233,
Brunei,835,BRN,1996,Pengiran Muda Mohamed Bolkiah,1984,2015,Q58233,
Brunei,835,BRN,1997,Pengiran Muda Mohamed Bolkiah,1984,2015,Q58233,
Brunei,835,BRN,1998,Pengiran Muda Mohamed Bolkiah,1984,2015,Q58233,
Brunei,835,BRN,1999,Pengiran Muda Mohamed Bolkiah,1984,2015,Q58233,
Brunei,835,BRN,2000,Pengiran Muda Mohamed Bolkiah,1984,2015,Q58233,
Brunei,835,BRN,2001,Pengiran Muda Mohamed Bolkiah,1984,2015,Q58233,
Brunei,835,BRN,2002,Pengiran Muda Mohamed Bolkiah,1984,2015,Q58233,
Brunei,835,BRN,2003,Pengiran Muda Mohamed Bolkiah,1984,2015,Q58233,
Brunei,835,BRN,2004,Pengiran Muda Mohamed Bolkiah,1984,2015,Q58233,
Brunei,835,BRN,2005,Pengiran Muda Mohamed Bolkiah,1984,2015,Q58233,
Brunei,835,BRN,2006,Pengiran Muda Mohamed Bolkiah,1984,2015,Q58233,
Brunei,835,BRN,2007,Pengiran Muda Mohamed Bolkiah,1984,2015,Q58233,
Brunei,835,BRN,2008,Pengiran Muda Mohamed Bolkiah,1984,2015,Q58233,
Brunei,835,BRN,2009,Pengiran Muda Mohamed Bolkiah,1984,2015,Q58233,
Brunei,835,BRN,2010,Pengiran Muda Mohamed Bolkiah,1984,2015,Q58233,
Brunei,835,BRN,2011,Pengiran Muda Mohamed Bolkiah,1984,2015,Q58233,
Brunei,835,BRN,2012,Pengiran Muda Mohamed Bolkiah,1984,2015,Q58233,
Brunei,835,BRN,2013,Pengiran Muda Mohamed Bolkiah,1984,2015,Q58233,
Brunei,835,BRN,2014,Pengiran Muda Mohamed Bolkiah,1984,2015,Q58233,
Brunei,835,BRN,2015,Sir Hassanal Bolkiah Mu´izzadin Waddaulah,2015,2019,Q57327,
Brunei,835,BRN,2015,Pengiran Muda Mohamed Bolkiah,1984,2015,Q58233,
Brunei,835,BRN,2016,Sir Hassanal Bolkiah Mu´izzadin Waddaulah,2015,2019,Q57327,
Brunei,835,BRN,2017,Sir Hassanal Bolkiah Mu´izzadin Waddaulah,2015,2019,Q57327,
Brunei,835,BRN,2018,Sir Hassanal Bolkiah Mu´izzadin Waddaulah,2015,2019,Q57327,
Brunei,835,BRN,2019,Sir Hassanal Bolkiah Mu´izzadin Waddaulah,2015,2019,Q57327,
Bulgaria,355,BGR,1949,Vladimir Poptomov,1949,1950,Q3399650,Vladimir Poptomov
Bulgaria,355,BGR,1950,Mincho Neychev,1950,1956,Q2547726,Mincho Neychev
Bulgaria,355,BGR,1950,Vladimir Poptomov,1949,1950,Q3399650,Vladimir Poptomov
Bulgaria,355,BGR,1951,Mincho Neychev,1950,1956,Q2547726,Mincho Neychev
Bulgaria,355,BGR,1952,Mincho Neychev,1950,1956,Q2547726,Mincho Neychev
Bulgaria,355,BGR,1953,Mincho Neychev,1950,1956,Q2547726,Mincho Neychev
Bulgaria,355,BGR,1954,Mincho Neychev,1950,1956,Q2547726,Mincho Neychev
Bulgaria,355,BGR,1955,Mincho Neychev,1950,1956,Q2547726,Mincho Neychev
Bulgaria,355,BGR,1956,Mincho Neychev,1950,1956,Q2547726,Mincho Neychev
Bulgaria,355,BGR,1956,Karlo Lukanov,1956,1962,Q1969393,Karlo Lukanov
Bulgaria,355,BGR,1957,Karlo Lukanov,1956,1962,Q1969393,Karlo Lukanov
Bulgaria,355,BGR,1958,Karlo Lukanov,1956,1962,Q1969393,Karlo Lukanov
Bulgaria,355,BGR,1959,Karlo Lukanov,1956,1962,Q1969393,Karlo Lukanov
Bulgaria,355,BGR,1960,Karlo Lukanov,1956,1962,Q1969393,Karlo Lukanov
Bulgaria,355,BGR,1961,Karlo Lukanov,1956,1962,Q1969393,Karlo Lukanov
Bulgaria,355,BGR,1962,Karlo Lukanov,1956,1962,Q1969393,Karlo Lukanov
Bulgaria,355,BGR,1962,Ivan Bashev,1962,1971,Q455499,
Bulgaria,355,BGR,1963,Ivan Bashev,1962,1971,Q455499,
Bulgaria,355,BGR,1964,Ivan Bashev,1962,1971,Q455499,
Bulgaria,355,BGR,1965,Ivan Bashev,1962,1971,Q455499,
Bulgaria,355,BGR,1966,Ivan Bashev,1962,1971,Q455499,
Bulgaria,355,BGR,1967,Ivan Bashev,1962,1971,Q455499,
Bulgaria,355,BGR,1968,Ivan Bashev,1962,1971,Q455499,
Bulgaria,355,BGR,1969,Ivan Bashev,1962,1971,Q455499,
Bulgaria,355,BGR,1970,Ivan Bashev,1962,1971,Q455499,
Bulgaria,355,BGR,1971,Ivan Bashev,1962,1971,Q455499,
Bulgaria,355,BGR,1971,Petur Mladenov,1971,1989,Q81144,
Bulgaria,355,BGR,1972,Petur Mladenov,1971,1989,Q81144,
Bulgaria,355,BGR,1973,Petur Mladenov,1971,1989,Q81144,
Bulgaria,355,BGR,1974,Petur Mladenov,1971,1989,Q81144,
Bulgaria,355,BGR,1975,Petur Mladenov,1971,1989,Q81144,
Bulgaria,355,BGR,1976,Petur Mladenov,1971,1989,Q81144,
Bulgaria,355,BGR,1977,Petur Mladenov,1971,1989,Q81144,
Bulgaria,355,BGR,1978,Petur Mladenov,1971,1989,Q81144,
Bulgaria,355,BGR,1979,Petur Mladenov,1971,1989,Q81144,
Bulgaria,355,BGR,1980,Petur Mladenov,1971,1989,Q81144,
Bulgaria,355,BGR,1981,Petur Mladenov,1971,1989,Q81144,
Bulgaria,355,BGR,1982,Petur Mladenov,1971,1989,Q81144,
Bulgaria,355,BGR,1983,Petur Mladenov,1971,1989,Q81144,
Bulgaria,355,BGR,1984,Petur Mladenov,1971,1989,Q81144,
Bulgaria,355,BGR,1985,Petur Mladenov,1971,1989,Q81144,
Bulgaria,355,BGR,1986,Petur Mladenov,1971,1989,Q81144,
Bulgaria,355,BGR,1987,Petur Mladenov,1971,1989,Q81144,
Bulgaria,355,BGR,1988,Petur Mladenov,1971,1989,Q81144,
Bulgaria,355,BGR,1989,Boiko Dimitrov,1989,1990,Q4161708,
Bulgaria,355,BGR,1989,Petur Mladenov,1971,1989,Q81144,
Bulgaria,355,BGR,1990,Viktor Vulkov,1990,1991,Q3657811,
Bulgaria,355,BGR,1990,Boiko Dimitrov,1989,1990,Q4161708,
Bulgaria,355,BGR,1990,Lyuben Gotsev,1990,1990,Q3657826,Lyuben Gotsev
Bulgaria,355,BGR,1991,Stoyan Ganev,1991,1992,Q563229,Stoyan Ganev
Bulgaria,355,BGR,1991,Viktor Vulkov,1990,1991,Q3657811,
Bulgaria,355,BGR,1992,Lyuben Berov,1992,1993,Q704197,Lyuben Berov
Bulgaria,355,BGR,1992,Stoyan Ganev,1991,1992,Q563229,Stoyan Ganev
Bulgaria,355,BGR,1993,Stanislav Daskalov,1993,1994,Q4155172,
Bulgaria,355,BGR,1993,Lyuben Berov,1992,1993,Q704197,Lyuben Berov
Bulgaria,355,BGR,1994,Stanislav Daskalov,1993,1994,Q4155172,
Bulgaria,355,BGR,1994,Ivan Stanchov,1994,1995,Q3623121,Ivan Stanchov
Bulgaria,355,BGR,1995,Georgi Pirinski,1995,1996,Q1509254,Georgi Pirinski
Bulgaria,355,BGR,1995,Ivan Stanchov,1994,1995,Q3623121,Ivan Stanchov
Bulgaria,355,BGR,1996,Georgi Pirinski,1995,1996,Q1509254,Georgi Pirinski
Bulgaria,355,BGR,1996,Irina Bokova,1996,1997,Q230850,Irina Bokova
Bulgaria,355,BGR,1997,Stoyan Stalev,1997,1997,Q455744,
Bulgaria,355,BGR,1997,Irina Bokova,1996,1997,Q230850,Irina Bokova
Bulgaria,355,BGR,1997,Nadezhda Mihailova,1997,2001,Q432093,Nadezhda Mihailova
Bulgaria,355,BGR,1998,Nadezhda Mihailova,1997,2001,Q432093,Nadezhda Mihailova
Bulgaria,355,BGR,1999,Nadezhda Mihailova,1997,2001,Q432093,Nadezhda Mihailova
Bulgaria,355,BGR,2000,Nadezhda Mihailova,1997,2001,Q432093,Nadezhda Mihailova
Bulgaria,355,BGR,2001,Solomon Passy,2001,2005,Q1371792,Solomon Passy
Bulgaria,355,BGR,2001,Nadezhda Mihailova,1997,2001,Q432093,Nadezhda Mihailova
Bulgaria,355,BGR,2002,Solomon Passy,2001,2005,Q1371792,Solomon Passy
Bulgaria,355,BGR,2003,Solomon Passy,2001,2005,Q1371792,Solomon Passy
Bulgaria,355,BGR,2004,Solomon Passy,2001,2005,Q1371792,Solomon Passy
Bulgaria,355,BGR,2005,Ivailo Kalfin,2005,2009,Q1281454,
Bulgaria,355,BGR,2005,Solomon Passy,2001,2005,Q1371792,Solomon Passy
Bulgaria,355,BGR,2006,Ivailo Kalfin,2005,2009,Q1281454,
Bulgaria,355,BGR,2007,Ivailo Kalfin,2005,2009,Q1281454,
Bulgaria,355,BGR,2008,Ivailo Kalfin,2005,2009,Q1281454,
Bulgaria,355,BGR,2009,Rumiana Jeleva,2009,2010,Q242313,Rumiana Jeleva
Bulgaria,355,BGR,2009,Ivailo Kalfin,2005,2009,Q1281454,
Bulgaria,355,BGR,2010,Nikolay Mladenov,2010,2013,Q58106,Nikolay Mladenov
Bulgaria,355,BGR,2010,Rumiana Jeleva,2009,2010,Q242313,Rumiana Jeleva
Bulgaria,355,BGR,2011,Nikolay Mladenov,2010,2013,Q58106,Nikolay Mladenov
Bulgaria,355,BGR,2012,Nikolay Mladenov,2010,2013,Q58106,Nikolay Mladenov
Bulgaria,355,BGR,2013,Nikolay Mladenov,2010,2013,Q58106,Nikolay Mladenov
Bulgaria,355,BGR,2013,Marin Raikov,2013,2013,Q7083153,
Bulgaria,355,BGR,2013,Kristian Vigenin,2013,2014,Q946742,Kristian Vigenin
Bulgaria,355,BGR,2014,Daniel Mitov,2014,2017,Q12277630,Daniel Mitov
Bulgaria,355,BGR,2014,Kristian Vigenin,2013,2014,Q946742,Kristian Vigenin
Bulgaria,355,BGR,2015,Daniel Mitov,2014,2017,Q12277630,Daniel Mitov
Bulgaria,355,BGR,2016,Daniel Mitov,2014,2017,Q12277630,Daniel Mitov
Bulgaria,355,BGR,2017,Daniel Mitov,2014,2017,Q12277630,Daniel Mitov
Bulgaria,355,BGR,2017,Radi Naidenov,2017,2017,Q12291935,Radi Naidenov
Bulgaria,355,BGR,2017,Ekaterina Zaharieva,2017,2019,Q12279576,
Bulgaria,355,BGR,2018,Ekaterina Zaharieva,2017,2019,Q12279576,
Bulgaria,355,BGR,2019,Ekaterina Zaharieva,2017,2019,Q12279576,
Burkina Faso,439,BFA,1960,Maurice Yaméogo,1960,1960,Q442765,Maurice Yaméogo
Burkina Faso,439,BFA,1960,Lompolo Koné,1960,1966,Q6669553,Lompolo Koné
Burkina Faso,439,BFA,1961,Lompolo Koné,1960,1966,Q6669553,Lompolo Koné
Burkina Faso,439,BFA,1962,Lompolo Koné,1960,1966,Q6669553,Lompolo Koné
Burkina Faso,439,BFA,1963,Lompolo Koné,1960,1966,Q6669553,Lompolo Koné
Burkina Faso,439,BFA,1964,Lompolo Koné,1960,1966,Q6669553,Lompolo Koné
Burkina Faso,439,BFA,1965,Lompolo Koné,1960,1966,Q6669553,Lompolo Koné
Burkina Faso,439,BFA,1966,Lompolo Koné,1960,1966,Q6669553,Lompolo Koné
Burkina Faso,439,BFA,1966,Sangoulé Lamizana,1966,1967,Q529272,Sangoulé Lamizana
Burkina Faso,439,BFA,1967,Malick Zoromé,1967,1971,Q16335573,
Burkina Faso,439,BFA,1967,Sangoulé Lamizana,1966,1967,Q529272,Sangoulé Lamizana
Burkina Faso,439,BFA,1968,Malick Zoromé,1967,1971,Q16335573,
Burkina Faso,439,BFA,1969,Malick Zoromé,1967,1971,Q16335573,
Burkina Faso,439,BFA,1970,Malick Zoromé,1967,1971,Q16335573,
Burkina Faso,439,BFA,1971,Joseph Conombo,1971,1974,Q619468,Joseph Conombo
Burkina Faso,439,BFA,1971,Malick Zoromé,1967,1971,Q16335573,
Burkina Faso,439,BFA,1972,Joseph Conombo,1971,1974,Q619468,Joseph Conombo
Burkina Faso,439,BFA,1973,Joseph Conombo,1971,1974,Q619468,Joseph Conombo
Burkina Faso,439,BFA,1974,Joseph Conombo,1971,1974,Q619468,Joseph Conombo
Burkina Faso,439,BFA,1974,Saye Zerbo,1974,1976,Q557941,Saye Zerbo
Burkina Faso,439,BFA,1975,Saye Zerbo,1974,1976,Q557941,Saye Zerbo
Burkina Faso,439,BFA,1976,Alfred Kabore,1976,1977,,
Burkina Faso,439,BFA,1976,Saye Zerbo,1974,1976,Q557941,Saye Zerbo
Burkina Faso,439,BFA,1977,Alfred Kabore,1976,1977,,
Burkina Faso,439,BFA,1977,Moussa Kargougou,1977,1980,Q16661913,
Burkina Faso,439,BFA,1978,Moussa Kargougou,1977,1980,Q16661913,
Burkina Faso,439,BFA,1979,Moussa Kargougou,1977,1980,Q16661913,
Burkina Faso,439,BFA,1980,Moussa Kargougou,1977,1980,Q16661913,
Burkina Faso,439,BFA,1980,Félix Tientarboum,1980,1982,Q1479524,
Burkina Faso,439,BFA,1981,Félix Tientarboum,1980,1982,Q1479524,
Burkina Faso,439,BFA,1982,Michel Kafando,1982,1983,Q16105972,Michel Kafando
Burkina Faso,439,BFA,1982,Félix Tientarboum,1980,1982,Q1479524,
Burkina Faso,439,BFA,1983,Michel Kafando,1982,1983,Q16105972,Michel Kafando
Burkina Faso,439,BFA,1983,Hama Arba Diallo,1983,1984,Q5643911,Hama Arba Diallo
Burkina Faso,439,BFA,1984,Hama Arba Diallo,1983,1984,Q5643911,Hama Arba Diallo
Burkina Faso,439,BFA,1984,Basile Guissou,1984,1986,,
Burkina Faso,439,BFA,1985,Basile Guissou,1984,1986,,
Burkina Faso,439,BFA,1986,Basile Guissou,1984,1986,,
Burkina Faso,439,BFA,1986,Léandre Bassolé,1986,1987,,
Burkina Faso,439,BFA,1987,Jean-Marc Palm,1987,1989,,
Burkina Faso,439,BFA,1987,Léandre Bassolé,1986,1987,,
Burkina Faso,439,BFA,1988,Jean-Marc Palm,1987,1989,,
Burkina Faso,439,BFA,1989,Issou Go,1989,1989,Q98844630,Issou Go
Burkina Faso,439,BFA,1989,Jean-Marc Palm,1987,1989,,
Burkina Faso,439,BFA,1989,Prosper Vokouma,1989,1991,Q7250881,Prosper Vokouma
Burkina Faso,439,BFA,1990,Prosper Vokouma,1989,1991,Q7250881,Prosper Vokouma
Burkina Faso,439,BFA,1991,Issa Dominique Konaté,1991,1992,Q98844623,Issa Dominique Konaté
Burkina Faso,439,BFA,1991,Prosper Vokouma,1989,1991,Q7250881,Prosper Vokouma
Burkina Faso,439,BFA,1992,Thomas Sanon,1992,1994,Q16116649,Thomas Sanon
Burkina Faso,439,BFA,1992,Issa Dominique Konaté,1991,1992,Q98844623,Issa Dominique Konaté
Burkina Faso,439,BFA,1993,Thomas Sanon,1992,1994,Q16116649,Thomas Sanon
Burkina Faso,439,BFA,1994,Thomas Sanon,1992,1994,Q16116649,Thomas Sanon
Burkina Faso,439,BFA,1994,Ablassé Ouedraogo,1994,1999,Q2821663,Ablassé Ouedraogo
Burkina Faso,439,BFA,1995,Ablassé Ouedraogo,1994,1999,Q2821663,Ablassé Ouedraogo
Burkina Faso,439,BFA,1996,Ablassé Ouedraogo,1994,1999,Q2821663,Ablassé Ouedraogo
Burkina Faso,439,BFA,1997,Ablassé Ouedraogo,1994,1999,Q2821663,Ablassé Ouedraogo
Burkina Faso,439,BFA,1998,Ablassé Ouedraogo,1994,1999,Q2821663,Ablassé Ouedraogo
Burkina Faso,439,BFA,1999,Youssouf Ouedraogo,1999,2007,Q58205,Youssouf Ouedraogo
Burkina Faso,439,BFA,1999,Ablassé Ouedraogo,1994,1999,Q2821663,Ablassé Ouedraogo
Burkina Faso,439,BFA,2000,Youssouf Ouedraogo,1999,2007,Q58205,Youssouf Ouedraogo
Burkina Faso,439,BFA,2001,Youssouf Ouedraogo,1999,2007,Q58205,Youssouf Ouedraogo
Burkina Faso,439,BFA,2002,Youssouf Ouedraogo,1999,2007,Q58205,Youssouf Ouedraogo
Burkina Faso,439,BFA,2003,Youssouf Ouedraogo,1999,2007,Q58205,Youssouf Ouedraogo
Burkina Faso,439,BFA,2004,Youssouf Ouedraogo,1999,2007,Q58205,Youssouf Ouedraogo
Burkina Faso,439,BFA,2005,Youssouf Ouedraogo,1999,2007,Q58205,Youssouf Ouedraogo
Burkina Faso,439,BFA,2006,Youssouf Ouedraogo,1999,2007,Q58205,Youssouf Ouedraogo
Burkina Faso,439,BFA,2007,Youssouf Ouedraogo,1999,2007,Q58205,Youssouf Ouedraogo
Burkina Faso,439,BFA,2007,Djibrill Bassolé,2007,2008,Q1232182,
Burkina Faso,439,BFA,2008,Djibrill Bassolé,2007,2008,Q1232182,
Burkina Faso,439,BFA,2008,Alain Bédouma Yoda,2008,2011,Q1723580,Alain Bédouma Yoda
Burkina Faso,439,BFA,2009,Alain Bédouma Yoda,2008,2011,Q1723580,Alain Bédouma Yoda
Burkina Faso,439,BFA,2010,Alain Bédouma Yoda,2008,2011,Q1723580,Alain Bédouma Yoda
Burkina Faso,439,BFA,2011,Alain Bédouma Yoda,2008,2011,Q1723580,Alain Bédouma Yoda
Burkina Faso,439,BFA,2011,Djibrill Bassolé,2011,2014,Q1232182,
Burkina Faso,439,BFA,2012,Djibrill Bassolé,2011,2014,Q1232182,
Burkina Faso,439,BFA,2013,Djibrill Bassolé,2011,2014,Q1232182,
Burkina Faso,439,BFA,2014,Michel Kafando,2014,2015,Q16105972,Michel Kafando
Burkina Faso,439,BFA,2014,Djibrill Bassolé,2011,2014,Q1232182,
Burkina Faso,439,BFA,2015,Moussa Nébié,2015,2016,Q21066017,Moussa Nébié
Burkina Faso,439,BFA,2015,Michel Kafando,2014,2015,Q16105972,Michel Kafando
Burkina Faso,439,BFA,2015,Moussa Nébié,2015,2015,Q21066017,Moussa Nébié
Burkina Faso,439,BFA,2016,Moussa Nébié,2015,2016,Q21066017,Moussa Nébié
Burkina Faso,439,BFA,2016,Alpha Barry,2016,2019,Q25115075,Alpha Barry
Burkina Faso,439,BFA,2017,Alpha Barry,2016,2019,Q25115075,Alpha Barry
Burkina Faso,439,BFA,2018,Alpha Barry,2016,2019,Q25115075,Alpha Barry
Burkina Faso,439,BFA,2019,Alpha Barry,2016,2019,Q25115075,Alpha Barry
Burundi,516,BDI,1962,Lorgio Nimubona,1962,1963,,
Burundi,516,BDI,1963,Lorgio Nimubona,1962,1963,,
Burundi,516,BDI,1964,Joseph Mbazumutima,1964,1965,,
Burundi,516,BDI,1965,Marc Manirakiza,1965,1966,,
Burundi,516,BDI,1965,Joseph Mbazumutima,1964,1965,,
Burundi,516,BDI,1966,Pie Masumbuko,1966,1967,Q720180,Pie Masumbuko
Burundi,516,BDI,1966,Marc Manirakiza,1965,1966,,
Burundi,516,BDI,1967,Prime Niyongabo,1967,1967,,
Burundi,516,BDI,1967,Lazare Ntawurishira,1967,1969,,
Burundi,516,BDI,1967,Michel Micombero,1967,1967,Q282359,Michel Micombero
Burundi,516,BDI,1967,Pie Masumbuko,1966,1967,Q720180,Pie Masumbuko
Burundi,516,BDI,1968,Lazare Ntawurishira,1967,1969,,
Burundi,516,BDI,1969,Libère Ndabakwaje,1969,1971,,
Burundi,516,BDI,1969,Lazare Ntawurishira,1967,1969,,
Burundi,516,BDI,1970,Libère Ndabakwaje,1969,1971,,
Burundi,516,BDI,1971,Libère Ndabakwaje,1969,1971,,
Burundi,516,BDI,1971,Artémon Simbananiye,1971,1974,,
Burundi,516,BDI,1972,Artémon Simbananiye,1971,1974,,
Burundi,516,BDI,1973,Artémon Simbananiye,1971,1974,,
Burundi,516,BDI,1974,Gilles Bimazubute,1974,1975,,
Burundi,516,BDI,1974,Artémon Simbananiye,1971,1974,,
Burundi,516,BDI,1975,Gilles Bimazubute,1974,1975,,
Burundi,516,BDI,1975,Melchior Bwakira,1975,1976,Q6812002,Melchior Bwakira
Burundi,516,BDI,1976,Melchior Bwakira,1975,1976,Q6812002,Melchior Bwakira
Burundi,516,BDI,1976,Albert Muganga,1976,1978,,
Burundi,516,BDI,1977,Albert Muganga,1976,1978,,
Burundi,516,BDI,1978,Albert Muganga,1976,1978,,
Burundi,516,BDI,1978,Édouard Nzambimana,1978,1982,Q274420,Édouard Nzambimana
Burundi,516,BDI,1979,Édouard Nzambimana,1978,1982,Q274420,Édouard Nzambimana
Burundi,516,BDI,1980,Édouard Nzambimana,1978,1982,Q274420,Édouard Nzambimana
Burundi,516,BDI,1981,Édouard Nzambimana,1978,1982,Q274420,Édouard Nzambimana
Burundi,516,BDI,1982,Laurent Nzeyimana,1982,1986,Q12351430,Laurent Nzeyimana
Burundi,516,BDI,1982,Édouard Nzambimana,1978,1982,Q274420,Édouard Nzambimana
Burundi,516,BDI,1983,Laurent Nzeyimana,1982,1986,Q12351430,Laurent Nzeyimana
Burundi,516,BDI,1984,Laurent Nzeyimana,1982,1986,Q12351430,Laurent Nzeyimana
Burundi,516,BDI,1985,Laurent Nzeyimana,1982,1986,Q12351430,Laurent Nzeyimana
Burundi,516,BDI,1986,Egide Nkuriyingoma,1986,1987,,
Burundi,516,BDI,1986,Laurent Nzeyimana,1982,1986,Q12351430,Laurent Nzeyimana
Burundi,516,BDI,1987,Cyprien Mbonimpa,1987,1992,,
Burundi,516,BDI,1987,Egide Nkuriyingoma,1986,1987,,
Burundi,516,BDI,1988,Cyprien Mbonimpa,1987,1992,,
Burundi,516,BDI,1989,Cyprien Mbonimpa,1987,1992,,
Burundi,516,BDI,1990,Cyprien Mbonimpa,1987,1992,,
Burundi,516,BDI,1991,Cyprien Mbonimpa,1987,1992,,
Burundi,516,BDI,1992,Libère Bararunyeretse,1992,1993,Q3237964,Libère Bararunyeretse
Burundi,516,BDI,1992,Cyprien Mbonimpa,1987,1992,,
Burundi,516,BDI,1993,Libère Bararunyeretse,1992,1993,Q3237964,Libère Bararunyeretse
Burundi,516,BDI,1993,Sylvestre Ntibantunganya,1993,1993,Q659640,Sylvestre Ntibantunganya
Burundi,516,BDI,1993,Jean-Marie Ngendahayo,1993,1995,Q98804483,
Burundi,516,BDI,1994,Jean-Marie Ngendahayo,1993,1995,Q98804483,
Burundi,516,BDI,1995,Jean-Marie Ngendahayo,1993,1995,Q98804483,
Burundi,516,BDI,1995,Vénérand Bakevyumusaya,1995,1996,Q7944527,Vénérand Bakevyumusaya
Burundi,516,BDI,1995,Paul Munyembari,1995,1995,Q98804644,Paul Munyembari
Burundi,516,BDI,1996,Luc Rukingama,1996,1998,Q98804622,Luc Rukingama
Burundi,516,BDI,1996,Vénérand Bakevyumusaya,1995,1996,Q7944527,Vénérand Bakevyumusaya
Burundi,516,BDI,1997,Luc Rukingama,1996,1998,Q98804622,Luc Rukingama
Burundi,516,BDI,1998,Séverin Ntahomvukiye,1998,2001,Q7457884,
Burundi,516,BDI,1998,Luc Rukingama,1996,1998,Q98804622,Luc Rukingama
Burundi,516,BDI,1999,Séverin Ntahomvukiye,1998,2001,Q7457884,
Burundi,516,BDI,2000,Séverin Ntahomvukiye,1998,2001,Q7457884,
Burundi,516,BDI,2001,Séverin Ntahomvukiye,1998,2001,Q7457884,
Burundi,516,BDI,2001,Thérence Sinunguruza,2001,2005,Q3527314,
Burundi,516,BDI,2002,Thérence Sinunguruza,2001,2005,Q3527314,
Burundi,516,BDI,2003,Thérence Sinunguruza,2001,2005,Q3527314,
Burundi,516,BDI,2004,Thérence Sinunguruza,2001,2005,Q3527314,
Burundi,516,BDI,2005,Thérence Sinunguruza,2001,2005,Q3527314,
Burundi,516,BDI,2005,Antoinette Batumubwira,2005,2009,Q2856973,Antoinette Batumubwira
Burundi,516,BDI,2006,Antoinette Batumubwira,2005,2009,Q2856973,Antoinette Batumubwira
Burundi,516,BDI,2007,Antoinette Batumubwira,2005,2009,Q2856973,Antoinette Batumubwira
Burundi,516,BDI,2008,Antoinette Batumubwira,2005,2009,Q2856973,Antoinette Batumubwira
Burundi,516,BDI,2009,Antoinette Batumubwira,2005,2009,Q2856973,Antoinette Batumubwira
Burundi,516,BDI,2009,Augustin Nsanze,2009,2011,Q767984,Augustin Nsanze
Burundi,516,BDI,2010,Augustin Nsanze,2009,2011,Q767984,Augustin Nsanze
Burundi,516,BDI,2011,Laurent Kavakure,2011,2015,Q6501150,Laurent Kavakure
Burundi,516,BDI,2011,Augustin Nsanze,2009,2011,Q767984,Augustin Nsanze
Burundi,516,BDI,2012,Laurent Kavakure,2011,2015,Q6501150,Laurent Kavakure
Burundi,516,BDI,2013,Laurent Kavakure,2011,2015,Q6501150,Laurent Kavakure
Burundi,516,BDI,2014,Laurent Kavakure,2011,2015,Q6501150,Laurent Kavakure
Burundi,516,BDI,2015,Laurent Kavakure,2011,2015,Q6501150,Laurent Kavakure
Burundi,516,BDI,2015,Alain Aimé Nyamitwe,2015,2018,Q27204810,Alain Aimé Nyamitwe
Burundi,516,BDI,2016,Alain Aimé Nyamitwe,2015,2018,Q27204810,Alain Aimé Nyamitwe
Burundi,516,BDI,2017,Alain Aimé Nyamitwe,2015,2018,Q27204810,Alain Aimé Nyamitwe
Burundi,516,BDI,2018,Alain Aimé Nyamitwe,2015,2018,Q27204810,Alain Aimé Nyamitwe
Burundi,516,BDI,2018,Ezéchiel Nibigira,2018,2019,Q5423116,
Burundi,516,BDI,2019,Ezéchiel Nibigira,2018,2019,Q5423116,
Cambodia,811,KHM,1957,Sim Var,1957,1958,Q9337018,Sim Var
Cambodia,811,KHM,1958,Son Sann,1958,1960,Q160027,Son Sann
Cambodia,811,KHM,1958,Sim Var,1957,1958,Q9337018,Sim Var
Cambodia,811,KHM,1958,Samdech Penn Nouth,1958,1958,Q2232418,Samdech Penn Nouth
Cambodia,811,KHM,1958,Truong Cang,1958,1958,Q64784809,Truong Cang
Cambodia,811,KHM,1959,Son Sann,1958,1960,Q160027,Son Sann
Cambodia,811,KHM,1960,Tep Phan,1960,1961,Q63216080,Tep Phan
Cambodia,811,KHM,1960,Son Sann,1958,1960,Q160027,Son Sann
Cambodia,811,KHM,1961,Nhiek Tioulong,1961,1962,Q3339377,Nhiek Tioulong
Cambodia,811,KHM,1961,Tep Phan,1960,1961,Q63216080,Tep Phan
Cambodia,811,KHM,1962,Prince Norodom Kantol,1962,1964,Q16856690,
Cambodia,811,KHM,1962,Nhiek Tioulong,1961,1962,Q3339377,Nhiek Tioulong
Cambodia,811,KHM,1963,Prince Norodom Kantol,1962,1964,Q16856690,
Cambodia,811,KHM,1964,Huot Sambath,1964,1964,,
Cambodia,811,KHM,1964,Prince Norodom Kantol,1962,1964,Q16856690,
Cambodia,811,KHM,1964,Koun Wick,1964,1965,Q16666522,Koun Wick
Cambodia,811,KHM,1965,Prince Norodom Kantol,1965,1966,Q16856690,
Cambodia,811,KHM,1965,Koun Wick,1964,1965,Q16666522,Koun Wick
Cambodia,811,KHM,1966,Prince Norodom Viriya,1966,1966,,
Cambodia,811,KHM,1966,Prince Norodom Phurissara,1966,1970,Q331330,
Cambodia,811,KHM,1966,Prince Norodom Kantol,1965,1966,Q16856690,
Cambodia,811,KHM,1967,Prince Norodom Phurissara,1966,1970,Q331330,
Cambodia,811,KHM,1968,Prince Norodom Phurissara,1966,1970,Q331330,
Cambodia,811,KHM,1969,Prince Norodom Phurissara,1966,1970,Q331330,
Cambodia,811,KHM,1970,Koun Wick,1970,1972,Q16666522,Koun Wick
Cambodia,811,KHM,1970,Prince Norodom Phurissara,1966,1970,Q331330,
Cambodia,811,KHM,1970,Yem Sambaur,1970,1970,Q4175345,Yem Sambaur
Cambodia,811,KHM,1971,Koun Wick,1970,1972,Q16666522,Koun Wick
Cambodia,811,KHM,1972,Son Ngoc Thanh,1972,1972,Q367210,Son Ngoc Thanh
Cambodia,811,KHM,1972,Long Boret,1972,1973,Q2641609,Long Boret
Cambodia,811,KHM,1972,Koun Wick,1970,1972,Q16666522,Koun Wick
Cambodia,811,KHM,1973,Keuky Lim,1973,1975,Q16663248,Keuky Lim
Cambodia,811,KHM,1973,Long Boret,1972,1973,Q2641609,Long Boret
Cambodia,811,KHM,1974,Keuky Lim,1973,1975,Q16663248,Keuky Lim
Cambodia,811,KHM,1975,Sarin Chhak,1975,1976,Q56665578,Sarin Chhak
Cambodia,811,KHM,1975,Keuky Lim,1973,1975,Q16663248,Keuky Lim
Cambodia,811,KHM,1976,Sarin Chhak,1975,1976,Q56665578,Sarin Chhak
Cambodia,811,KHM,1976,Ieng Sary,1976,1979,Q379232,Ieng Sary
Cambodia,811,KHM,1977,Ieng Sary,1976,1979,Q379232,Ieng Sary
Cambodia,811,KHM,1978,Ieng Sary,1976,1979,Q379232,Ieng Sary
Cambodia,811,KHM,1979,Ieng Sary,1976,1979,Q379232,Ieng Sary
Cambodia,811,KHM,1979,Hun Sen,1979,1986,Q57788,Hun Sen
Cambodia,811,KHM,1980,Hun Sen,1979,1986,Q57788,Hun Sen
Cambodia,811,KHM,1981,Hun Sen,1979,1986,Q57788,Hun Sen
Cambodia,811,KHM,1982,Hun Sen,1979,1986,Q57788,Hun Sen
Cambodia,811,KHM,1983,Hun Sen,1979,1986,Q57788,Hun Sen
Cambodia,811,KHM,1984,Hun Sen,1979,1986,Q57788,Hun Sen
Cambodia,811,KHM,1985,Hun Sen,1979,1986,Q57788,Hun Sen
Cambodia,811,KHM,1986,Hun Sen,1979,1986,Q57788,Hun Sen
Cambodia,811,KHM,1986,Kong Korm,1986,1987,Q16730977,Kong Korm
Cambodia,811,KHM,1987,Kong Korm,1986,1987,Q16730977,Kong Korm
Cambodia,811,KHM,1987,Hun Sen,1987,1990,Q57788,Hun Sen
Cambodia,811,KHM,1988,Hun Sen,1987,1990,Q57788,Hun Sen
Cambodia,811,KHM,1989,Hun Sen,1987,1990,Q57788,Hun Sen
Cambodia,811,KHM,1990,Hor Namhong,1990,1993,Q58287,Hor Namhong
Cambodia,811,KHM,1990,Hun Sen,1987,1990,Q57788,Hun Sen
Cambodia,811,KHM,1991,Hor Namhong,1990,1993,Q58287,Hor Namhong
Cambodia,811,KHM,1992,Hor Namhong,1990,1993,Q58287,Hor Namhong
Cambodia,811,KHM,1993,Hor Namhong,1990,1993,Q58287,Hor Namhong
Cambodia,811,KHM,1993,Prince Norodom Sirivudh,1993,1994,Q11792943,
Cambodia,811,KHM,1994,Ung Huot,1994,1998,Q7884430,Ung Huot
Cambodia,811,KHM,1994,Prince Norodom Sirivudh,1993,1994,Q11792943,
Cambodia,811,KHM,1995,Ung Huot,1994,1998,Q7884430,Ung Huot
Cambodia,811,KHM,1996,Ung Huot,1994,1998,Q7884430,Ung Huot
Cambodia,811,KHM,1997,Ung Huot,1994,1998,Q7884430,Ung Huot
Cambodia,811,KHM,1998,Hor Namhong,1998,2016,Q58287,Hor Namhong
Cambodia,811,KHM,1998,Ung Huot,1994,1998,Q7884430,Ung Huot
Cambodia,811,KHM,1999,Hor Namhong,1998,2016,Q58287,Hor Namhong
Cambodia,811,KHM,2000,Hor Namhong,1998,2016,Q58287,Hor Namhong
Cambodia,811,KHM,2001,Hor Namhong,1998,2016,Q58287,Hor Namhong
Cambodia,811,KHM,2002,Hor Namhong,1998,2016,Q58287,Hor Namhong
Cambodia,811,KHM,2003,Hor Namhong,1998,2016,Q58287,Hor Namhong
Cambodia,811,KHM,2004,Hor Namhong,1998,2016,Q58287,Hor Namhong
Cambodia,811,KHM,2005,Hor Namhong,1998,2016,Q58287,Hor Namhong
Cambodia,811,KHM,2006,Hor Namhong,1998,2016,Q58287,Hor Namhong
Cambodia,811,KHM,2007,Hor Namhong,1998,2016,Q58287,Hor Namhong
Cambodia,811,KHM,2008,Hor Namhong,1998,2016,Q58287,Hor Namhong
Cambodia,811,KHM,2009,Hor Namhong,1998,2016,Q58287,Hor Namhong
Cambodia,811,KHM,2010,Hor Namhong,1998,2016,Q58287,Hor Namhong
Cambodia,811,KHM,2011,Hor Namhong,1998,2016,Q58287,Hor Namhong
Cambodia,811,KHM,2012,Hor Namhong,1998,2016,Q58287,Hor Namhong
Cambodia,811,KHM,2013,Hor Namhong,1998,2016,Q58287,Hor Namhong
Cambodia,811,KHM,2014,Hor Namhong,1998,2016,Q58287,Hor Namhong
Cambodia,811,KHM,2015,Hor Namhong,1998,2016,Q58287,Hor Namhong
Cambodia,811,KHM,2016,Prak Sokhon,2016,2019,Q23771428,Prak Sokhon
Cambodia,811,KHM,2016,Hor Namhong,1998,2016,Q58287,Hor Namhong
Cambodia,811,KHM,2017,Prak Sokhon,2016,2019,Q23771428,Prak Sokhon
Cambodia,811,KHM,2018,Prak Sokhon,2016,2019,Q23771428,Prak Sokhon
Cambodia,811,KHM,2019,Prak Sokhon,2016,2019,Q23771428,Prak Sokhon
Cameroon,471,CMR,1960,Charles Okala,1960,1961,Q5081353,Charles Okala
Cameroon,471,CMR,1960,Ahmadou Ahidjo,1960,1960,Q298718,Ahmadou Ahidjo
Cameroon,471,CMR,1961,Charles Okala,1960,1961,Q5081353,Charles Okala
Cameroon,471,CMR,1961,Jean-Faustin Betayéné,1961,1963,Q70251062,
Cameroon,471,CMR,1962,Jean-Faustin Betayéné,1961,1963,Q70251062,
Cameroon,471,CMR,1963,Benoît Balla,1963,1965,Q70251067,
Cameroon,471,CMR,1963,Jean-Faustin Betayéné,1961,1963,Q70251062,
Cameroon,471,CMR,1964,Benoît Balla,1963,1965,Q70251067,
Cameroon,471,CMR,1965,Benoît Balla,1963,1965,Q70251067,
Cameroon,471,CMR,1965,Simon Nko'o Etoungou,1965,1966,Q70251156,
Cameroon,471,CMR,1966,Benoît Bindzi,1966,1968,,
Cameroon,471,CMR,1966,Simon Nko'o Etoungou,1965,1966,Q70251156,
Cameroon,471,CMR,1967,Benoît Bindzi,1966,1968,,
Cameroon,471,CMR,1968,Simon Nko'o Etoungou,1968,1970,Q70251156,
Cameroon,471,CMR,1968,Benoît Bindzi,1966,1968,,
Cameroon,471,CMR,1969,Simon Nko'o Etoungou,1968,1970,Q70251156,
Cameroon,471,CMR,1970,Simon Nko'o Etoungou,1968,1970,Q70251156,
Cameroon,471,CMR,1970,Raymond N'Thepe,1970,1971,,
Cameroon,471,CMR,1971,Raymond N'Thepe,1970,1971,,
Cameroon,471,CMR,1971,Jean Keutcha,1971,1972,Q24203087,Jean Keutcha
Cameroon,471,CMR,1972,Vincent Efon,1972,1975,Q20995542,Vincent Efon
Cameroon,471,CMR,1972,Jean Keutcha,1971,1972,Q24203087,Jean Keutcha
Cameroon,471,CMR,1973,Vincent Efon,1972,1975,Q20995542,Vincent Efon
Cameroon,471,CMR,1974,Vincent Efon,1972,1975,Q20995542,Vincent Efon
Cameroon,471,CMR,1975,Vincent Efon,1972,1975,Q20995542,Vincent Efon
Cameroon,471,CMR,1975,Jean Keutcha,1975,1980,Q24203087,Jean Keutcha
Cameroon,471,CMR,1976,Jean Keutcha,1975,1980,Q24203087,Jean Keutcha
Cameroon,471,CMR,1977,Jean Keutcha,1975,1980,Q24203087,Jean Keutcha
Cameroon,471,CMR,1978,Jean Keutcha,1975,1980,Q24203087,Jean Keutcha
Cameroon,471,CMR,1979,Jean Keutcha,1975,1980,Q24203087,Jean Keutcha
Cameroon,471,CMR,1980,Jean Keutcha,1975,1980,Q24203087,Jean Keutcha
Cameroon,471,CMR,1980,Paul Dontsop,1980,1983,,
Cameroon,471,CMR,1981,Paul Dontsop,1980,1983,,
Cameroon,471,CMR,1982,Paul Dontsop,1980,1983,,
Cameroon,471,CMR,1983,Paul Dontsop,1980,1983,,
Cameroon,471,CMR,1983,Félix Tonye Mbog,1983,1984,Q36697084,
Cameroon,471,CMR,1984,William Eteki,1984,1987,Q3467356,
Cameroon,471,CMR,1984,Félix Tonye Mbog,1983,1984,Q36697084,
Cameroon,471,CMR,1985,William Eteki,1984,1987,Q3467356,
Cameroon,471,CMR,1986,William Eteki,1984,1987,Q3467356,
Cameroon,471,CMR,1987,William Eteki,1984,1987,Q3467356,
Cameroon,471,CMR,1987,Philippe Mataga,1987,1988,,
Cameroon,471,CMR,1988,Jacques Roger Booh Booh,1988,1992,Q6120359,
Cameroon,471,CMR,1988,Philippe Mataga,1987,1988,,
Cameroon,471,CMR,1989,Jacques Roger Booh Booh,1988,1992,Q6120359,
Cameroon,471,CMR,1990,Jacques Roger Booh Booh,1988,1992,Q6120359,
Cameroon,471,CMR,1991,Jacques Roger Booh Booh,1988,1992,Q6120359,
Cameroon,471,CMR,1992,Jacques Roger Booh Booh,1988,1992,Q6120359,
Cameroon,471,CMR,1992,Ferdinand Léopold Oyono,1992,1997,Q1000379,
Cameroon,471,CMR,1993,Ferdinand Léopold Oyono,1992,1997,Q1000379,
Cameroon,471,CMR,1994,Ferdinand Léopold Oyono,1992,1997,Q1000379,
Cameroon,471,CMR,1995,Ferdinand Léopold Oyono,1992,1997,Q1000379,
Cameroon,471,CMR,1996,Ferdinand Léopold Oyono,1992,1997,Q1000379,
Cameroon,471,CMR,1997,Augustin Kontchou Kouomegni,1997,2001,Q4821116,Augustin Kontchou Kouomegni
Cameroon,471,CMR,1997,Ferdinand Léopold Oyono,1992,1997,Q1000379,
Cameroon,471,CMR,1998,Augustin Kontchou Kouomegni,1997,2001,Q4821116,Augustin Kontchou Kouomegni
Cameroon,471,CMR,1999,Augustin Kontchou Kouomegni,1997,2001,Q4821116,Augustin Kontchou Kouomegni
Cameroon,471,CMR,2000,Augustin Kontchou Kouomegni,1997,2001,Q4821116,Augustin Kontchou Kouomegni
Cameroon,471,CMR,2001,Augustin Kontchou Kouomegni,1997,2001,Q4821116,Augustin Kontchou Kouomegni
Cameroon,471,CMR,2001,François Xavier Ngoubeyou,2001,2004,Q98815574,
Cameroon,471,CMR,2002,François Xavier Ngoubeyou,2001,2004,Q98815574,
Cameroon,471,CMR,2003,François Xavier Ngoubeyou,2001,2004,Q98815574,
Cameroon,471,CMR,2004,Laurent Esso,2004,2006,Q3219209,Laurent Esso
Cameroon,471,CMR,2004,François Xavier Ngoubeyou,2001,2004,Q98815574,
Cameroon,471,CMR,2005,Laurent Esso,2004,2006,Q3219209,Laurent Esso
Cameroon,471,CMR,2006,Jean-Marie Atangana Mebara,2006,2007,Q3167555,Jean-Marie Atangana Mebara
Cameroon,471,CMR,2006,Laurent Esso,2004,2006,Q3219209,Laurent Esso
Cameroon,471,CMR,2007,Henri Eyebe Ayissi,2007,2011,Q58236,Henri Eyebe Ayissi
Cameroon,471,CMR,2007,Jean-Marie Atangana Mebara,2006,2007,Q3167555,Jean-Marie Atangana Mebara
Cameroon,471,CMR,2008,Henri Eyebe Ayissi,2007,2011,Q58236,Henri Eyebe Ayissi
Cameroon,471,CMR,2009,Henri Eyebe Ayissi,2007,2011,Q58236,Henri Eyebe Ayissi
Cameroon,471,CMR,2010,Henri Eyebe Ayissi,2007,2011,Q58236,Henri Eyebe Ayissi
Cameroon,471,CMR,2011,Pierre Moukoko Mbonjo,2011,2015,Q17306253,Pierre Moukoko Mbonjo
Cameroon,471,CMR,2011,Henri Eyebe Ayissi,2007,2011,Q58236,Henri Eyebe Ayissi
Cameroon,471,CMR,2012,Pierre Moukoko Mbonjo,2011,2015,Q17306253,Pierre Moukoko Mbonjo
Cameroon,471,CMR,2013,Pierre Moukoko Mbonjo,2011,2015,Q17306253,Pierre Moukoko Mbonjo
Cameroon,471,CMR,2014,Pierre Moukoko Mbonjo,2011,2015,Q17306253,Pierre Moukoko Mbonjo
Cameroon,471,CMR,2015,Pierre Moukoko Mbonjo,2011,2015,Q17306253,Pierre Moukoko Mbonjo
Cameroon,471,CMR,2015,Lejeune Mbella Mbella,2015,2019,Q16654676,Lejeune Mbella Mbella
Cameroon,471,CMR,2016,Lejeune Mbella Mbella,2015,2019,Q16654676,Lejeune Mbella Mbella
Cameroon,471,CMR,2017,Lejeune Mbella Mbella,2015,2019,Q16654676,Lejeune Mbella Mbella
Cameroon,471,CMR,2018,Lejeune Mbella Mbella,2015,2019,Q16654676,Lejeune Mbella Mbella
Cameroon,471,CMR,2019,Lejeune Mbella Mbella,2015,2019,Q16654676,Lejeune Mbella Mbella
Canada,20,CAN,1948,Lester B. Pearson,1948,1957,Q128604,Lester B. Pearson
Canada,20,CAN,1949,Lester B. Pearson,1948,1957,Q128604,Lester B. Pearson
Canada,20,CAN,1950,Lester B. Pearson,1948,1957,Q128604,Lester B. Pearson
Canada,20,CAN,1951,Lester B. Pearson,1948,1957,Q128604,Lester B. Pearson
Canada,20,CAN,1952,Lester B. Pearson,1948,1957,Q128604,Lester B. Pearson
Canada,20,CAN,1953,Lester B. Pearson,1948,1957,Q128604,Lester B. Pearson
Canada,20,CAN,1954,Lester B. Pearson,1948,1957,Q128604,Lester B. Pearson
Canada,20,CAN,1955,Lester B. Pearson,1948,1957,Q128604,Lester B. Pearson
Canada,20,CAN,1956,Lester B. Pearson,1948,1957,Q128604,Lester B. Pearson
Canada,20,CAN,1957,John G. Diefenbaker,1957,1957,Q128614,John G. Diefenbaker
Canada,20,CAN,1957,Lester B. Pearson,1948,1957,Q128604,Lester B. Pearson
Canada,20,CAN,1957,Sidney Earle Smith,1957,1959,Q1356090,Sidney Earle Smith
Canada,20,CAN,1958,Sidney Earle Smith,1957,1959,Q1356090,Sidney Earle Smith
Canada,20,CAN,1959,John G. Diefenbaker,1959,1959,Q128614,John G. Diefenbaker
Canada,20,CAN,1959,Howard Charles Green,1959,1963,Q5919297,Howard Charles Green
Canada,20,CAN,1959,Sidney Earle Smith,1957,1959,Q1356090,Sidney Earle Smith
Canada,20,CAN,1960,Howard Charles Green,1959,1963,Q5919297,Howard Charles Green
Canada,20,CAN,1961,Howard Charles Green,1959,1963,Q5919297,Howard Charles Green
Canada,20,CAN,1962,Howard Charles Green,1959,1963,Q5919297,Howard Charles Green
Canada,20,CAN,1963,Howard Charles Green,1959,1963,Q5919297,Howard Charles Green
Canada,20,CAN,1963,Paul Martin,1963,1968,Q524772,Paul Martin
Canada,20,CAN,1964,Paul Martin,1963,1968,Q524772,Paul Martin
Canada,20,CAN,1965,Paul Martin,1963,1968,Q524772,Paul Martin
Canada,20,CAN,1966,Paul Martin,1963,1968,Q524772,Paul Martin
Canada,20,CAN,1967,Paul Martin,1963,1968,Q524772,Paul Martin
Canada,20,CAN,1968,Paul Martin,1963,1968,Q524772,Paul Martin
Canada,20,CAN,1968,Mitchell Sharp,1968,1974,Q456527,Mitchell Sharp
Canada,20,CAN,1969,Mitchell Sharp,1968,1974,Q456527,Mitchell Sharp
Canada,20,CAN,1970,Mitchell Sharp,1968,1974,Q456527,Mitchell Sharp
Canada,20,CAN,1971,Mitchell Sharp,1968,1974,Q456527,Mitchell Sharp
Canada,20,CAN,1972,Mitchell Sharp,1968,1974,Q456527,Mitchell Sharp
Canada,20,CAN,1973,Mitchell Sharp,1968,1974,Q456527,Mitchell Sharp
Canada,20,CAN,1974,Allan MacEachen,1974,1976,Q740733,Allan MacEachen
Canada,20,CAN,1974,Mitchell Sharp,1968,1974,Q456527,Mitchell Sharp
Canada,20,CAN,1975,Allan MacEachen,1974,1976,Q740733,Allan MacEachen
Canada,20,CAN,1976,Donald Campbell Jamieson,1976,1979,Q1239989,
Canada,20,CAN,1976,Allan MacEachen,1974,1976,Q740733,Allan MacEachen
Canada,20,CAN,1977,Donald Campbell Jamieson,1976,1979,Q1239989,
Canada,20,CAN,1978,Donald Campbell Jamieson,1976,1979,Q1239989,
Canada,20,CAN,1979,Flora MacDonald,1979,1980,Q1429267,Flora MacDonald
Canada,20,CAN,1979,Donald Campbell Jamieson,1976,1979,Q1239989,
Canada,20,CAN,1980,Flora MacDonald,1979,1980,Q1429267,Flora MacDonald
Canada,20,CAN,1980,Mark MacGuigan,1980,1982,Q176944,Mark MacGuigan
Canada,20,CAN,1981,Mark MacGuigan,1980,1982,Q176944,Mark MacGuigan
Canada,20,CAN,1982,Mark MacGuigan,1980,1982,Q176944,Mark MacGuigan
Canada,20,CAN,1982,Allan MacEachen,1982,1984,Q740733,Allan MacEachen
Canada,20,CAN,1983,Allan MacEachen,1982,1984,Q740733,Allan MacEachen
Canada,20,CAN,1984,Joe Clark,1984,1991,Q128574,Joe Clark
Canada,20,CAN,1984,Jean Chrétien,1984,1984,Q128543,Jean Chrétien
Canada,20,CAN,1984,Allan MacEachen,1982,1984,Q740733,Allan MacEachen
Canada,20,CAN,1985,Joe Clark,1984,1991,Q128574,Joe Clark
Canada,20,CAN,1986,Joe Clark,1984,1991,Q128574,Joe Clark
Canada,20,CAN,1987,Joe Clark,1984,1991,Q128574,Joe Clark
Canada,20,CAN,1988,Joe Clark,1984,1991,Q128574,Joe Clark
Canada,20,CAN,1989,Joe Clark,1984,1991,Q128574,Joe Clark
Canada,20,CAN,1990,Joe Clark,1984,1991,Q128574,Joe Clark
Canada,20,CAN,1991,Barbara McDougall,1991,1993,Q807555,Barbara McDougall
Canada,20,CAN,1991,Joe Clark,1984,1991,Q128574,Joe Clark
Canada,20,CAN,1992,Barbara McDougall,1991,1993,Q807555,Barbara McDougall
Canada,20,CAN,1993,Perrin Beatty,1993,1993,Q7169629,Perrin Beatty
Canada,20,CAN,1993,Barbara McDougall,1991,1993,Q807555,Barbara McDougall
Canada,20,CAN,1993,André Ouellet,1993,1996,Q522169,André Ouellet
Canada,20,CAN,1994,André Ouellet,1993,1996,Q522169,André Ouellet
Canada,20,CAN,1995,André Ouellet,1993,1996,Q522169,André Ouellet
Canada,20,CAN,1996,André Ouellet,1993,1996,Q522169,André Ouellet
Canada,20,CAN,1996,Lloyd Axworthy,1996,2000,Q556027,Lloyd Axworthy
Canada,20,CAN,1997,Lloyd Axworthy,1996,2000,Q556027,Lloyd Axworthy
Canada,20,CAN,1998,Lloyd Axworthy,1996,2000,Q556027,Lloyd Axworthy
Canada,20,CAN,1999,Lloyd Axworthy,1996,2000,Q556027,Lloyd Axworthy
Canada,20,CAN,2000,Lloyd Axworthy,1996,2000,Q556027,Lloyd Axworthy
Canada,20,CAN,2000,John Manley,2000,2002,Q1389967,John Manley
Canada,20,CAN,2001,John Manley,2000,2002,Q1389967,John Manley
Canada,20,CAN,2002,John Manley,2000,2002,Q1389967,John Manley
Canada,20,CAN,2002,Bill Graham,2002,2004,Q956335,Bill Graham
Canada,20,CAN,2003,Bill Graham,2002,2004,Q956335,Bill Graham
Canada,20,CAN,2004,Pierre Pettigrew,2004,2006,Q3386594,Pierre Pettigrew
Canada,20,CAN,2004,Bill Graham,2002,2004,Q956335,Bill Graham
Canada,20,CAN,2005,Pierre Pettigrew,2004,2006,Q3386594,Pierre Pettigrew
Canada,20,CAN,2006,Peter MacKay,2006,2007,Q716246,Peter MacKay
Canada,20,CAN,2006,Pierre Pettigrew,2004,2006,Q3386594,Pierre Pettigrew
Canada,20,CAN,2007,Peter MacKay,2006,2007,Q716246,Peter MacKay
Canada,20,CAN,2007,Maxime Bernier,2007,2008,Q516940,Maxime Bernier
Canada,20,CAN,2008,Lawrence Cannon,2008,2011,Q517540,Lawrence Cannon
Canada,20,CAN,2008,David Emerson,2008,2008,Q338628,David Emerson
Canada,20,CAN,2008,Maxime Bernier,2007,2008,Q516940,Maxime Bernier
Canada,20,CAN,2009,Lawrence Cannon,2008,2011,Q517540,Lawrence Cannon
Canada,20,CAN,2010,Lawrence Cannon,2008,2011,Q517540,Lawrence Cannon
Canada,20,CAN,2011,John Baird,2011,2015,Q365736,John Baird
Canada,20,CAN,2011,Lawrence Cannon,2008,2011,Q517540,Lawrence Cannon
Canada,20,CAN,2012,John Baird,2011,2015,Q365736,John Baird
Canada,20,CAN,2013,John Baird,2011,2015,Q365736,John Baird
Canada,20,CAN,2014,John Baird,2011,2015,Q365736,John Baird
Canada,20,CAN,2015,Rob Nicholson,2015,2015,Q1566929,Rob Nicholson
Canada,20,CAN,2015,Edward Fast,2015,2015,Q3047171,
Canada,20,CAN,2015,John Baird,2011,2015,Q365736,John Baird
Canada,20,CAN,2015,Stéphane Dion,2015,2017,Q366456,Stéphane Dion
Canada,20,CAN,2016,Stéphane Dion,2015,2017,Q366456,Stéphane Dion
Canada,20,CAN,2017,Chrystia Freeland,2017,2019,Q4492815,Chrystia Freeland
Canada,20,CAN,2017,Stéphane Dion,2015,2017,Q366456,Stéphane Dion
Canada,20,CAN,2018,Chrystia Freeland,2017,2019,Q4492815,Chrystia Freeland
Canada,20,CAN,2019,Chrystia Freeland,2017,2019,Q4492815,Chrystia Freeland
Cape Verde,402,CPV,1975,Abílio Duarte,1975,1980,Q2822163,Abílio Duarte
Cape Verde,402,CPV,1976,Abílio Duarte,1975,1980,Q2822163,Abílio Duarte
Cape Verde,402,CPV,1977,Abílio Duarte,1975,1980,Q2822163,Abílio Duarte
Cape Verde,402,CPV,1978,Abílio Duarte,1975,1980,Q2822163,Abílio Duarte
Cape Verde,402,CPV,1979,Abílio Duarte,1975,1980,Q2822163,Abílio Duarte
Cape Verde,402,CPV,1980,Abílio Duarte,1975,1980,Q2822163,Abílio Duarte
Cape Verde,402,CPV,1980,Silvino Manuel da Luz,1980,1991,Q2391518,Silvino Manuel da Luz
Cape Verde,402,CPV,1981,Silvino Manuel da Luz,1980,1991,Q2391518,Silvino Manuel da Luz
Cape Verde,402,CPV,1982,Silvino Manuel da Luz,1980,1991,Q2391518,Silvino Manuel da Luz
Cape Verde,402,CPV,1983,Silvino Manuel da Luz,1980,1991,Q2391518,Silvino Manuel da Luz
Cape Verde,402,CPV,1984,Silvino Manuel da Luz,1980,1991,Q2391518,Silvino Manuel da Luz
Cape Verde,402,CPV,1985,Silvino Manuel da Luz,1980,1991,Q2391518,Silvino Manuel da Luz
Cape Verde,402,CPV,1986,Silvino Manuel da Luz,1980,1991,Q2391518,Silvino Manuel da Luz
Cape Verde,402,CPV,1987,Silvino Manuel da Luz,1980,1991,Q2391518,Silvino Manuel da Luz
Cape Verde,402,CPV,1988,Silvino Manuel da Luz,1980,1991,Q2391518,Silvino Manuel da Luz
Cape Verde,402,CPV,1989,Silvino Manuel da Luz,1980,1991,Q2391518,Silvino Manuel da Luz
Cape Verde,402,CPV,1990,Silvino Manuel da Luz,1980,1991,Q2391518,Silvino Manuel da Luz
Cape Verde,402,CPV,1991,Jorge Carlos Fonseca,1991,1993,Q57517,Jorge Carlos Fonseca
Cape Verde,402,CPV,1991,Silvino Manuel da Luz,1980,1991,Q2391518,Silvino Manuel da Luz
Cape Verde,402,CPV,1992,Jorge Carlos Fonseca,1991,1993,Q57517,Jorge Carlos Fonseca
Cape Verde,402,CPV,1993,Manuel Casimiro de Jesus Chantre,1993,1995,,
Cape Verde,402,CPV,1993,Jorge Carlos Fonseca,1991,1993,Q57517,Jorge Carlos Fonseca
Cape Verde,402,CPV,1994,Manuel Casimiro de Jesus Chantre,1993,1995,,
Cape Verde,402,CPV,1995,Manuel Casimiro de Jesus Chantre,1993,1995,,
Cape Verde,402,CPV,1995,José Tomás Veiga,1995,1996,,
Cape Verde,402,CPV,1996,Amílcar Spencer Lopes,1996,1998,Q2843337,Amílcar Spencer Lopes
Cape Verde,402,CPV,1996,José Tomás Veiga,1995,1996,,
Cape Verde,402,CPV,1997,Amílcar Spencer Lopes,1996,1998,Q2843337,Amílcar Spencer Lopes
Cape Verde,402,CPV,1998,José Luís de Jesus,1998,1999,Q3186396,José Luís de Jesus
Cape Verde,402,CPV,1998,Amílcar Spencer Lopes,1996,1998,Q2843337,Amílcar Spencer Lopes
Cape Verde,402,CPV,1999,Rui Alberto de Figueiredo Soares,1999,2001,Q7378692,Rui Alberto de Figueiredo Soares
Cape Verde,402,CPV,1999,José Luís de Jesus,1998,1999,Q3186396,José Luís de Jesus
Cape Verde,402,CPV,2000,Rui Alberto de Figueiredo Soares,1999,2001,Q7378692,Rui Alberto de Figueiredo Soares
Cape Verde,402,CPV,2001,Manuel Inocêncio Sousa,2001,2002,Q3743498,Manuel Inocêncio Sousa
Cape Verde,402,CPV,2001,Rui Alberto de Figueiredo Soares,1999,2001,Q7378692,Rui Alberto de Figueiredo Soares
Cape Verde,402,CPV,2002,Manuel Inocêncio Sousa,2001,2002,Q3743498,Manuel Inocêncio Sousa
Cape Verde,402,CPV,2002,Fátima Veiga,2002,2004,Q3195582,Fátima Veiga
Cape Verde,402,CPV,2003,Fátima Veiga,2002,2004,Q3195582,Fátima Veiga
Cape Verde,402,CPV,2004,Victor Borges,2004,2008,Q3564444,Victor Borges
Cape Verde,402,CPV,2004,Fátima Veiga,2002,2004,Q3195582,Fátima Veiga
Cape Verde,402,CPV,2005,Victor Borges,2004,2008,Q3564444,Victor Borges
Cape Verde,402,CPV,2006,Victor Borges,2004,2008,Q3564444,Victor Borges
Cape Verde,402,CPV,2007,Victor Borges,2004,2008,Q3564444,Victor Borges
Cape Verde,402,CPV,2008,José Brito,2008,2011,Q58252,José Brito
Cape Verde,402,CPV,2008,Victor Borges,2004,2008,Q3564444,Victor Borges
Cape Verde,402,CPV,2009,José Brito,2008,2011,Q58252,José Brito
Cape Verde,402,CPV,2010,José Brito,2008,2011,Q58252,José Brito
Cape Verde,402,CPV,2011,Jorge Borges,2011,2014,Q3183797,Jorge Borges
Cape Verde,402,CPV,2011,José Brito,2008,2011,Q58252,José Brito
Cape Verde,402,CPV,2012,Jorge Borges,2011,2014,Q3183797,Jorge Borges
Cape Verde,402,CPV,2013,Jorge Borges,2011,2014,Q3183797,Jorge Borges
Cape Verde,402,CPV,2014,Jorge Tolentino,2014,2016,,
Cape Verde,402,CPV,2014,Jorge Borges,2011,2014,Q3183797,Jorge Borges
Cape Verde,402,CPV,2015,Jorge Tolentino,2014,2016,,
Cape Verde,402,CPV,2016,Jorge Tolentino,2014,2016,,
Cape Verde,402,CPV,2016,Luís Filipe Tavares,2016,2019,Q55098157,Luís Filipe Tavares
Cape Verde,402,CPV,2017,Luís Filipe Tavares,2016,2019,Q55098157,Luís Filipe Tavares
Cape Verde,402,CPV,2018,Luís Filipe Tavares,2016,2019,Q55098157,Luís Filipe Tavares
Cape Verde,402,CPV,2019,Luís Filipe Tavares,2016,2019,Q55098157,Luís Filipe Tavares
Central African Republic,482,CAF,1963,Jean-Christophe Macpayen,1963,1964,,
Central African Republic,482,CAF,1964,Jean-Christophe Macpayen,1963,1964,,
Central African Republic,482,CAF,1964,Antoine Guimali,1964,1967,,
Central African Republic,482,CAF,1965,Antoine Guimali,1964,1967,,
Central African Republic,482,CAF,1966,Antoine Guimali,1964,1967,,
Central African Republic,482,CAF,1967,Jean-Arthur Bandio,1967,1968,,
Central African Republic,482,CAF,1967,Antoine Guimali,1964,1967,,
Central African Republic,482,CAF,1968,Maurice Gouandjia,1968,1969,,
Central African Republic,482,CAF,1968,Jean-Arthur Bandio,1967,1968,,
Central African Republic,482,CAF,1969,Nestor Kombot-Naguemon,1969,1970,Q11790712,
Central African Republic,482,CAF,1969,Maurice Gouandjia,1968,1969,,
Central African Republic,482,CAF,1970,Nestor Kombot-Naguemon,1969,1970,Q11790712,
Central African Republic,482,CAF,1970,Maurice Gouandjia,1970,1971,,
Central African Republic,482,CAF,1971,Clément-Michel N'Gai Voueto,1971,1971,,
Central African Republic,482,CAF,1971,Maurice Gouandjia,1970,1971,,
Central African Republic,482,CAF,1971,Joseph Potolot,1971,1975,,
Central African Republic,482,CAF,1972,Joseph Potolot,1971,1975,,
Central African Republic,482,CAF,1973,Joseph Potolot,1971,1975,,
Central African Republic,482,CAF,1974,Joseph Potolot,1971,1975,,
Central African Republic,482,CAF,1975,Antonio Franck,1975,1976,,
Central African Republic,482,CAF,1975,Joseph Potolot,1971,1975,,
Central African Republic,482,CAF,1976,Jean-Paul Mokodopo,1976,1977,,
Central African Republic,482,CAF,1976,Antonio Franck,1975,1976,,
Central African Republic,482,CAF,1977,Michel Gbezera-Bria,1977,1978,Q1930736,Michel Gbezera-Bria
Central African Republic,482,CAF,1977,Jean-Paul Mokodopo,1976,1977,,
Central African Republic,482,CAF,1978,Michel Gbezera-Bria,1977,1978,Q1930736,Michel Gbezera-Bria
Central African Republic,482,CAF,1978,Jean-Paul Mokodopo,1978,1979,,
Central African Republic,482,CAF,1979,Sylvestre Bangui,1979,1980,,
Central African Republic,482,CAF,1979,Jean-Paul Mokodopo,1978,1979,,
Central African Republic,482,CAF,1980,Sylvestre Bangui,1979,1980,,
Central African Republic,482,CAF,1980,Simon Bédaya-Ngaro,1980,1981,Q3484227,Simon Bédaya-Ngaro
Central African Republic,482,CAF,1981,Jean-Louis Gervil-Yambala,1981,1983,,
Central African Republic,482,CAF,1981,Jean-Pierre Sohahong-Kombet,1981,1981,,
Central African Republic,482,CAF,1981,Simon Bédaya-Ngaro,1980,1981,Q3484227,Simon Bédaya-Ngaro
Central African Republic,482,CAF,1982,Jean-Louis Gervil-Yambala,1981,1983,,
Central African Republic,482,CAF,1983,Michel Sallé,1983,1984,,
Central African Republic,482,CAF,1983,Jean-Louis Gervil-Yambala,1981,1983,,
Central African Republic,482,CAF,1984,Michel Sallé,1983,1984,,
Central African Republic,482,CAF,1984,Clément-Michel N'Gai Voueto,1984,1985,,
Central African Republic,482,CAF,1985,Clément-Michel N'Gai Voueto,1984,1985,,
Central African Republic,482,CAF,1985,Jean-Louis Psimhis,1985,1988,,
Central African Republic,482,CAF,1986,Jean-Louis Psimhis,1985,1988,,
Central African Republic,482,CAF,1987,Jean-Louis Psimhis,1985,1988,,
Central African Republic,482,CAF,1988,Michel Gbezera-Bria,1988,1990,Q1930736,Michel Gbezera-Bria
Central African Republic,482,CAF,1988,Jean-Louis Psimhis,1985,1988,,
Central African Republic,482,CAF,1989,Michel Gbezera-Bria,1988,1990,Q1930736,Michel Gbezera-Bria
Central African Republic,482,CAF,1990,Michel Gbezera-Bria,1988,1990,Q1930736,Michel Gbezera-Bria
Central African Republic,482,CAF,1990,Laurent Gomina-Pampali,1990,1991,,
Central African Republic,482,CAF,1991,Christian Lingama-Toleque,1991,1992,,
Central African Republic,482,CAF,1991,Laurent Gomina-Pampali,1990,1991,,
Central African Republic,482,CAF,1992,Christian Lingama-Toleque,1991,1992,,
Central African Republic,482,CAF,1992,Jean-Marie Bassia,1992,1993,,
Central African Republic,482,CAF,1993,Simon Bédaya-Ngaro,1993,1996,Q3484227,Simon Bédaya-Ngaro
Central African Republic,482,CAF,1993,Jean-Marie Bassia,1992,1993,,
Central African Republic,482,CAF,1994,Simon Bédaya-Ngaro,1993,1996,Q3484227,Simon Bédaya-Ngaro
Central African Republic,482,CAF,1995,Simon Bédaya-Ngaro,1993,1996,Q3484227,Simon Bédaya-Ngaro
Central African Republic,482,CAF,1996,Simon Bédaya-Ngaro,1993,1996,Q3484227,Simon Bédaya-Ngaro
Central African Republic,482,CAF,1996,Michel Gbezera-Bria,1996,1997,Q1930736,Michel Gbezera-Bria
Central African Republic,482,CAF,1997,Jean Mette-Yapende,1997,1999,,
Central African Republic,482,CAF,1997,Michel Gbezera-Bria,1996,1997,Q1930736,Michel Gbezera-Bria
Central African Republic,482,CAF,1998,Jean Mette-Yapende,1997,1999,,
Central African Republic,482,CAF,1999,Marcel Metefara,1999,2001,Q6756173,Marcel Metefara
Central African Republic,482,CAF,1999,Jean Mette-Yapende,1997,1999,,
Central African Republic,482,CAF,2000,Marcel Metefara,1999,2001,Q6756173,Marcel Metefara
Central African Republic,482,CAF,2001,Agba Otikpo Mézodé,2001,2003,Q2826508,Agba Otikpo Mézodé
Central African Republic,482,CAF,2001,Marcel Metefara,1999,2001,Q6756173,Marcel Metefara
Central African Republic,482,CAF,2002,Agba Otikpo Mézodé,2001,2003,Q2826508,Agba Otikpo Mézodé
Central African Republic,482,CAF,2003,Agba Otikpo Mézodé,2001,2003,Q2826508,Agba Otikpo Mézodé
Central African Republic,482,CAF,2003,Karim Meckassoua,2003,2003,Q21965872,Karim Meckassoua
Central African Republic,482,CAF,2003,Martial Beti Marace,2003,2003,Q6774698,Martial Beti Marace
Central African Republic,482,CAF,2003,Charles Wénézoui,2003,2005,Q2959355,Charles Wénézoui
Central African Republic,482,CAF,2004,Charles Wénézoui,2003,2005,Q2959355,Charles Wénézoui
Central African Republic,482,CAF,2005,Jean-Paul Ngoupandé,2005,2006,Q58276,Jean-Paul Ngoupandé
Central African Republic,482,CAF,2005,Charles Wénézoui,2003,2005,Q2959355,Charles Wénézoui
Central African Republic,482,CAF,2006,Jean-Paul Ngoupandé,2005,2006,Q58276,Jean-Paul Ngoupandé
Central African Republic,482,CAF,2006,Côme Zoumara,2006,2008,Q3010597,Côme Zoumara
Central African Republic,482,CAF,2007,Côme Zoumara,2006,2008,Q3010597,Côme Zoumara
Central African Republic,482,CAF,2008,Côme Zoumara,2006,2008,Q3010597,Côme Zoumara
Central African Republic,482,CAF,2008,Dieudonné Kombo Yaya,2008,2009,,
Central African Republic,482,CAF,2009,Dieudonné Kombo Yaya,2008,2009,,
Central African Republic,482,CAF,2009,Antoine Gambi,2009,2013,Q586215,Antoine Gambi
Central African Republic,482,CAF,2010,Antoine Gambi,2009,2013,Q586215,Antoine Gambi
Central African Republic,482,CAF,2011,Antoine Gambi,2009,2013,Q586215,Antoine Gambi
Central African Republic,482,CAF,2012,Antoine Gambi,2009,2013,Q586215,Antoine Gambi
Central African Republic,482,CAF,2013,Léonie Banga-Bothy,2013,2014,Q27898988,Léonie Banga-Bothy
Central African Republic,482,CAF,2013,Antoine Gambi,2009,2013,Q586215,Antoine Gambi
Central African Republic,482,CAF,2013,Parfait Anicet Mbay,2013,2013,,
Central African Republic,482,CAF,2013,Charles Armel Doubane,2013,2013,Q11855176,
Central African Republic,482,CAF,2014,Léonie Banga-Bothy,2013,2014,Q27898988,Léonie Banga-Bothy
Central African Republic,482,CAF,2014,Toussaint Kongo-Doudou,2014,2015,,
Central African Republic,482,CAF,2015,Samuel Rangba,2015,2016,Q99352338,Samuel Rangba
Central African Republic,482,CAF,2015,Toussaint Kongo-Doudou,2014,2015,,
Central African Republic,482,CAF,2016,Charles Armel Doubane,2016,2018,Q11855176,
Central African Republic,482,CAF,2016,Samuel Rangba,2015,2016,Q99352338,Samuel Rangba
Central African Republic,482,CAF,2017,Charles Armel Doubane,2016,2018,Q11855176,
Central African Republic,482,CAF,2018,Sylvie Baïpo-Temon,2018,2019,Q60680031,Sylvie Baïpo-Temon
Central African Republic,482,CAF,2018,Charles Armel Doubane,2016,2018,Q11855176,
Central African Republic,482,CAF,2019,Sylvie Baïpo-Temon,2018,2019,Q60680031,Sylvie Baïpo-Temon
Chad,483,TCD,1960,Pierre Toura Gaba,1960,1961,Q7192468,Pierre Toura Gaba
Chad,483,TCD,1961,Djibrine Kerallah,1961,1963,Q5285334,Djibrine Kerallah
Chad,483,TCD,1961,Pierre Toura Gaba,1960,1961,Q7192468,Pierre Toura Gaba
Chad,483,TCD,1962,Djibrine Kerallah,1961,1963,Q5285334,Djibrine Kerallah
Chad,483,TCD,1963,Djibrine Kerallah,1961,1963,Q5285334,Djibrine Kerallah
Chad,483,TCD,1963,Maurice Ngangtar,1963,1964,Q6793378,Maurice Ngangtar
Chad,483,TCD,1964,Maurice Ngangtar,1963,1964,Q6793378,Maurice Ngangtar
Chad,483,TCD,1964,Jacques Baroum,1964,1971,,
Chad,483,TCD,1965,Jacques Baroum,1964,1971,,
Chad,483,TCD,1966,Jacques Baroum,1964,1971,,
Chad,483,TCD,1967,Jacques Baroum,1964,1971,,
Chad,483,TCD,1968,Jacques Baroum,1964,1971,,
Chad,483,TCD,1969,Jacques Baroum,1964,1971,,
Chad,483,TCD,1970,Jacques Baroum,1964,1971,,
Chad,483,TCD,1971,Mahamat Saleh Baba Hasane,1971,1973,,
Chad,483,TCD,1971,Jacques Baroum,1964,1971,,
Chad,483,TCD,1972,Mahamat Saleh Baba Hasane,1971,1973,,
Chad,483,TCD,1973,Mahamat Saleh Baba Hasane,1971,1973,,
Chad,483,TCD,1973,Djiriabaye Doralta,1973,1975,,
Chad,483,TCD,1974,Djiriabaye Doralta,1973,1975,,
Chad,483,TCD,1975,Wadal Abdelkader Kamougue,1975,1978,Q3565005,Wadal Abdelkader Kamougue
Chad,483,TCD,1975,Djiriabaye Doralta,1973,1975,,
Chad,483,TCD,1976,Wadal Abdelkader Kamougue,1975,1978,Q3565005,Wadal Abdelkader Kamougue
Chad,483,TCD,1977,Wadal Abdelkader Kamougue,1975,1978,Q3565005,Wadal Abdelkader Kamougue
Chad,483,TCD,1978,Wadal Abdelkader Kamougue,1975,1978,Q3565005,Wadal Abdelkader Kamougue
Chad,483,TCD,1978,Kotigua Guérina,1978,1979,,
Chad,483,TCD,1979,Barma Ramadan,1979,1979,,
Chad,483,TCD,1979,Acyl Ahmat Akhbach,1979,1982,Q4695685,
Chad,483,TCD,1979,Dabar Nag Koumaba Dering,1979,1979,,
Chad,483,TCD,1979,Kotigua Guérina,1978,1979,,
Chad,483,TCD,1980,Acyl Ahmat Akhbach,1979,1982,Q4695685,
Chad,483,TCD,1981,Acyl Ahmat Akhbach,1979,1982,Q4695685,
Chad,483,TCD,1982,Acyl Ahmat Akhbach,1979,1982,Q4695685,
Chad,483,TCD,1982,Idriss Miskine,1982,1984,Q5989740,Idriss Miskine
Chad,483,TCD,1983,Idriss Miskine,1982,1984,Q5989740,Idriss Miskine
Chad,483,TCD,1984,Gouara Lassou,1984,1989,,
Chad,483,TCD,1984,Idriss Miskine,1982,1984,Q5989740,Idriss Miskine
Chad,483,TCD,1984,Korom Ahmad,1984,1984,,
Chad,483,TCD,1985,Gouara Lassou,1984,1989,,
Chad,483,TCD,1986,Gouara Lassou,1984,1989,,
Chad,483,TCD,1987,Gouara Lassou,1984,1989,,
Chad,483,TCD,1988,Gouara Lassou,1984,1989,,
Chad,483,TCD,1989,Gouara Lassou,1984,1989,,
Chad,483,TCD,1989,Acheikh Ibn Oumar,1989,1990,Q2823007,
Chad,483,TCD,1990,Acheikh Ibn Oumar,1989,1990,Q2823007,
Chad,483,TCD,1990,Soungui Ahmad,1990,1991,,
Chad,483,TCD,1991,Mahamat Saleh Ahmat,1991,1992,,
Chad,483,TCD,1991,Soungui Ahmad,1990,1991,,
Chad,483,TCD,1992,Mahamat Ali Adoum,1992,1993,Q6733020,Mahamat Ali Adoum
Chad,483,TCD,1992,Mahamat Saleh Ahmat,1991,1992,,
Chad,483,TCD,1993,Mahamat Ali Adoum,1992,1993,Q6733020,Mahamat Ali Adoum
Chad,483,TCD,1993,Korom Ahmad,1993,1993,,
Chad,483,TCD,1993,Fakadi Lokna,1993,1994,,
Chad,483,TCD,1994,Fakadi Lokna,1993,1994,,
Chad,483,TCD,1994,Ahmat Abderahmane Haggar,1994,1996,Q99470390,Ahmat Abderahmane Haggar
Chad,483,TCD,1995,Ahmat Abderahmane Haggar,1994,1996,Q99470390,Ahmat Abderahmane Haggar
Chad,483,TCD,1996,Saleh Kebzabo,1996,1997,Q7403916,Saleh Kebzabo
Chad,483,TCD,1996,Ahmat Abderahmane Haggar,1994,1996,Q99470390,Ahmat Abderahmane Haggar
Chad,483,TCD,1997,Saleh Kebzabo,1996,1997,Q7403916,Saleh Kebzabo
Chad,483,TCD,1997,Mahamat Saleh Annadif,1997,2003,Q9034140,Mahamat Saleh Annadif
Chad,483,TCD,1998,Mahamat Saleh Annadif,1997,2003,Q9034140,Mahamat Saleh Annadif
Chad,483,TCD,1999,Mahamat Saleh Annadif,1997,2003,Q9034140,Mahamat Saleh Annadif
Chad,483,TCD,2000,Mahamat Saleh Annadif,1997,2003,Q9034140,Mahamat Saleh Annadif
Chad,483,TCD,2001,Mahamat Saleh Annadif,1997,2003,Q9034140,Mahamat Saleh Annadif
Chad,483,TCD,2002,Mahamat Saleh Annadif,1997,2003,Q9034140,Mahamat Saleh Annadif
Chad,483,TCD,2003,Nagoum Yamassoum,2003,2005,Q1371488,Nagoum Yamassoum
Chad,483,TCD,2003,Mahamat Saleh Annadif,1997,2003,Q9034140,Mahamat Saleh Annadif
Chad,483,TCD,2004,Nagoum Yamassoum,2003,2005,Q1371488,Nagoum Yamassoum
Chad,483,TCD,2005,Ahmad Allam-mi,2005,2008,Q4695264,
Chad,483,TCD,2005,Nagoum Yamassoum,2003,2005,Q1371488,Nagoum Yamassoum
Chad,483,TCD,2006,Ahmad Allam-mi,2005,2008,Q4695264,
Chad,483,TCD,2007,Ahmad Allam-mi,2005,2008,Q4695264,
Chad,483,TCD,2008,Moussa Faki,2008,2017,Q58117,Moussa Faki
Chad,483,TCD,2008,Ahmad Allam-mi,2005,2008,Q4695264,
Chad,483,TCD,2009,Moussa Faki,2008,2017,Q58117,Moussa Faki
Chad,483,TCD,2010,Moussa Faki,2008,2017,Q58117,Moussa Faki
Chad,483,TCD,2011,Moussa Faki,2008,2017,Q58117,Moussa Faki
Chad,483,TCD,2012,Moussa Faki,2008,2017,Q58117,Moussa Faki
Chad,483,TCD,2013,Moussa Faki,2008,2017,Q58117,Moussa Faki
Chad,483,TCD,2014,Moussa Faki,2008,2017,Q58117,Moussa Faki
Chad,483,TCD,2015,Moussa Faki,2008,2017,Q58117,Moussa Faki
Chad,483,TCD,2016,Moussa Faki,2008,2017,Q58117,Moussa Faki
Chad,483,TCD,2017,Chérif Mahamat Zène,2017,2019,Q19662475,
Chad,483,TCD,2017,Hissein Brahim Taha,2017,2017,Q27662545,
Chad,483,TCD,2017,Moussa Faki,2008,2017,Q58117,Moussa Faki
Chad,483,TCD,2018,Chérif Mahamat Zène,2017,2019,Q19662475,
Chad,483,TCD,2019,Chérif Mahamat Zène,2017,2019,Q19662475,
Chile,155,CHL,1948,Germán Riesco,1948,1950,Q1300,Germán Riesco
Chile,155,CHL,1949,Germán Riesco,1948,1950,Q1300,Germán Riesco
Chile,155,CHL,1950,Germán Vergara Donoso,1950,1950,Q4166327,Germán Vergara Donoso
Chile,155,CHL,1950,Horacio Walker Larraín,1950,1951,Q5902009,Horacio Walker Larraín
Chile,155,CHL,1950,Germán Riesco,1948,1950,Q1300,Germán Riesco
Chile,155,CHL,1951,Horacio Walker Larraín,1950,1951,Q5902009,Horacio Walker Larraín
Chile,155,CHL,1951,Eduardo Yrarrázaval Concha,1951,1952,,
Chile,155,CHL,1952,Arturo Olavarría,1952,1953,Q5707386,Arturo Olavarría
Chile,155,CHL,1952,Fernando García Oldini,1952,1952,,
Chile,155,CHL,1952,Eduardo Yrarrázaval Concha,1951,1952,,
Chile,155,CHL,1953,Óscar Fenner,1953,1954,Q16614374,
Chile,155,CHL,1953,Arturo Olavarría,1952,1953,Q5707386,Arturo Olavarría
Chile,155,CHL,1954,Tobías Barros,1954,1954,Q20925382,
Chile,155,CHL,1954,Roberto Aldunate,1954,1955,,
Chile,155,CHL,1954,Óscar Fenner,1953,1954,Q16614374,
Chile,155,CHL,1955,Osvaldo Koch,1955,1955,Q2036274,
Chile,155,CHL,1955,Kaare Olsen Nielsen,1955,1956,,
Chile,155,CHL,1955,Roberto Aldunate,1954,1955,,
Chile,155,CHL,1956,José Serrano Palma,1956,1956,,
Chile,155,CHL,1956,Osvaldo Sainte-Marie,1956,1957,Q13461069,
Chile,155,CHL,1956,Enrique O. Barbosa Baeza,1956,1956,Q5833665,
Chile,155,CHL,1956,Kaare Olsen Nielsen,1955,1956,,
Chile,155,CHL,1957,Alberto Sepúlveda Contreras,1957,1958,,
Chile,155,CHL,1957,Osvaldo Sainte-Marie,1956,1957,Q13461069,
Chile,155,CHL,1958,Germán Vergara Donoso,1958,1961,Q4166327,Germán Vergara Donoso
Chile,155,CHL,1958,Alberto Sepúlveda Contreras,1957,1958,,
Chile,155,CHL,1959,Germán Vergara Donoso,1958,1961,Q4166327,Germán Vergara Donoso
Chile,155,CHL,1960,Germán Vergara Donoso,1958,1961,Q4166327,Germán Vergara Donoso
Chile,155,CHL,1961,Germán Vergara Donoso,1958,1961,Q4166327,Germán Vergara Donoso
Chile,155,CHL,1961,Carlos Martínez Sotomayor,1961,1963,Q979895,Carlos Martínez Sotomayor
Chile,155,CHL,1962,Carlos Martínez Sotomayor,1961,1963,Q979895,Carlos Martínez Sotomayor
Chile,155,CHL,1963,Enrique Ortúzar Escobar,1963,1963,Q3054696,
Chile,155,CHL,1963,Julio Philippi Izquierdo,1963,1964,Q4204010,Julio Philippi Izquierdo
Chile,155,CHL,1963,Carlos Martínez Sotomayor,1961,1963,Q979895,Carlos Martínez Sotomayor
Chile,155,CHL,1964,Gabriel Valdés Subercaseaux,1964,1970,Q2356230,Gabriel Valdés Subercaseaux
Chile,155,CHL,1964,Julio Philippi Izquierdo,1963,1964,Q4204010,Julio Philippi Izquierdo
Chile,155,CHL,1965,Gabriel Valdés Subercaseaux,1964,1970,Q2356230,Gabriel Valdés Subercaseaux
Chile,155,CHL,1966,Gabriel Valdés Subercaseaux,1964,1970,Q2356230,Gabriel Valdés Subercaseaux
Chile,155,CHL,1967,Gabriel Valdés Subercaseaux,1964,1970,Q2356230,Gabriel Valdés Subercaseaux
Chile,155,CHL,1968,Gabriel Valdés Subercaseaux,1964,1970,Q2356230,Gabriel Valdés Subercaseaux
Chile,155,CHL,1969,Gabriel Valdés Subercaseaux,1964,1970,Q2356230,Gabriel Valdés Subercaseaux
Chile,155,CHL,1970,Clodomiro Almeyda Medina,1970,1973,Q918756,
Chile,155,CHL,1970,Gabriel Valdés Subercaseaux,1964,1970,Q2356230,Gabriel Valdés Subercaseaux
Chile,155,CHL,1971,Clodomiro Almeyda Medina,1970,1973,Q918756,
Chile,155,CHL,1972,Clodomiro Almeyda Medina,1970,1973,Q918756,
Chile,155,CHL,1973,Clodomiro Almeyda Medina,1970,1973,Q918756,
Chile,155,CHL,1973,Ismael Huerta Díaz,1973,1974,Q5557408,
Chile,155,CHL,1973,Clodomiro Almeyda Medina,1973,1973,Q918756,
Chile,155,CHL,1973,Orlando Letelier,1973,1973,Q443777,Orlando Letelier
Chile,155,CHL,1974,Ismael Huerta Díaz,1973,1974,Q5557408,
Chile,155,CHL,1974,Patricio Carvajal Prado,1974,1978,Q3369161,
Chile,155,CHL,1975,Patricio Carvajal Prado,1974,1978,Q3369161,
Chile,155,CHL,1976,Patricio Carvajal Prado,1974,1978,Q3369161,
Chile,155,CHL,1977,Patricio Carvajal Prado,1974,1978,Q3369161,
Chile,155,CHL,1978,Patricio Carvajal Prado,1974,1978,Q3369161,
Chile,155,CHL,1978,Hernán Cubillos Sallato,1978,1980,Q5896107,Hernán Cubillos Sallato
Chile,155,CHL,1979,Hernán Cubillos Sallato,1978,1980,Q5896107,Hernán Cubillos Sallato
Chile,155,CHL,1980,René Rojas Galdames,1980,1981,Q7313785,René Rojas Galdames
Chile,155,CHL,1980,Hernán Cubillos Sallato,1978,1980,Q5896107,Hernán Cubillos Sallato
Chile,155,CHL,1981,Sergio Covarrubias,1981,1982,,
Chile,155,CHL,1981,René Rojas Galdames,1980,1981,Q7313785,René Rojas Galdames
Chile,155,CHL,1982,René Rojas Galdames,1982,1983,Q7313785,René Rojas Galdames
Chile,155,CHL,1982,Sergio Covarrubias,1981,1982,,
Chile,155,CHL,1983,Jaime del Valle Alliende,1983,1987,Q5925464,Jaime del Valle Alliende
Chile,155,CHL,1983,Miguel Alex Schweitzer Walters,1983,1983,Q22041115,
Chile,155,CHL,1983,René Rojas Galdames,1982,1983,Q7313785,René Rojas Galdames
Chile,155,CHL,1984,Jaime del Valle Alliende,1983,1987,Q5925464,Jaime del Valle Alliende
Chile,155,CHL,1985,Jaime del Valle Alliende,1983,1987,Q5925464,Jaime del Valle Alliende
Chile,155,CHL,1986,Jaime del Valle Alliende,1983,1987,Q5925464,Jaime del Valle Alliende
Chile,155,CHL,1987,Ricardo García Rodríguez,1987,1988,Q6108199,Ricardo García Rodríguez
Chile,155,CHL,1987,Jaime del Valle Alliende,1983,1987,Q5925464,Jaime del Valle Alliende
Chile,155,CHL,1988,Hernán Felipe Errázuriz,1988,1990,Q5837490,Hernán Felipe Errázuriz
Chile,155,CHL,1988,Ricardo García Rodríguez,1987,1988,Q6108199,Ricardo García Rodríguez
Chile,155,CHL,1989,Hernán Felipe Errázuriz,1988,1990,Q5837490,Hernán Felipe Errázuriz
Chile,155,CHL,1990,Hernán Felipe Errázuriz,1988,1990,Q5837490,Hernán Felipe Errázuriz
Chile,155,CHL,1990,Enrique Silva Cimma,1990,1994,Q338575,Enrique Silva Cimma
Chile,155,CHL,1991,Enrique Silva Cimma,1990,1994,Q338575,Enrique Silva Cimma
Chile,155,CHL,1992,Enrique Silva Cimma,1990,1994,Q338575,Enrique Silva Cimma
Chile,155,CHL,1993,Enrique Silva Cimma,1990,1994,Q338575,Enrique Silva Cimma
Chile,155,CHL,1994,Enrique Silva Cimma,1990,1994,Q338575,Enrique Silva Cimma
Chile,155,CHL,1994,Carlos Figueroa Serrano,1994,1994,Q5750349,Carlos Figueroa Serrano
Chile,155,CHL,1994,José Miguel Insulza,1994,1999,Q1357872,José Miguel Insulza
Chile,155,CHL,1995,José Miguel Insulza,1994,1999,Q1357872,José Miguel Insulza
Chile,155,CHL,1996,José Miguel Insulza,1994,1999,Q1357872,José Miguel Insulza
Chile,155,CHL,1997,José Miguel Insulza,1994,1999,Q1357872,José Miguel Insulza
Chile,155,CHL,1998,José Miguel Insulza,1994,1999,Q1357872,José Miguel Insulza
Chile,155,CHL,1999,Juan Gabriel Valdés,1999,2000,Q3810840,Juan Gabriel Valdés
Chile,155,CHL,1999,José Miguel Insulza,1994,1999,Q1357872,José Miguel Insulza
Chile,155,CHL,2000,Juan Gabriel Valdés,1999,2000,Q3810840,Juan Gabriel Valdés
Chile,155,CHL,2000,Soledad Alvear Valenzuela,2000,2004,Q434756,Soledad Alvear Valenzuela
Chile,155,CHL,2001,Soledad Alvear Valenzuela,2000,2004,Q434756,Soledad Alvear Valenzuela
Chile,155,CHL,2002,Soledad Alvear Valenzuela,2000,2004,Q434756,Soledad Alvear Valenzuela
Chile,155,CHL,2003,Soledad Alvear Valenzuela,2000,2004,Q434756,Soledad Alvear Valenzuela
Chile,155,CHL,2004,Ignacio Walker Prieto,2004,2006,Q1657292,
Chile,155,CHL,2004,Soledad Alvear Valenzuela,2000,2004,Q434756,Soledad Alvear Valenzuela
Chile,155,CHL,2005,Ignacio Walker Prieto,2004,2006,Q1657292,
Chile,155,CHL,2006,Ignacio Walker Prieto,2004,2006,Q1657292,
Chile,155,CHL,2006,Alejandro Foxley,2006,2009,Q2832446,Alejandro Foxley
Chile,155,CHL,2007,Alejandro Foxley,2006,2009,Q2832446,Alejandro Foxley
Chile,155,CHL,2008,Alejandro Foxley,2006,2009,Q2832446,Alejandro Foxley
Chile,155,CHL,2009,Mariano Fernández,2009,2010,Q1896962,Mariano Fernández
Chile,155,CHL,2009,Alejandro Foxley,2006,2009,Q2832446,Alejandro Foxley
Chile,155,CHL,2010,Alfredo Moreno,2010,2014,Q58293,Alfredo Moreno
Chile,155,CHL,2010,Mariano Fernández,2009,2010,Q1896962,Mariano Fernández
Chile,155,CHL,2011,Alfredo Moreno,2010,2014,Q58293,Alfredo Moreno
Chile,155,CHL,2012,Alfredo Moreno,2010,2014,Q58293,Alfredo Moreno
Chile,155,CHL,2013,Alfredo Moreno,2010,2014,Q58293,Alfredo Moreno
Chile,155,CHL,2014,Heraldo Muñoz,2014,2018,Q5732719,Heraldo Muñoz
Chile,155,CHL,2014,Alfredo Moreno,2010,2014,Q58293,Alfredo Moreno
Chile,155,CHL,2015,Heraldo Muñoz,2014,2018,Q5732719,Heraldo Muñoz
Chile,155,CHL,2016,Heraldo Muñoz,2014,2018,Q5732719,Heraldo Muñoz
Chile,155,CHL,2017,Heraldo Muñoz,2014,2018,Q5732719,Heraldo Muñoz
Chile,155,CHL,2018,Roberto Ampuero,2018,2019,Q922795,Roberto Ampuero
Chile,155,CHL,2018,Heraldo Muñoz,2014,2018,Q5732719,Heraldo Muñoz
Chile,155,CHL,2019,Roberto Ampuero,2018,2019,Q922795,Roberto Ampuero
China,710,CHN,1949,Zhou Enlai,1949,1958,Q17410,Zhou Enlai
China,710,CHN,1950,Zhou Enlai,1949,1958,Q17410,Zhou Enlai
China,710,CHN,1951,Zhou Enlai,1949,1958,Q17410,Zhou Enlai
China,710,CHN,1952,Zhou Enlai,1949,1958,Q17410,Zhou Enlai
China,710,CHN,1953,Zhou Enlai,1949,1958,Q17410,Zhou Enlai
China,710,CHN,1954,Zhou Enlai,1949,1958,Q17410,Zhou Enlai
China,710,CHN,1955,Zhou Enlai,1949,1958,Q17410,Zhou Enlai
China,710,CHN,1956,Zhou Enlai,1949,1958,Q17410,Zhou Enlai
China,710,CHN,1957,Zhou Enlai,1949,1958,Q17410,Zhou Enlai
China,710,CHN,1958,Chen Yi,1958,1972,Q188408,Chen Yi
China,710,CHN,1958,Zhou Enlai,1949,1958,Q17410,Zhou Enlai
China,710,CHN,1959,Chen Yi,1958,1972,Q188408,Chen Yi
China,710,CHN,1960,Chen Yi,1958,1972,Q188408,Chen Yi
China,710,CHN,1961,Chen Yi,1958,1972,Q188408,Chen Yi
China,710,CHN,1962,Chen Yi,1958,1972,Q188408,Chen Yi
China,710,CHN,1963,Chen Yi,1958,1972,Q188408,Chen Yi
China,710,CHN,1964,Chen Yi,1958,1972,Q188408,Chen Yi
China,710,CHN,1965,Chen Yi,1958,1972,Q188408,Chen Yi
China,710,CHN,1966,Chen Yi,1958,1972,Q188408,Chen Yi
China,710,CHN,1967,Chen Yi,1958,1972,Q188408,Chen Yi
China,710,CHN,1968,Chen Yi,1958,1972,Q188408,Chen Yi
China,710,CHN,1969,Chen Yi,1958,1972,Q188408,Chen Yi
China,710,CHN,1970,Chen Yi,1958,1972,Q188408,Chen Yi
China,710,CHN,1971,Chen Yi,1958,1972,Q188408,Chen Yi
China,710,CHN,1972,Chen Yi,1958,1972,Q188408,Chen Yi
China,710,CHN,1972,Ji Pengfei,1972,1974,Q560641,Ji Pengfei
China,710,CHN,1973,Ji Pengfei,1972,1974,Q560641,Ji Pengfei
China,710,CHN,1974,Ji Pengfei,1972,1974,Q560641,Ji Pengfei
China,710,CHN,1974,Qiao Guanhua,1974,1976,Q382192,Qiao Guanhua
China,710,CHN,1975,Qiao Guanhua,1974,1976,Q382192,Qiao Guanhua
China,710,CHN,1976,Qiao Guanhua,1974,1976,Q382192,Qiao Guanhua
China,710,CHN,1976,Huang Hua,1976,1982,Q381220,Huang Hua
China,710,CHN,1977,Huang Hua,1976,1982,Q381220,Huang Hua
China,710,CHN,1978,Huang Hua,1976,1982,Q381220,Huang Hua
China,710,CHN,1979,Huang Hua,1976,1982,Q381220,Huang Hua
China,710,CHN,1980,Huang Hua,1976,1982,Q381220,Huang Hua
China,710,CHN,1981,Huang Hua,1976,1982,Q381220,Huang Hua
China,710,CHN,1982,Huang Hua,1976,1982,Q381220,Huang Hua
China,710,CHN,1982,Wu Xueqian,1982,1988,Q463688,Wu Xueqian
China,710,CHN,1983,Wu Xueqian,1982,1988,Q463688,Wu Xueqian
China,710,CHN,1984,Wu Xueqian,1982,1988,Q463688,Wu Xueqian
China,710,CHN,1985,Wu Xueqian,1982,1988,Q463688,Wu Xueqian
China,710,CHN,1986,Wu Xueqian,1982,1988,Q463688,Wu Xueqian
China,710,CHN,1987,Wu Xueqian,1982,1988,Q463688,Wu Xueqian
China,710,CHN,1988,Qian Qichen,1988,1998,Q469516,Qian Qichen
China,710,CHN,1988,Wu Xueqian,1982,1988,Q463688,Wu Xueqian
China,710,CHN,1989,Qian Qichen,1988,1998,Q469516,Qian Qichen
China,710,CHN,1990,Qian Qichen,1988,1998,Q469516,Qian Qichen
China,710,CHN,1991,Qian Qichen,1988,1998,Q469516,Qian Qichen
China,710,CHN,1992,Qian Qichen,1988,1998,Q469516,Qian Qichen
China,710,CHN,1993,Qian Qichen,1988,1998,Q469516,Qian Qichen
China,710,CHN,1994,Qian Qichen,1988,1998,Q469516,Qian Qichen
China,710,CHN,1995,Qian Qichen,1988,1998,Q469516,Qian Qichen
China,710,CHN,1996,Qian Qichen,1988,1998,Q469516,Qian Qichen
China,710,CHN,1997,Qian Qichen,1988,1998,Q469516,Qian Qichen
China,710,CHN,1998,Qian Qichen,1988,1998,Q469516,Qian Qichen
China,710,CHN,1998,Tang Jiaxuan,1998,2003,Q463926,Tang Jiaxuan
China,710,CHN,1999,Tang Jiaxuan,1998,2003,Q463926,Tang Jiaxuan
China,710,CHN,2000,Tang Jiaxuan,1998,2003,Q463926,Tang Jiaxuan
China,710,CHN,2001,Tang Jiaxuan,1998,2003,Q463926,Tang Jiaxuan
China,710,CHN,2002,Tang Jiaxuan,1998,2003,Q463926,Tang Jiaxuan
China,710,CHN,2003,Li Zhaoxing,2003,2007,Q463697,Li Zhaoxing
China,710,CHN,2003,Tang Jiaxuan,1998,2003,Q463926,Tang Jiaxuan
China,710,CHN,2004,Li Zhaoxing,2003,2007,Q463697,Li Zhaoxing
China,710,CHN,2005,Li Zhaoxing,2003,2007,Q463697,Li Zhaoxing
China,710,CHN,2006,Li Zhaoxing,2003,2007,Q463697,Li Zhaoxing
China,710,CHN,2007,Li Zhaoxing,2003,2007,Q463697,Li Zhaoxing
China,710,CHN,2007,Yang Jiechi,2007,2013,Q58211,Yang Jiechi
China,710,CHN,2008,Yang Jiechi,2007,2013,Q58211,Yang Jiechi
China,710,CHN,2009,Yang Jiechi,2007,2013,Q58211,Yang Jiechi
China,710,CHN,2010,Yang Jiechi,2007,2013,Q58211,Yang Jiechi
China,710,CHN,2011,Yang Jiechi,2007,2013,Q58211,Yang Jiechi
China,710,CHN,2012,Yang Jiechi,2007,2013,Q58211,Yang Jiechi
China,710,CHN,2013,Yang Jiechi,2007,2013,Q58211,Yang Jiechi
China,710,CHN,2013,Wang Yi,2013,2019,Q701801,Wang Yi
China,710,CHN,2014,Wang Yi,2013,2019,Q701801,Wang Yi
China,710,CHN,2015,Wang Yi,2013,2019,Q701801,Wang Yi
China,710,CHN,2016,Wang Yi,2013,2019,Q701801,Wang Yi
China,710,CHN,2017,Wang Yi,2013,2019,Q701801,Wang Yi
China,710,CHN,2018,Wang Yi,2013,2019,Q701801,Wang Yi
China,710,CHN,2019,Wang Yi,2013,2019,Q701801,Wang Yi
Colombia,100,COL,1949,Eliseo Arango,1949,1950,Q5368681,
Colombia,100,COL,1950,Eliseo Arango,1949,1950,Q5368681,
Colombia,100,COL,1950,Gonzalo Restrepo Jaramillo,1950,1951,,
Colombia,100,COL,1950,Evaristo Sourdis,1950,1950,Q5416077,
Colombia,100,COL,1951,Gonzalo Restrepo Jaramillo,1950,1951,,
Colombia,100,COL,1951,Juan Uribe Holguín,1951,1953,,
Colombia,100,COL,1952,Juan Uribe Holguín,1951,1953,,
Colombia,100,COL,1953,Juan Uribe Holguín,1951,1953,,
Colombia,100,COL,1953,Evaristo Sourdis,1953,1956,Q5416077,
Colombia,100,COL,1953,Guillermo León Valencia,1953,1953,Q540146,Guillermo León Valencia
Colombia,100,COL,1954,Evaristo Sourdis,1953,1956,Q5416077,
Colombia,100,COL,1955,Evaristo Sourdis,1953,1956,Q5416077,
Colombia,100,COL,1956,José Manuel Rivas Sacconi,1956,1957,,
Colombia,100,COL,1956,Evaristo Sourdis,1953,1956,Q5416077,
Colombia,100,COL,1957,Carlos Sanz de Santamaría,1957,1958,Q5042632,Carlos Sanz de Santamaría
Colombia,100,COL,1957,José Manuel Rivas Sacconi,1956,1957,,
Colombia,100,COL,1958,Carlos Sanz de Santamaría,1957,1958,Q5042632,Carlos Sanz de Santamaría
Colombia,100,COL,1958,Julio César Turbay Ayala,1958,1961,Q356957,Julio César Turbay Ayala
Colombia,100,COL,1959,Julio César Turbay Ayala,1958,1961,Q356957,Julio César Turbay Ayala
Colombia,100,COL,1960,Julio César Turbay Ayala,1958,1961,Q356957,Julio César Turbay Ayala
Colombia,100,COL,1961,Julio César Turbay Ayala,1958,1961,Q356957,Julio César Turbay Ayala
Colombia,100,COL,1961,José Joaquín Caicedo Castilla,1961,1962,,
Colombia,100,COL,1962,José Joaquín Caicedo Castilla,1961,1962,,
Colombia,100,COL,1962,José Antonio Montalvo,1962,1963,Q5937970,José Antonio Montalvo
Colombia,100,COL,1963,Fernando Gómez Martínez,1963,1965,Q1788703,Fernando Gómez Martínez
Colombia,100,COL,1963,José Antonio Montalvo,1962,1963,Q5937970,José Antonio Montalvo
Colombia,100,COL,1963,Álvaro Herrán Medina,1963,1963,,
Colombia,100,COL,1964,Fernando Gómez Martínez,1963,1965,Q1788703,Fernando Gómez Martínez
Colombia,100,COL,1965,Fernando Gómez Martínez,1963,1965,Q1788703,Fernando Gómez Martínez
Colombia,100,COL,1965,Cástor Jaramillo Arrubla,1965,1966,,
Colombia,100,COL,1966,Germán Zea Hernández,1966,1968,Q5552352,Germán Zea Hernández
Colombia,100,COL,1966,Cástor Jaramillo Arrubla,1965,1966,,
Colombia,100,COL,1967,Germán Zea Hernández,1966,1968,Q5552352,Germán Zea Hernández
Colombia,100,COL,1968,Germán Zea Hernández,1966,1968,Q5552352,Germán Zea Hernández
Colombia,100,COL,1968,Alfonso López Michelsen,1968,1970,Q356678,Alfonso López Michelsen
Colombia,100,COL,1969,Alfonso López Michelsen,1968,1970,Q356678,Alfonso López Michelsen
Colombia,100,COL,1970,Alfonso López Michelsen,1968,1970,Q356678,Alfonso López Michelsen
Colombia,100,COL,1970,Alfredo Vásquez Carrizosa,1970,1974,Q4723889,
Colombia,100,COL,1971,Alfredo Vásquez Carrizosa,1970,1974,Q4723889,
Colombia,100,COL,1972,Alfredo Vásquez Carrizosa,1970,1974,Q4723889,
Colombia,100,COL,1973,Alfredo Vásquez Carrizosa,1970,1974,Q4723889,
Colombia,100,COL,1974,Indalecio Liévano Aguirre,1974,1978,Q531198,Indalecio Liévano Aguirre
Colombia,100,COL,1974,Alfredo Vásquez Carrizosa,1970,1974,Q4723889,
Colombia,100,COL,1975,Indalecio Liévano Aguirre,1974,1978,Q531198,Indalecio Liévano Aguirre
Colombia,100,COL,1976,Indalecio Liévano Aguirre,1974,1978,Q531198,Indalecio Liévano Aguirre
Colombia,100,COL,1977,Indalecio Liévano Aguirre,1974,1978,Q531198,Indalecio Liévano Aguirre
Colombia,100,COL,1978,Indalecio Liévano Aguirre,1974,1978,Q531198,Indalecio Liévano Aguirre
Colombia,100,COL,1978,Diego Uribe Vargas,1978,1981,Q5806647,Diego Uribe Vargas
Colombia,100,COL,1979,Diego Uribe Vargas,1978,1981,Q5806647,Diego Uribe Vargas
Colombia,100,COL,1980,Diego Uribe Vargas,1978,1981,Q5806647,Diego Uribe Vargas
Colombia,100,COL,1981,Diego Uribe Vargas,1978,1981,Q5806647,Diego Uribe Vargas
Colombia,100,COL,1981,Carlos Lemos Simmonds,1981,1982,Q4016455,Carlos Lemos Simmonds
Colombia,100,COL,1982,Carlos Lemos Simmonds,1981,1982,Q4016455,Carlos Lemos Simmonds
Colombia,100,COL,1982,Rodrigo Lloreda Caicedo,1982,1984,Q4208745,
Colombia,100,COL,1983,Rodrigo Lloreda Caicedo,1982,1984,Q4208745,
Colombia,100,COL,1984,Rodrigo Lloreda Caicedo,1982,1984,Q4208745,
Colombia,100,COL,1984,Augusto Ramírez Ocampo,1984,1986,Q4389741,Augusto Ramírez Ocampo
Colombia,100,COL,1985,Augusto Ramírez Ocampo,1984,1986,Q4389741,Augusto Ramírez Ocampo
Colombia,100,COL,1986,Julio Londoño Paredes,1986,1990,Q6309392,Julio Londoño Paredes
Colombia,100,COL,1986,Augusto Ramírez Ocampo,1984,1986,Q4389741,Augusto Ramírez Ocampo
Colombia,100,COL,1987,Julio Londoño Paredes,1986,1990,Q6309392,Julio Londoño Paredes
Colombia,100,COL,1988,Julio Londoño Paredes,1986,1990,Q6309392,Julio Londoño Paredes
Colombia,100,COL,1989,Julio Londoño Paredes,1986,1990,Q6309392,Julio Londoño Paredes
Colombia,100,COL,1990,Luis Fernando Jaramillo Correa,1990,1991,Q4495729,Luis Fernando Jaramillo Correa
Colombia,100,COL,1990,Julio Londoño Paredes,1986,1990,Q6309392,Julio Londoño Paredes
Colombia,100,COL,1991,Luis Fernando Jaramillo Correa,1990,1991,Q4495729,Luis Fernando Jaramillo Correa
Colombia,100,COL,1991,Noemí Sanín,1991,1994,Q435021,Noemí Sanín
Colombia,100,COL,1992,Noemí Sanín,1991,1994,Q435021,Noemí Sanín
Colombia,100,COL,1993,Noemí Sanín,1991,1994,Q435021,Noemí Sanín
Colombia,100,COL,1994,Noemí Sanín,1991,1994,Q435021,Noemí Sanín
Colombia,100,COL,1994,Rodrigo Pardo García-Peña,1994,1996,Q16302258,
Colombia,100,COL,1995,Rodrigo Pardo García-Peña,1994,1996,Q16302258,
Colombia,100,COL,1996,Rodrigo Pardo García-Peña,1994,1996,Q16302258,
Colombia,100,COL,1996,María Emma Mejía,1996,1998,Q3064569,
Colombia,100,COL,1997,María Emma Mejía,1996,1998,Q3064569,
Colombia,100,COL,1998,Camilo Reyes,1998,1998,Q21993603,
Colombia,100,COL,1998,María Emma Mejía,1996,1998,Q3064569,
Colombia,100,COL,1998,Guillermo Fernández de Soto,1998,2002,Q11682271,Guillermo Fernández de Soto
Colombia,100,COL,1999,Guillermo Fernández de Soto,1998,2002,Q11682271,Guillermo Fernández de Soto
Colombia,100,COL,2000,Guillermo Fernández de Soto,1998,2002,Q11682271,Guillermo Fernández de Soto
Colombia,100,COL,2001,Guillermo Fernández de Soto,1998,2002,Q11682271,Guillermo Fernández de Soto
Colombia,100,COL,2002,Guillermo Fernández de Soto,1998,2002,Q11682271,Guillermo Fernández de Soto
Colombia,100,COL,2002,Carolina Barco,2002,2006,Q274594,Carolina Barco
Colombia,100,COL,2003,Carolina Barco,2002,2006,Q274594,Carolina Barco
Colombia,100,COL,2004,Carolina Barco,2002,2006,Q274594,Carolina Barco
Colombia,100,COL,2005,Carolina Barco,2002,2006,Q274594,Carolina Barco
Colombia,100,COL,2006,Carolina Barco,2002,2006,Q274594,Carolina Barco
Colombia,100,COL,2006,María Consuelo Araújo,2006,2007,Q508580,María Consuelo Araújo
Colombia,100,COL,2007,Fernando Araújo,2007,2008,Q485124,
Colombia,100,COL,2007,María Consuelo Araújo,2006,2007,Q508580,María Consuelo Araújo
Colombia,100,COL,2008,Fernando Araújo,2007,2008,Q485124,
Colombia,100,COL,2008,Jaime Bermúdez,2008,2010,Q58206,Jaime Bermúdez
Colombia,100,COL,2009,Jaime Bermúdez,2008,2010,Q58206,Jaime Bermúdez
Colombia,100,COL,2010,María Ángela Holguín,2010,2018,Q954486,María Ángela Holguín
Colombia,100,COL,2010,Jaime Bermúdez,2008,2010,Q58206,Jaime Bermúdez
Colombia,100,COL,2011,María Ángela Holguín,2010,2018,Q954486,María Ángela Holguín
Colombia,100,COL,2012,María Ángela Holguín,2010,2018,Q954486,María Ángela Holguín
Colombia,100,COL,2013,María Ángela Holguín,2010,2018,Q954486,María Ángela Holguín
Colombia,100,COL,2014,María Ángela Holguín,2010,2018,Q954486,María Ángela Holguín
Colombia,100,COL,2015,María Ángela Holguín,2010,2018,Q954486,María Ángela Holguín
Colombia,100,COL,2016,María Ángela Holguín,2010,2018,Q954486,María Ángela Holguín
Colombia,100,COL,2017,María Ángela Holguín,2010,2018,Q954486,María Ángela Holguín
Colombia,100,COL,2018,María Ángela Holguín,2010,2018,Q954486,María Ángela Holguín
Colombia,100,COL,2018,Carlos Holmes Trujillo,2018,2019,Q16490286,Carlos Holmes Trujillo
Colombia,100,COL,2019,Carlos Holmes Trujillo,2018,2019,Q16490286,Carlos Holmes Trujillo
Comoros,581,COM,1975,Said Mohamed Jaffar,1975,1976,Q3173401,Said Mohamed Jaffar
Comoros,581,COM,1975,Ali Mroudjae,1975,1975,Q265289,Ali Mroudjae
Comoros,581,COM,1976,Said Mohamed Jaffar,1975,1976,Q3173401,Said Mohamed Jaffar
Comoros,581,COM,1976,Abdallah Mouzaoir,1976,1978,,
Comoros,581,COM,1976,Ali Soilih,1976,1976,Q878868,Ali Soilih
Comoros,581,COM,1977,Abdallah Mouzaoir,1976,1978,,
Comoros,581,COM,1978,Ali Mroudjae,1978,1982,Q265289,Ali Mroudjae
Comoros,581,COM,1978,Abdallah Mouzaoir,1976,1978,,
Comoros,581,COM,1979,Ali Mroudjae,1978,1982,Q265289,Ali Mroudjae
Comoros,581,COM,1980,Ali Mroudjae,1978,1982,Q265289,Ali Mroudjae
Comoros,581,COM,1981,Ali Mroudjae,1978,1982,Q265289,Ali Mroudjae
Comoros,581,COM,1982,Ali Mroudjae,1978,1982,Q265289,Ali Mroudjae
Comoros,581,COM,1982,Said Kafe,1982,1990,Q4217684,Said Kafe
Comoros,581,COM,1983,Said Kafe,1982,1990,Q4217684,Said Kafe
Comoros,581,COM,1984,Said Kafe,1982,1990,Q4217684,Said Kafe
Comoros,581,COM,1985,Said Kafe,1982,1990,Q4217684,Said Kafe
Comoros,581,COM,1986,Said Kafe,1982,1990,Q4217684,Said Kafe
Comoros,581,COM,1987,Said Kafe,1982,1990,Q4217684,Said Kafe
Comoros,581,COM,1988,Said Kafe,1982,1990,Q4217684,Said Kafe
Comoros,581,COM,1989,Said Kafe,1982,1990,Q4217684,Said Kafe
Comoros,581,COM,1990,Mtara Maecha,1990,1991,Q6930416,Mtara Maecha
Comoros,581,COM,1990,Said Kafe,1982,1990,Q4217684,Said Kafe
Comoros,581,COM,1991,Said Hassane Said Hachim,1991,1993,Q7399899,Said Hassane Said Hachim
Comoros,581,COM,1991,Mtara Maecha,1990,1991,Q6930416,Mtara Maecha
Comoros,581,COM,1992,Said Hassane Said Hachim,1991,1993,Q7399899,Said Hassane Said Hachim
Comoros,581,COM,1993,Mouslim Ben Moussa,1993,1994,,
Comoros,581,COM,1993,Said Hassane Said Hachim,1991,1993,Q7399899,Said Hassane Said Hachim
Comoros,581,COM,1993,Athoumane Said Ahmed,1993,1993,,
Comoros,581,COM,1994,Mouslim Ben Moussa,1993,1994,,
Comoros,581,COM,1994,Said Mohamed Sagaf,1994,1995,,
Comoros,581,COM,1995,Said Mohamed Sagaf,1994,1995,,
Comoros,581,COM,1995,Mohamed Abdoulwahab,1995,1995,Q3318302,Mohamed Abdoulwahab
Comoros,581,COM,1995,Abdallah Mouzaoir,1995,1996,,
Comoros,581,COM,1996,Said Omar Said Ahmed,1996,1997,,
Comoros,581,COM,1996,Abdallah Mouzaoir,1995,1996,,
Comoros,581,COM,1997,Ibrahim Ali Mzimba,1997,1998,Q98083045,Ibrahim Ali Mzimba
Comoros,581,COM,1997,Said Omar Said Ahmed,1996,1997,,
Comoros,581,COM,1997,Mouhtar Ahmed Charif,1997,1997,,
Comoros,581,COM,1998,Salim Himidi,1998,1998,,
Comoros,581,COM,1998,Ibrahim Ali Mzimba,1997,1998,Q98083045,Ibrahim Ali Mzimba
Comoros,581,COM,1998,Nidhoim Attoumane,1998,1999,,
Comoros,581,COM,1999,Nidhoim Attoumane,1998,1999,,
Comoros,581,COM,1999,Souef Mohamed El-Amine,1999,2002,Q3318507,
Comoros,581,COM,2000,Souef Mohamed El-Amine,1999,2002,Q3318507,
Comoros,581,COM,2001,Souef Mohamed El-Amine,1999,2002,Q3318507,
Comoros,581,COM,2002,Souef Mohamed El-Amine,2002,2005,Q3318507,
Comoros,581,COM,2002,Halidi Charif,2002,2002,,
Comoros,581,COM,2002,Souef Mohamed El-Amine,1999,2002,Q3318507,
Comoros,581,COM,2003,Souef Mohamed El-Amine,2002,2005,Q3318507,
Comoros,581,COM,2004,Souef Mohamed El-Amine,2002,2005,Q3318507,
Comoros,581,COM,2005,Souef Mohamed El-Amine,2002,2005,Q3318507,
Comoros,581,COM,2005,Aboudou Soefou,2005,2006,,
Comoros,581,COM,2006,Aboudou Soefou,2005,2006,,
Comoros,581,COM,2006,Ahmed Ben Said Jaffar,2006,2010,Q2827661,Ahmed Ben Said Jaffar
Comoros,581,COM,2007,Ahmed Ben Said Jaffar,2006,2010,Q2827661,Ahmed Ben Said Jaffar
Comoros,581,COM,2008,Ahmed Ben Said Jaffar,2006,2010,Q2827661,Ahmed Ben Said Jaffar
Comoros,581,COM,2009,Ahmed Ben Said Jaffar,2006,2010,Q2827661,Ahmed Ben Said Jaffar
Comoros,581,COM,2010,Fahmi Said Ibrahim,2010,2011,Q5429564,
Comoros,581,COM,2010,Ahmed Ben Said Jaffar,2006,2010,Q2827661,Ahmed Ben Said Jaffar
Comoros,581,COM,2011,Fahmi Said Ibrahim,2010,2011,Q5429564,
Comoros,581,COM,2011,Mohamed Bakri Ben Abdoulfatah Charif,2011,2013,,
Comoros,581,COM,2012,Mohamed Bakri Ben Abdoulfatah Charif,2011,2013,,
Comoros,581,COM,2013,Mohamed Bakri Ben Abdoulfatah Charif,2011,2013,,
Comoros,581,COM,2013,El-Anrif Said Hassane,2013,2015,,
Comoros,581,COM,2014,El-Anrif Said Hassane,2013,2015,,
Comoros,581,COM,2015,Abdoulkarim Mohamed,2015,2016,,
Comoros,581,COM,2015,El-Anrif Said Hassane,2013,2015,,
Comoros,581,COM,2016,Abdoulkarim Mohamed,2015,2016,,
Comoros,581,COM,2016,Mohamed Bacar Dossar,2016,2017,,
Comoros,581,COM,2017,Souef Mohamed El-Amine,2017,2019,Q3318507,
Comoros,581,COM,2017,Mohamed Bacar Dossar,2016,2017,,
Comoros,581,COM,2018,Souef Mohamed El-Amine,2017,2019,Q3318507,
Comoros,581,COM,2019,Souef Mohamed El-Amine,2017,2019,Q3318507,
"Congo, Republic",484,COG,1960,Stéphane Tchitchelle,1960,1963,Q4516818,Stéphane Tchitchelle
"Congo, Republic",484,COG,1961,Stéphane Tchitchelle,1960,1963,Q4516818,Stéphane Tchitchelle
"Congo, Republic",484,COG,1962,Stéphane Tchitchelle,1960,1963,Q4516818,Stéphane Tchitchelle
"Congo, Republic",484,COG,1963,David Charles Ganao,1963,1968,Q1953445,
"Congo, Republic",484,COG,1963,Stéphane Tchitchelle,1960,1963,Q4516818,Stéphane Tchitchelle
"Congo, Republic",484,COG,1964,David Charles Ganao,1963,1968,Q1953445,
"Congo, Republic",484,COG,1965,David Charles Ganao,1963,1968,Q1953445,
"Congo, Republic",484,COG,1966,David Charles Ganao,1963,1968,Q1953445,
"Congo, Republic",484,COG,1967,David Charles Ganao,1963,1968,Q1953445,
"Congo, Republic",484,COG,1968,David Charles Ganao,1963,1968,Q1953445,
"Congo, Republic",484,COG,1968,Nicolas Mondjo,1968,1969,Q106957372,
"Congo, Republic",484,COG,1969,Nicolas Mondjo,1968,1969,Q106957372,
"Congo, Republic",484,COG,1969,Charles Assemekang,1969,1970,Q5075228,Charles Assemekang
"Congo, Republic",484,COG,1970,Charles Assemekang,1969,1970,Q5075228,Charles Assemekang
"Congo, Republic",484,COG,1970,Auxence Ickonga,1970,1971,,
"Congo, Republic",484,COG,1971,Auxence Ickonga,1970,1971,,
"Congo, Republic",484,COG,1971,Henri Lopès,1971,1973,Q324321,Henri Lopès
"Congo, Republic",484,COG,1972,Henri Lopès,1971,1973,Q324321,Henri Lopès
"Congo, Republic",484,COG,1973,Henri Lopès,1971,1973,Q324321,Henri Lopès
"Congo, Republic",484,COG,1973,David Charles Ganao,1973,1975,Q1953445,
"Congo, Republic",484,COG,1974,David Charles Ganao,1973,1975,Q1953445,
"Congo, Republic",484,COG,1975,David Charles Ganao,1973,1975,Q1953445,
"Congo, Republic",484,COG,1975,Théophile Obenga,1975,1979,Q3526683,Théophile Obenga
"Congo, Republic",484,COG,1976,Théophile Obenga,1975,1979,Q3526683,Théophile Obenga
"Congo, Republic",484,COG,1977,Théophile Obenga,1975,1979,Q3526683,Théophile Obenga
"Congo, Republic",484,COG,1978,Théophile Obenga,1975,1979,Q3526683,Théophile Obenga
"Congo, Republic",484,COG,1979,Théophile Obenga,1975,1979,Q3526683,Théophile Obenga
"Congo, Republic",484,COG,1979,Pierre Nze,1979,1984,Q7192383,Pierre Nze
"Congo, Republic",484,COG,1980,Pierre Nze,1979,1984,Q7192383,Pierre Nze
"Congo, Republic",484,COG,1981,Pierre Nze,1979,1984,Q7192383,Pierre Nze
"Congo, Republic",484,COG,1982,Pierre Nze,1979,1984,Q7192383,Pierre Nze
"Congo, Republic",484,COG,1983,Pierre Nze,1979,1984,Q7192383,Pierre Nze
"Congo, Republic",484,COG,1984,Antoine Ndinga Oba,1984,1991,Q4775519,Antoine Ndinga Oba
"Congo, Republic",484,COG,1984,Pierre Nze,1979,1984,Q7192383,Pierre Nze
"Congo, Republic",484,COG,1985,Antoine Ndinga Oba,1984,1991,Q4775519,Antoine Ndinga Oba
"Congo, Republic",484,COG,1986,Antoine Ndinga Oba,1984,1991,Q4775519,Antoine Ndinga Oba
"Congo, Republic",484,COG,1987,Antoine Ndinga Oba,1984,1991,Q4775519,Antoine Ndinga Oba
"Congo, Republic",484,COG,1988,Antoine Ndinga Oba,1984,1991,Q4775519,Antoine Ndinga Oba
"Congo, Republic",484,COG,1989,Antoine Ndinga Oba,1984,1991,Q4775519,Antoine Ndinga Oba
"Congo, Republic",484,COG,1990,Antoine Ndinga Oba,1984,1991,Q4775519,Antoine Ndinga Oba
"Congo, Republic",484,COG,1991,Jean-Blaise Kololo,1991,1992,Q6169029,Jean-Blaise Kololo
"Congo, Republic",484,COG,1991,Antoine Ndinga Oba,1984,1991,Q4775519,Antoine Ndinga Oba
"Congo, Republic",484,COG,1992,Dieudonné Ganga,1992,1992,Q5275219,Dieudonné Ganga
"Congo, Republic",484,COG,1992,Jean-Blaise Kololo,1991,1992,Q6169029,Jean-Blaise Kololo
"Congo, Republic",484,COG,1992,Benjamin Bounkoulou,1992,1995,Q4888314,Benjamin Bounkoulou
"Congo, Republic",484,COG,1993,Benjamin Bounkoulou,1992,1995,Q4888314,Benjamin Bounkoulou
"Congo, Republic",484,COG,1994,Benjamin Bounkoulou,1992,1995,Q4888314,Benjamin Bounkoulou
"Congo, Republic",484,COG,1995,Benjamin Bounkoulou,1992,1995,Q4888314,Benjamin Bounkoulou
"Congo, Republic",484,COG,1995,Arsène Tsaty Boungou,1995,1997,Q4796625,
"Congo, Republic",484,COG,1996,Arsène Tsaty Boungou,1995,1997,Q4796625,
"Congo, Republic",484,COG,1997,Rodolphe Adada,1997,2007,Q3438286,Rodolphe Adada
"Congo, Republic",484,COG,1997,Arsène Tsaty Boungou,1995,1997,Q4796625,
"Congo, Republic",484,COG,1998,Rodolphe Adada,1997,2007,Q3438286,Rodolphe Adada
"Congo, Republic",484,COG,1999,Rodolphe Adada,1997,2007,Q3438286,Rodolphe Adada
"Congo, Republic",484,COG,2000,Rodolphe Adada,1997,2007,Q3438286,Rodolphe Adada
"Congo, Republic",484,COG,2001,Rodolphe Adada,1997,2007,Q3438286,Rodolphe Adada
"Congo, Republic",484,COG,2002,Rodolphe Adada,1997,2007,Q3438286,Rodolphe Adada
"Congo, Republic",484,COG,2003,Rodolphe Adada,1997,2007,Q3438286,Rodolphe Adada
"Congo, Republic",484,COG,2004,Rodolphe Adada,1997,2007,Q3438286,Rodolphe Adada
"Congo, Republic",484,COG,2005,Rodolphe Adada,1997,2007,Q3438286,Rodolphe Adada
"Congo, Republic",484,COG,2006,Rodolphe Adada,1997,2007,Q3438286,Rodolphe Adada
"Congo, Republic",484,COG,2007,Rodolphe Adada,1997,2007,Q3438286,Rodolphe Adada
"Congo, Republic",484,COG,2007,Basile Ikouébé,2007,2015,Q58135,Basile Ikouébé
"Congo, Republic",484,COG,2008,Basile Ikouébé,2007,2015,Q58135,Basile Ikouébé
"Congo, Republic",484,COG,2009,Basile Ikouébé,2007,2015,Q58135,Basile Ikouébé
"Congo, Republic",484,COG,2010,Basile Ikouébé,2007,2015,Q58135,Basile Ikouébé
"Congo, Republic",484,COG,2011,Basile Ikouébé,2007,2015,Q58135,Basile Ikouébé
"Congo, Republic",484,COG,2012,Basile Ikouébé,2007,2015,Q58135,Basile Ikouébé
"Congo, Republic",484,COG,2013,Basile Ikouébé,2007,2015,Q58135,Basile Ikouébé
"Congo, Republic",484,COG,2014,Basile Ikouébé,2007,2015,Q58135,Basile Ikouébé
"Congo, Republic",484,COG,2015,Jean-Claude Gakosso,2015,2019,Q15046890,Jean-Claude Gakosso
"Congo, Republic",484,COG,2015,Basile Ikouébé,2007,2015,Q58135,Basile Ikouébé
"Congo, Republic",484,COG,2016,Jean-Claude Gakosso,2015,2019,Q15046890,Jean-Claude Gakosso
"Congo, Republic",484,COG,2017,Jean-Claude Gakosso,2015,2019,Q15046890,Jean-Claude Gakosso
"Congo, Republic",484,COG,2018,Jean-Claude Gakosso,2015,2019,Q15046890,Jean-Claude Gakosso
"Congo, Republic",484,COG,2019,Jean-Claude Gakosso,2015,2019,Q15046890,Jean-Claude Gakosso
Cook Islands,925,COK,1984,Norman George,1984,1989,Q3343780,Norman George
Cook Islands,925,COK,1985,Norman George,1984,1989,Q3343780,Norman George
Cook Islands,925,COK,1986,Norman George,1984,1989,Q3343780,Norman George
Cook Islands,925,COK,1987,Norman George,1984,1989,Q3343780,Norman George
Cook Islands,925,COK,1988,Norman George,1984,1989,Q3343780,Norman George
Cook Islands,925,COK,1989,Norman George,1984,1989,Q3343780,Norman George
Cook Islands,925,COK,1989,Inatio Akaruru,1989,1999,Q16019714,Inatio Akaruru
Cook Islands,925,COK,1990,Inatio Akaruru,1989,1999,Q16019714,Inatio Akaruru
Cook Islands,925,COK,1991,Inatio Akaruru,1989,1999,Q16019714,Inatio Akaruru
Cook Islands,925,COK,1992,Inatio Akaruru,1989,1999,Q16019714,Inatio Akaruru
Cook Islands,925,COK,1993,Inatio Akaruru,1989,1999,Q16019714,Inatio Akaruru
Cook Islands,925,COK,1994,Inatio Akaruru,1989,1999,Q16019714,Inatio Akaruru
Cook Islands,925,COK,1995,Inatio Akaruru,1989,1999,Q16019714,Inatio Akaruru
Cook Islands,925,COK,1996,Inatio Akaruru,1989,1999,Q16019714,Inatio Akaruru
Cook Islands,925,COK,1997,Inatio Akaruru,1989,1999,Q16019714,Inatio Akaruru
Cook Islands,925,COK,1998,Inatio Akaruru,1989,1999,Q16019714,Inatio Akaruru
Cook Islands,925,COK,1999,Inatio Akaruru,1989,1999,Q16019714,Inatio Akaruru
Cook Islands,925,COK,1999,Robert Woonton,1999,2004,Q2640542,Robert Woonton
Cook Islands,925,COK,1999,Joe Williams,1999,1999,Q1985869,Joe Williams
Cook Islands,925,COK,2000,Robert Woonton,1999,2004,Q2640542,Robert Woonton
Cook Islands,925,COK,2001,Robert Woonton,1999,2004,Q2640542,Robert Woonton
Cook Islands,925,COK,2002,Robert Woonton,1999,2004,Q2640542,Robert Woonton
Cook Islands,925,COK,2003,Robert Woonton,1999,2004,Q2640542,Robert Woonton
Cook Islands,925,COK,2004,Tom Marsters,2004,2005,Q3391025,Tom Marsters
Cook Islands,925,COK,2004,Robert Woonton,1999,2004,Q2640542,Robert Woonton
Cook Islands,925,COK,2005,Wilkie Rasmussen,2005,2009,Q3391007,Wilkie Rasmussen
Cook Islands,925,COK,2005,Tom Marsters,2004,2005,Q3391025,Tom Marsters
Cook Islands,925,COK,2006,Wilkie Rasmussen,2005,2009,Q3391007,Wilkie Rasmussen
Cook Islands,925,COK,2007,Wilkie Rasmussen,2005,2009,Q3391007,Wilkie Rasmussen
Cook Islands,925,COK,2008,Wilkie Rasmussen,2005,2009,Q3391007,Wilkie Rasmussen
Cook Islands,925,COK,2009,Sir Terepai Maoate,2009,2009,Q2989309,
Cook Islands,925,COK,2009,Jim Marurai,2009,2009,Q381810,Jim Marurai
Cook Islands,925,COK,2009,Wilkie Rasmussen,2005,2009,Q3391007,Wilkie Rasmussen
Cook Islands,925,COK,2009,Jim Marurai,2009,2010,Q381810,Jim Marurai
Cook Islands,925,COK,2010,Tom Marsters,2010,2013,Q3391025,Tom Marsters
Cook Islands,925,COK,2010,Robert Wigmore,2010,2010,Q3324531,Robert Wigmore
Cook Islands,925,COK,2010,Jim Marurai,2009,2010,Q381810,Jim Marurai
Cook Islands,925,COK,2011,Tom Marsters,2010,2013,Q3391025,Tom Marsters
Cook Islands,925,COK,2012,Tom Marsters,2010,2013,Q3391025,Tom Marsters
Cook Islands,925,COK,2013,Tom Marsters,2010,2013,Q3391025,Tom Marsters
Cook Islands,925,COK,2013,Henry Puna,2013,2019,Q2569345,Henry Puna
Cook Islands,925,COK,2014,Henry Puna,2013,2019,Q2569345,Henry Puna
Cook Islands,925,COK,2015,Henry Puna,2013,2019,Q2569345,Henry Puna
Cook Islands,925,COK,2016,Henry Puna,2013,2019,Q2569345,Henry Puna
Cook Islands,925,COK,2017,Henry Puna,2013,2019,Q2569345,Henry Puna
Cook Islands,925,COK,2018,Henry Puna,2013,2019,Q2569345,Henry Puna
Cook Islands,925,COK,2019,Henry Puna,2013,2019,Q2569345,Henry Puna
Costa Rica,94,CRI,1949,Ricardo Toledo Escalante,1949,1950,Q4459686,
Costa Rica,94,CRI,1950,Mario Echandi Jiménez,1950,1952,Q365359,Mario Echandi Jiménez
Costa Rica,94,CRI,1950,Ricardo Toledo Escalante,1949,1950,Q4459686,
Costa Rica,94,CRI,1951,Mario Echandi Jiménez,1950,1952,Q365359,Mario Echandi Jiménez
Costa Rica,94,CRI,1952,Mario Echandi Jiménez,1950,1952,Q365359,Mario Echandi Jiménez
Costa Rica,94,CRI,1952,Fernando Lara Bustamante,1952,1953,Q4254477,Fernando Lara Bustamante
Costa Rica,94,CRI,1953,Mario A. Esquivel Arguedas,1953,1956,Q4532723,
Costa Rica,94,CRI,1953,Fernando Lara Bustamante,1952,1953,Q4254477,Fernando Lara Bustamante
Costa Rica,94,CRI,1954,Mario A. Esquivel Arguedas,1953,1956,Q4532723,
Costa Rica,94,CRI,1955,Mario A. Esquivel Arguedas,1953,1956,Q4532723,
Costa Rica,94,CRI,1956,Fernando Volio Sancho,1956,1957,,
Costa Rica,94,CRI,1956,Mario A. Esquivel Arguedas,1953,1956,Q4532723,
Costa Rica,94,CRI,1957,Mario Gómez Calvo,1957,1958,,
Costa Rica,94,CRI,1957,Fernando Volio Sancho,1956,1957,,
Costa Rica,94,CRI,1958,Alfredo Vargas Fernández,1958,1962,,
Costa Rica,94,CRI,1958,Mario Gómez Calvo,1957,1958,,
Costa Rica,94,CRI,1959,Alfredo Vargas Fernández,1958,1962,,
Costa Rica,94,CRI,1960,Alfredo Vargas Fernández,1958,1962,,
Costa Rica,94,CRI,1961,Alfredo Vargas Fernández,1958,1962,,
Costa Rica,94,CRI,1962,Alfredo Vargas Fernández,1958,1962,,
Costa Rica,94,CRI,1962,Daniel Oduber Quirós,1962,1964,Q574685,
Costa Rica,94,CRI,1963,Daniel Oduber Quirós,1962,1964,Q574685,
Costa Rica,94,CRI,1964,Daniel Oduber Quirós,1962,1964,Q574685,
Costa Rica,94,CRI,1965,Mario Gómez Calvo,1965,1966,,
Costa Rica,94,CRI,1966,Fernando Lara Bustamante,1966,1970,Q4254477,Fernando Lara Bustamante
Costa Rica,94,CRI,1966,Mario Gómez Calvo,1965,1966,,
Costa Rica,94,CRI,1967,Fernando Lara Bustamante,1966,1970,Q4254477,Fernando Lara Bustamante
Costa Rica,94,CRI,1968,Fernando Lara Bustamante,1966,1970,Q4254477,Fernando Lara Bustamante
Costa Rica,94,CRI,1969,Fernando Lara Bustamante,1966,1970,Q4254477,Fernando Lara Bustamante
Costa Rica,94,CRI,1970,Fernando Lara Bustamante,1966,1970,Q4254477,Fernando Lara Bustamante
Costa Rica,94,CRI,1970,Gonzalo J. Facio Segreda,1970,1976,Q5883014,
Costa Rica,94,CRI,1971,Gonzalo J. Facio Segreda,1970,1976,Q5883014,
Costa Rica,94,CRI,1972,Gonzalo J. Facio Segreda,1970,1976,Q5883014,
Costa Rica,94,CRI,1973,Gonzalo J. Facio Segreda,1970,1976,Q5883014,
Costa Rica,94,CRI,1974,Gonzalo J. Facio Segreda,1970,1976,Q5883014,
Costa Rica,94,CRI,1975,Gonzalo J. Facio Segreda,1970,1976,Q5883014,
Costa Rica,94,CRI,1976,Gonzalo J. Facio Segreda,1970,1976,Q5883014,
Costa Rica,94,CRI,1976,Wilburg Jiménez Castro,1976,1977,,
Costa Rica,94,CRI,1977,Wilburg Jiménez Castro,1976,1977,,
Costa Rica,94,CRI,1977,Gonzalo J. Facio Segreda,1977,1978,Q5883014,
Costa Rica,94,CRI,1978,Rafael Ángel Calderón Fournier,1978,1980,Q887712,Rafael Ángel Calderón Fournier
Costa Rica,94,CRI,1978,Gonzalo J. Facio Segreda,1977,1978,Q5883014,
Costa Rica,94,CRI,1979,Rafael Ángel Calderón Fournier,1978,1980,Q887712,Rafael Ángel Calderón Fournier
Costa Rica,94,CRI,1980,Bernd H. Niehaus Quesada,1980,1982,Q823960,Bernd H. Niehaus Quesada
Costa Rica,94,CRI,1980,Rafael Ángel Calderón Fournier,1978,1980,Q887712,Rafael Ángel Calderón Fournier
Costa Rica,94,CRI,1981,Bernd H. Niehaus Quesada,1980,1982,Q823960,Bernd H. Niehaus Quesada
Costa Rica,94,CRI,1982,Bernd H. Niehaus Quesada,1980,1982,Q823960,Bernd H. Niehaus Quesada
Costa Rica,94,CRI,1982,Fernando Volio Jiménez,1982,1983,Q5444960,Fernando Volio Jiménez
Costa Rica,94,CRI,1983,Fernando Volio Jiménez,1982,1983,Q5444960,Fernando Volio Jiménez
Costa Rica,94,CRI,1983,Armando Arauz Aguilar,1983,1983,,
Costa Rica,94,CRI,1984,Carlos José Gutiérrez Gutiérrez,1984,1986,Q1042984,Carlos José Gutiérrez Gutiérrez
Costa Rica,94,CRI,1985,Carlos José Gutiérrez Gutiérrez,1984,1986,Q1042984,Carlos José Gutiérrez Gutiérrez
Costa Rica,94,CRI,1986,Carlos José Gutiérrez Gutiérrez,1984,1986,Q1042984,Carlos José Gutiérrez Gutiérrez
Costa Rica,94,CRI,1986,Rodrigo Madrigal Nieto,1986,1990,Q2917228,Rodrigo Madrigal Nieto
Costa Rica,94,CRI,1987,Rodrigo Madrigal Nieto,1986,1990,Q2917228,Rodrigo Madrigal Nieto
Costa Rica,94,CRI,1988,Rodrigo Madrigal Nieto,1986,1990,Q2917228,Rodrigo Madrigal Nieto
Costa Rica,94,CRI,1989,Rodrigo Madrigal Nieto,1986,1990,Q2917228,Rodrigo Madrigal Nieto
Costa Rica,94,CRI,1990,Bernd H. Niehaus Quesada,1990,1994,Q823960,Bernd H. Niehaus Quesada
Costa Rica,94,CRI,1990,Rodrigo Madrigal Nieto,1986,1990,Q2917228,Rodrigo Madrigal Nieto
Costa Rica,94,CRI,1991,Bernd H. Niehaus Quesada,1990,1994,Q823960,Bernd H. Niehaus Quesada
Costa Rica,94,CRI,1992,Bernd H. Niehaus Quesada,1990,1994,Q823960,Bernd H. Niehaus Quesada
Costa Rica,94,CRI,1993,Bernd H. Niehaus Quesada,1990,1994,Q823960,Bernd H. Niehaus Quesada
Costa Rica,94,CRI,1994,Bernd H. Niehaus Quesada,1990,1994,Q823960,Bernd H. Niehaus Quesada
Costa Rica,94,CRI,1994,Fernando Naranjo Villalobos,1994,1998,,
Costa Rica,94,CRI,1995,Fernando Naranjo Villalobos,1994,1998,,
Costa Rica,94,CRI,1996,Fernando Naranjo Villalobos,1994,1998,,
Costa Rica,94,CRI,1997,Fernando Naranjo Villalobos,1994,1998,,
Costa Rica,94,CRI,1998,Fernando Naranjo Villalobos,1994,1998,,
Costa Rica,94,CRI,1998,Roberto Rojas López,1998,2002,,
Costa Rica,94,CRI,1999,Roberto Rojas López,1998,2002,,
Costa Rica,94,CRI,2000,Roberto Rojas López,1998,2002,,
Costa Rica,94,CRI,2001,Roberto Rojas López,1998,2002,,
Costa Rica,94,CRI,2002,Roberto Rojas López,1998,2002,,
Costa Rica,94,CRI,2002,Roberto Tovar Faja,2002,2006,Q7351928,Roberto Tovar Faja
Costa Rica,94,CRI,2003,Roberto Tovar Faja,2002,2006,Q7351928,Roberto Tovar Faja
Costa Rica,94,CRI,2004,Roberto Tovar Faja,2002,2006,Q7351928,Roberto Tovar Faja
Costa Rica,94,CRI,2005,Roberto Tovar Faja,2002,2006,Q7351928,Roberto Tovar Faja
Costa Rica,94,CRI,2006,Bruno Stagno,2006,2010,Q58158,
Costa Rica,94,CRI,2006,Roberto Tovar Faja,2002,2006,Q7351928,Roberto Tovar Faja
Costa Rica,94,CRI,2007,Bruno Stagno,2006,2010,Q58158,
Costa Rica,94,CRI,2008,Bruno Stagno,2006,2010,Q58158,
Costa Rica,94,CRI,2009,Bruno Stagno,2006,2010,Q58158,
Costa Rica,94,CRI,2010,René Castro,2010,2011,Q7313683,René Castro
Costa Rica,94,CRI,2010,Bruno Stagno,2006,2010,Q58158,
Costa Rica,94,CRI,2011,Enrique Castillo,2011,2014,,
Costa Rica,94,CRI,2011,René Castro,2010,2011,Q7313683,René Castro
Costa Rica,94,CRI,2011,Carlos Roverssi,2011,2011,,
Costa Rica,94,CRI,2012,Enrique Castillo,2011,2014,,
Costa Rica,94,CRI,2013,Enrique Castillo,2011,2014,,
Costa Rica,94,CRI,2014,Manuel González Sanz,2014,2018,Q27916850,
Costa Rica,94,CRI,2014,Enrique Castillo,2011,2014,,
Costa Rica,94,CRI,2015,Manuel González Sanz,2014,2018,Q27916850,
Costa Rica,94,CRI,2016,Manuel González Sanz,2014,2018,Q27916850,
Costa Rica,94,CRI,2017,Manuel González Sanz,2014,2018,Q27916850,
Costa Rica,94,CRI,2018,Manuel González Sanz,2014,2018,Q27916850,
Costa Rica,94,CRI,2018,Lorena Aguilar Revelo,2018,2019,Q86721769,Lorena Aguilar Revelo
Costa Rica,94,CRI,2018,Epsy Campbell,2018,2018,Q5384033,
Costa Rica,94,CRI,2019,Lorena Aguilar Revelo,2018,2019,Q86721769,Lorena Aguilar Revelo
Costa Rica,94,CRI,2019,Manuel Ventura,2019,2019,Q23682309,
Cote D'Ivoire,437,CIV,1960,Félix Houphouët-Boigny,1960,1963,Q214407,Félix Houphouët-Boigny
Cote D'Ivoire,437,CIV,1961,Félix Houphouët-Boigny,1960,1963,Q214407,Félix Houphouët-Boigny
Cote D'Ivoire,437,CIV,1962,Félix Houphouët-Boigny,1960,1963,Q214407,Félix Houphouët-Boigny
Cote D'Ivoire,437,CIV,1963,Félix Houphouët-Boigny,1960,1963,Q214407,Félix Houphouët-Boigny
Cote D'Ivoire,437,CIV,1963,Camille Alliali,1963,1966,Q2934840,Camille Alliali
Cote D'Ivoire,437,CIV,1964,Camille Alliali,1963,1966,Q2934840,Camille Alliali
Cote D'Ivoire,437,CIV,1965,Camille Alliali,1963,1966,Q2934840,Camille Alliali
Cote D'Ivoire,437,CIV,1966,Arsène Assouan Usher,1966,1977,Q2864484,
Cote D'Ivoire,437,CIV,1966,Camille Alliali,1963,1966,Q2934840,Camille Alliali
Cote D'Ivoire,437,CIV,1967,Arsène Assouan Usher,1966,1977,Q2864484,
Cote D'Ivoire,437,CIV,1968,Arsène Assouan Usher,1966,1977,Q2864484,
Cote D'Ivoire,437,CIV,1969,Arsène Assouan Usher,1966,1977,Q2864484,
Cote D'Ivoire,437,CIV,1970,Arsène Assouan Usher,1966,1977,Q2864484,
Cote D'Ivoire,437,CIV,1971,Arsène Assouan Usher,1966,1977,Q2864484,
Cote D'Ivoire,437,CIV,1972,Arsène Assouan Usher,1966,1977,Q2864484,
Cote D'Ivoire,437,CIV,1973,Arsène Assouan Usher,1966,1977,Q2864484,
Cote D'Ivoire,437,CIV,1974,Arsène Assouan Usher,1966,1977,Q2864484,
Cote D'Ivoire,437,CIV,1975,Arsène Assouan Usher,1966,1977,Q2864484,
Cote D'Ivoire,437,CIV,1976,Arsène Assouan Usher,1966,1977,Q2864484,
Cote D'Ivoire,437,CIV,1977,Siméon Aké,1977,1990,Q7517560,
Cote D'Ivoire,437,CIV,1977,Arsène Assouan Usher,1966,1977,Q2864484,
Cote D'Ivoire,437,CIV,1978,Siméon Aké,1977,1990,Q7517560,
Cote D'Ivoire,437,CIV,1979,Siméon Aké,1977,1990,Q7517560,
Cote D'Ivoire,437,CIV,1980,Siméon Aké,1977,1990,Q7517560,
Cote D'Ivoire,437,CIV,1981,Siméon Aké,1977,1990,Q7517560,
Cote D'Ivoire,437,CIV,1982,Siméon Aké,1977,1990,Q7517560,
Cote D'Ivoire,437,CIV,1983,Siméon Aké,1977,1990,Q7517560,
Cote D'Ivoire,437,CIV,1984,Siméon Aké,1977,1990,Q7517560,
Cote D'Ivoire,437,CIV,1985,Siméon Aké,1977,1990,Q7517560,
Cote D'Ivoire,437,CIV,1986,Siméon Aké,1977,1990,Q7517560,
Cote D'Ivoire,437,CIV,1987,Siméon Aké,1977,1990,Q7517560,
Cote D'Ivoire,437,CIV,1988,Siméon Aké,1977,1990,Q7517560,
Cote D'Ivoire,437,CIV,1989,Siméon Aké,1977,1990,Q7517560,
Cote D'Ivoire,437,CIV,1990,Siméon Aké,1977,1990,Q7517560,
Cote D'Ivoire,437,CIV,1990,Amara Essy,1990,2000,Q454785,Amara Essy
Cote D'Ivoire,437,CIV,1991,Amara Essy,1990,2000,Q454785,Amara Essy
Cote D'Ivoire,437,CIV,1992,Amara Essy,1990,2000,Q454785,Amara Essy
Cote D'Ivoire,437,CIV,1993,Amara Essy,1990,2000,Q454785,Amara Essy
Cote D'Ivoire,437,CIV,1994,Amara Essy,1990,2000,Q454785,Amara Essy
Cote D'Ivoire,437,CIV,1995,Amara Essy,1990,2000,Q454785,Amara Essy
Cote D'Ivoire,437,CIV,1996,Amara Essy,1990,2000,Q454785,Amara Essy
Cote D'Ivoire,437,CIV,1997,Amara Essy,1990,2000,Q454785,Amara Essy
Cote D'Ivoire,437,CIV,1998,Amara Essy,1990,2000,Q454785,Amara Essy
Cote D'Ivoire,437,CIV,1999,Amara Essy,1990,2000,Q454785,Amara Essy
Cote D'Ivoire,437,CIV,2000,Christophe M'Boua,2000,2000,,
Cote D'Ivoire,437,CIV,2000,Charles Gomis,2000,2000,Q71437989,Charles Gomis
Cote D'Ivoire,437,CIV,2000,Abou Drahamane Sangare,2000,2003,Q60694641,
Cote D'Ivoire,437,CIV,2000,Amara Essy,1990,2000,Q454785,Amara Essy
Cote D'Ivoire,437,CIV,2001,Abou Drahamane Sangare,2000,2003,Q60694641,
Cote D'Ivoire,437,CIV,2002,Abou Drahamane Sangare,2000,2003,Q60694641,
Cote D'Ivoire,437,CIV,2003,Abou Drahamane Sangare,2000,2003,Q60694641,
Cote D'Ivoire,437,CIV,2003,Bamba Mamadou,2003,2006,Q4853306,Bamba Mamadou
Cote D'Ivoire,437,CIV,2004,Bamba Mamadou,2003,2006,Q4853306,Bamba Mamadou
Cote D'Ivoire,437,CIV,2005,Bamba Mamadou,2003,2006,Q4853306,Bamba Mamadou
Cote D'Ivoire,437,CIV,2006,Youssouf Bakayoko,2006,2010,Q58258,Youssouf Bakayoko
Cote D'Ivoire,437,CIV,2006,Bamba Mamadou,2003,2006,Q4853306,Bamba Mamadou
Cote D'Ivoire,437,CIV,2007,Youssouf Bakayoko,2006,2010,Q58258,Youssouf Bakayoko
Cote D'Ivoire,437,CIV,2008,Youssouf Bakayoko,2006,2010,Q58258,Youssouf Bakayoko
Cote D'Ivoire,437,CIV,2009,Youssouf Bakayoko,2006,2010,Q58258,Youssouf Bakayoko
Cote D'Ivoire,437,CIV,2010,Jean-Marie Kacou Gervais,2010,2011,,
Cote D'Ivoire,437,CIV,2010,Alcide Djédjé,2010,2011,Q2640305,Alcide Djédjé
Cote D'Ivoire,437,CIV,2010,Youssouf Bakayoko,2006,2010,Q58258,Youssouf Bakayoko
Cote D'Ivoire,437,CIV,2011,Alcide Djédjé,2010,2011,Q2640305,Alcide Djédjé
Cote D'Ivoire,437,CIV,2011,Daniel Kablan Duncan,2011,2012,Q58154,Daniel Kablan Duncan
Cote D'Ivoire,437,CIV,2011,Jean-Marie Kacou Gervais,2010,2011,,
Cote D'Ivoire,437,CIV,2012,Daniel Kablan Duncan,2011,2012,Q58154,Daniel Kablan Duncan
Cote D'Ivoire,437,CIV,2012,Charles Koffi Diby,2012,2016,Q2959525,Charles Koffi Diby
Cote D'Ivoire,437,CIV,2013,Charles Koffi Diby,2012,2016,Q2959525,Charles Koffi Diby
Cote D'Ivoire,437,CIV,2014,Charles Koffi Diby,2012,2016,Q2959525,Charles Koffi Diby
Cote D'Ivoire,437,CIV,2015,Charles Koffi Diby,2012,2016,Q2959525,Charles Koffi Diby
Cote D'Ivoire,437,CIV,2016,Marcel Amon Tanoh,2016,2019,Q3288607,
Cote D'Ivoire,437,CIV,2016,Albert Toikeusse Mabri,2016,2016,Q1304104,
Cote D'Ivoire,437,CIV,2016,Charles Koffi Diby,2012,2016,Q2959525,Charles Koffi Diby
Cote D'Ivoire,437,CIV,2017,Marcel Amon Tanoh,2016,2019,Q3288607,
Cote D'Ivoire,437,CIV,2018,Marcel Amon Tanoh,2016,2019,Q3288607,
Cote D'Ivoire,437,CIV,2019,Marcel Amon Tanoh,2016,2019,Q3288607,
Croatia,344,HRV,1990,Zdravko Mrsic,1990,1990,Q19706017,
Croatia,344,HRV,1990,Frane Vinko Golem,1990,1991,Q5484755,Frane Vinko Golem
Croatia,344,HRV,1991,Davorin Rudolf,1991,1991,Q14698419,Davorin Rudolf
Croatia,344,HRV,1991,Frane Vinko Golem,1990,1991,Q5484755,Frane Vinko Golem
Croatia,344,HRV,1991,Zvonimir Separovic,1991,1992,Q8075577,
Croatia,344,HRV,1992,Zdenko Skrabalo,1992,1993,Q3508970,
Croatia,344,HRV,1992,Zvonimir Separovic,1991,1992,Q8075577,
Croatia,344,HRV,1993,Mate Granic,1993,2000,Q684999,
Croatia,344,HRV,1993,Zdenko Skrabalo,1992,1993,Q3508970,
Croatia,344,HRV,1994,Mate Granic,1993,2000,Q684999,
Croatia,344,HRV,1995,Mate Granic,1993,2000,Q684999,
Croatia,344,HRV,1996,Mate Granic,1993,2000,Q684999,
Croatia,344,HRV,1997,Mate Granic,1993,2000,Q684999,
Croatia,344,HRV,1998,Mate Granic,1993,2000,Q684999,
Croatia,344,HRV,1999,Mate Granic,1993,2000,Q684999,
Croatia,344,HRV,2000,Tonino Picula,2000,2003,Q2617559,Tonino Picula
Croatia,344,HRV,2000,Mate Granic,1993,2000,Q684999,
Croatia,344,HRV,2001,Tonino Picula,2000,2003,Q2617559,Tonino Picula
Croatia,344,HRV,2002,Tonino Picula,2000,2003,Q2617559,Tonino Picula
Croatia,344,HRV,2003,Miomir Zuzul,2003,2005,Q1937813,
Croatia,344,HRV,2003,Tonino Picula,2000,2003,Q2617559,Tonino Picula
Croatia,344,HRV,2004,Miomir Zuzul,2003,2005,Q1937813,
Croatia,344,HRV,2005,Kolinda Grabar-Kitarovic,2005,2008,Q3176299,
Croatia,344,HRV,2005,Miomir Zuzul,2003,2005,Q1937813,
Croatia,344,HRV,2006,Kolinda Grabar-Kitarovic,2005,2008,Q3176299,
Croatia,344,HRV,2007,Kolinda Grabar-Kitarovic,2005,2008,Q3176299,
Croatia,344,HRV,2008,Kolinda Grabar-Kitarovic,2005,2008,Q3176299,
Croatia,344,HRV,2008,Gordan Jandrokovic,2008,2011,Q1337804,
Croatia,344,HRV,2009,Gordan Jandrokovic,2008,2011,Q1337804,
Croatia,344,HRV,2010,Gordan Jandrokovic,2008,2011,Q1337804,
Croatia,344,HRV,2011,Vesna Pusic,2011,2016,Q58191,
Croatia,344,HRV,2011,Gordan Jandrokovic,2008,2011,Q1337804,
Croatia,344,HRV,2012,Vesna Pusic,2011,2016,Q58191,
Croatia,344,HRV,2013,Vesna Pusic,2011,2016,Q58191,
Croatia,344,HRV,2014,Vesna Pusic,2011,2016,Q58191,
Croatia,344,HRV,2015,Vesna Pusic,2011,2016,Q58191,
Croatia,344,HRV,2016,Vesna Pusic,2011,2016,Q58191,
Croatia,344,HRV,2016,Miro Kovac,2016,2016,Q22160025,
Croatia,344,HRV,2016,Davor Ivo Stier,2016,2017,Q12956737,Davor Ivo Stier
Croatia,344,HRV,2017,Marija Pejcinovic Buric,2017,2019,Q30111243,
Croatia,344,HRV,2017,Davor Ivo Stier,2016,2017,Q12956737,Davor Ivo Stier
Croatia,344,HRV,2018,Marija Pejcinovic Buric,2017,2019,Q30111243,
Croatia,344,HRV,2019,Marija Pejcinovic Buric,2017,2019,Q30111243,
Cuba,40,CUB,1948,Carlos Hevia y de los Reyes Gavilán,1948,1950,Q880225,
Cuba,40,CUB,1949,Carlos Hevia y de los Reyes Gavilán,1948,1950,Q880225,
Cuba,40,CUB,1950,Ernesto Dihigo,1950,1951,Q5394159,Ernesto Dihigo
Cuba,40,CUB,1950,Carlos Hevia y de los Reyes Gavilán,1948,1950,Q880225,
Cuba,40,CUB,1951,Ernesto Dihigo,1950,1951,Q5394159,Ernesto Dihigo
Cuba,40,CUB,1951,Óscar B. Gans y López Martínez,1951,1951,Q8078823,
Cuba,40,CUB,1951,Miguel Suárez Fernández,1951,1951,Q6844388,
Cuba,40,CUB,1951,Aureliano Sánchez Arango,1951,1952,Q775440,Aureliano Sánchez Arango
Cuba,40,CUB,1952,Miguel Ángel de la Campa y Caraveda,1952,1954,Q6844964,Miguel Ángel de la Campa y Caraveda
Cuba,40,CUB,1952,Aureliano Sánchez Arango,1951,1952,Q775440,Aureliano Sánchez Arango
Cuba,40,CUB,1953,Miguel Ángel de la Campa y Caraveda,1952,1954,Q6844964,Miguel Ángel de la Campa y Caraveda
Cuba,40,CUB,1954,Miguel Ángel de la Campa y Caraveda,1952,1954,Q6844964,Miguel Ángel de la Campa y Caraveda
Cuba,40,CUB,1954,Andrés Domingo y Morales del Castillo,1954,1955,Q4760180,Andrés Domingo y Morales del Castillo
Cuba,40,CUB,1955,Carlos Saladrigas y Zayas,1955,1956,Q5042604,
Cuba,40,CUB,1955,Andrés Domingo y Morales del Castillo,1954,1955,Q4760180,Andrés Domingo y Morales del Castillo
Cuba,40,CUB,1956,Carlos Saladrigas y Zayas,1955,1956,Q5042604,
Cuba,40,CUB,1956,Gonzalo Güell y Morales de los Ríos,1956,1959,Q507893,
Cuba,40,CUB,1957,Gonzalo Güell y Morales de los Ríos,1956,1959,Q507893,
Cuba,40,CUB,1958,Gonzalo Güell y Morales de los Ríos,1956,1959,Q507893,
Cuba,40,CUB,1959,Raúl Roa García,1959,1976,Q956516,Raúl Roa García
Cuba,40,CUB,1959,Gonzalo Güell y Morales de los Ríos,1956,1959,Q507893,
Cuba,40,CUB,1959,Roberto Agramonte,1959,1959,Q367116,Roberto Agramonte
Cuba,40,CUB,1960,Raúl Roa García,1959,1976,Q956516,Raúl Roa García
Cuba,40,CUB,1961,Raúl Roa García,1959,1976,Q956516,Raúl Roa García
Cuba,40,CUB,1962,Raúl Roa García,1959,1976,Q956516,Raúl Roa García
Cuba,40,CUB,1963,Raúl Roa García,1959,1976,Q956516,Raúl Roa García
Cuba,40,CUB,1964,Raúl Roa García,1959,1976,Q956516,Raúl Roa García
Cuba,40,CUB,1965,Raúl Roa García,1959,1976,Q956516,Raúl Roa García
Cuba,40,CUB,1966,Raúl Roa García,1959,1976,Q956516,Raúl Roa García
Cuba,40,CUB,1967,Raúl Roa García,1959,1976,Q956516,Raúl Roa García
Cuba,40,CUB,1968,Raúl Roa García,1959,1976,Q956516,Raúl Roa García
Cuba,40,CUB,1969,Raúl Roa García,1959,1976,Q956516,Raúl Roa García
Cuba,40,CUB,1970,Raúl Roa García,1959,1976,Q956516,Raúl Roa García
Cuba,40,CUB,1971,Raúl Roa García,1959,1976,Q956516,Raúl Roa García
Cuba,40,CUB,1972,Raúl Roa García,1959,1976,Q956516,Raúl Roa García
Cuba,40,CUB,1973,Raúl Roa García,1959,1976,Q956516,Raúl Roa García
Cuba,40,CUB,1974,Raúl Roa García,1959,1976,Q956516,Raúl Roa García
Cuba,40,CUB,1975,Raúl Roa García,1959,1976,Q956516,Raúl Roa García
Cuba,40,CUB,1976,Isidoro Malmierca Peoli,1976,1992,Q956466,Isidoro Malmierca Peoli
Cuba,40,CUB,1976,Raúl Roa García,1959,1976,Q956516,Raúl Roa García
Cuba,40,CUB,1977,Isidoro Malmierca Peoli,1976,1992,Q956466,Isidoro Malmierca Peoli
Cuba,40,CUB,1978,Isidoro Malmierca Peoli,1976,1992,Q956466,Isidoro Malmierca Peoli
Cuba,40,CUB,1979,Isidoro Malmierca Peoli,1976,1992,Q956466,Isidoro Malmierca Peoli
Cuba,40,CUB,1980,Isidoro Malmierca Peoli,1976,1992,Q956466,Isidoro Malmierca Peoli
Cuba,40,CUB,1981,Isidoro Malmierca Peoli,1976,1992,Q956466,Isidoro Malmierca Peoli
Cuba,40,CUB,1982,Isidoro Malmierca Peoli,1976,1992,Q956466,Isidoro Malmierca Peoli
Cuba,40,CUB,1983,Isidoro Malmierca Peoli,1976,1992,Q956466,Isidoro Malmierca Peoli
Cuba,40,CUB,1984,Isidoro Malmierca Peoli,1976,1992,Q956466,Isidoro Malmierca Peoli
Cuba,40,CUB,1985,Isidoro Malmierca Peoli,1976,1992,Q956466,Isidoro Malmierca Peoli
Cuba,40,CUB,1986,Isidoro Malmierca Peoli,1976,1992,Q956466,Isidoro Malmierca Peoli
Cuba,40,CUB,1987,Isidoro Malmierca Peoli,1976,1992,Q956466,Isidoro Malmierca Peoli
Cuba,40,CUB,1988,Isidoro Malmierca Peoli,1976,1992,Q956466,Isidoro Malmierca Peoli
Cuba,40,CUB,1989,Isidoro Malmierca Peoli,1976,1992,Q956466,Isidoro Malmierca Peoli
Cuba,40,CUB,1990,Isidoro Malmierca Peoli,1976,1992,Q956466,Isidoro Malmierca Peoli
Cuba,40,CUB,1991,Isidoro Malmierca Peoli,1976,1992,Q956466,Isidoro Malmierca Peoli
Cuba,40,CUB,1992,Ricardo Alarcón de Quesada,1992,1993,Q1345182,
Cuba,40,CUB,1992,Isidoro Malmierca Peoli,1976,1992,Q956466,Isidoro Malmierca Peoli
Cuba,40,CUB,1993,Roberto Robaina González,1993,1999,Q1702623,
Cuba,40,CUB,1993,Ricardo Alarcón de Quesada,1992,1993,Q1345182,
Cuba,40,CUB,1994,Roberto Robaina González,1993,1999,Q1702623,
Cuba,40,CUB,1995,Roberto Robaina González,1993,1999,Q1702623,
Cuba,40,CUB,1996,Roberto Robaina González,1993,1999,Q1702623,
Cuba,40,CUB,1997,Roberto Robaina González,1993,1999,Q1702623,
Cuba,40,CUB,1998,Roberto Robaina González,1993,1999,Q1702623,
Cuba,40,CUB,1999,Felipe Pérez Roque,1999,2009,Q1343579,Felipe Pérez Roque
Cuba,40,CUB,1999,Roberto Robaina González,1993,1999,Q1702623,
Cuba,40,CUB,2000,Felipe Pérez Roque,1999,2009,Q1343579,Felipe Pérez Roque
Cuba,40,CUB,2001,Felipe Pérez Roque,1999,2009,Q1343579,Felipe Pérez Roque
Cuba,40,CUB,2002,Felipe Pérez Roque,1999,2009,Q1343579,Felipe Pérez Roque
Cuba,40,CUB,2003,Felipe Pérez Roque,1999,2009,Q1343579,Felipe Pérez Roque
Cuba,40,CUB,2004,Felipe Pérez Roque,1999,2009,Q1343579,Felipe Pérez Roque
Cuba,40,CUB,2005,Felipe Pérez Roque,1999,2009,Q1343579,Felipe Pérez Roque
Cuba,40,CUB,2006,Felipe Pérez Roque,1999,2009,Q1343579,Felipe Pérez Roque
Cuba,40,CUB,2007,Felipe Pérez Roque,1999,2009,Q1343579,Felipe Pérez Roque
Cuba,40,CUB,2008,Felipe Pérez Roque,1999,2009,Q1343579,Felipe Pérez Roque
Cuba,40,CUB,2009,Bruno Rodríguez Parrilla,2009,2019,Q58183,Bruno Rodríguez Parrilla
Cuba,40,CUB,2009,Felipe Pérez Roque,1999,2009,Q1343579,Felipe Pérez Roque
Cuba,40,CUB,2010,Bruno Rodríguez Parrilla,2009,2019,Q58183,Bruno Rodríguez Parrilla
Cuba,40,CUB,2011,Bruno Rodríguez Parrilla,2009,2019,Q58183,Bruno Rodríguez Parrilla
Cuba,40,CUB,2012,Bruno Rodríguez Parrilla,2009,2019,Q58183,Bruno Rodríguez Parrilla
Cuba,40,CUB,2013,Bruno Rodríguez Parrilla,2009,2019,Q58183,Bruno Rodríguez Parrilla
Cuba,40,CUB,2014,Bruno Rodríguez Parrilla,2009,2019,Q58183,Bruno Rodríguez Parrilla
Cuba,40,CUB,2015,Bruno Rodríguez Parrilla,2009,2019,Q58183,Bruno Rodríguez Parrilla
Cuba,40,CUB,2016,Bruno Rodríguez Parrilla,2009,2019,Q58183,Bruno Rodríguez Parrilla
Cuba,40,CUB,2017,Bruno Rodríguez Parrilla,2009,2019,Q58183,Bruno Rodríguez Parrilla
Cuba,40,CUB,2018,Bruno Rodríguez Parrilla,2009,2019,Q58183,Bruno Rodríguez Parrilla
Cuba,40,CUB,2019,Bruno Rodríguez Parrilla,2009,2019,Q58183,Bruno Rodríguez Parrilla
Cyprus,352,CYP,1959,Makarios III,1959,1960,Q153509,Makarios III
Cyprus,352,CYP,1960,Makarios III,1959,1960,Q153509,Makarios III
Cyprus,352,CYP,1960,Spyros Kyprianou,1960,1972,Q552389,
Cyprus,352,CYP,1961,Spyros Kyprianou,1960,1972,Q552389,
Cyprus,352,CYP,1962,Spyros Kyprianou,1960,1972,Q552389,
Cyprus,352,CYP,1963,Spyros Kyprianou,1960,1972,Q552389,
Cyprus,352,CYP,1964,Spyros Kyprianou,1960,1972,Q552389,
Cyprus,352,CYP,1965,Spyros Kyprianou,1960,1972,Q552389,
Cyprus,352,CYP,1966,Spyros Kyprianou,1960,1972,Q552389,
Cyprus,352,CYP,1967,Spyros Kyprianou,1960,1972,Q552389,
Cyprus,352,CYP,1968,Spyros Kyprianou,1960,1972,Q552389,
Cyprus,352,CYP,1969,Spyros Kyprianou,1960,1972,Q552389,
Cyprus,352,CYP,1970,Spyros Kyprianou,1960,1972,Q552389,
Cyprus,352,CYP,1971,Spyros Kyprianou,1960,1972,Q552389,
Cyprus,352,CYP,1972,Ioannis Christophidis,1972,1974,Q65966929,
Cyprus,352,CYP,1972,Spyros Kyprianou,1960,1972,Q552389,
Cyprus,352,CYP,1973,Ioannis Christophidis,1972,1974,Q65966929,
Cyprus,352,CYP,1974,Ioannis Christophidis,1972,1974,Q65966929,
Cyprus,352,CYP,1974,Ioannis Christophidis,1974,1978,Q65966929,
Cyprus,352,CYP,1974,Ntimis Dimitriou,1974,1974,,
Cyprus,352,CYP,1974,Glafkos Kliridis,1974,1974,Q317648,
Cyprus,352,CYP,1975,Ioannis Christophidis,1974,1978,Q65966929,
Cyprus,352,CYP,1976,Ioannis Christophidis,1974,1978,Q65966929,
Cyprus,352,CYP,1977,Ioannis Christophidis,1974,1978,Q65966929,
Cyprus,352,CYP,1978,Ioannis Christophidis,1974,1978,Q65966929,
Cyprus,352,CYP,1978,Nikos Rolandis,1978,1983,Q25110471,Nikos Rolandis
Cyprus,352,CYP,1979,Nikos Rolandis,1978,1983,Q25110471,Nikos Rolandis
Cyprus,352,CYP,1980,Nikos Rolandis,1978,1983,Q25110471,Nikos Rolandis
Cyprus,352,CYP,1981,Nikos Rolandis,1978,1983,Q25110471,Nikos Rolandis
Cyprus,352,CYP,1982,Nikos Rolandis,1978,1983,Q25110471,Nikos Rolandis
Cyprus,352,CYP,1983,Georgios Iakovou,1983,1993,Q446439,
Cyprus,352,CYP,1983,Nikos Rolandis,1978,1983,Q25110471,Nikos Rolandis
Cyprus,352,CYP,1984,Georgios Iakovou,1983,1993,Q446439,
Cyprus,352,CYP,1985,Georgios Iakovou,1983,1993,Q446439,
Cyprus,352,CYP,1986,Georgios Iakovou,1983,1993,Q446439,
Cyprus,352,CYP,1987,Georgios Iakovou,1983,1993,Q446439,
Cyprus,352,CYP,1988,Georgios Iakovou,1983,1993,Q446439,
Cyprus,352,CYP,1989,Georgios Iakovou,1983,1993,Q446439,
Cyprus,352,CYP,1990,Georgios Iakovou,1983,1993,Q446439,
Cyprus,352,CYP,1991,Georgios Iakovou,1983,1993,Q446439,
Cyprus,352,CYP,1992,Georgios Iakovou,1983,1993,Q446439,
Cyprus,352,CYP,1993,Georgios Iakovou,1983,1993,Q446439,
Cyprus,352,CYP,1993,Alekos Michailidis,1993,1997,Q1380358,
Cyprus,352,CYP,1994,Alekos Michailidis,1993,1997,Q1380358,
Cyprus,352,CYP,1995,Alekos Michailidis,1993,1997,Q1380358,
Cyprus,352,CYP,1996,Alekos Michailidis,1993,1997,Q1380358,
Cyprus,352,CYP,1997,Alekos Michailidis,1993,1997,Q1380358,
Cyprus,352,CYP,1997,Ioannis Kasoulidis,1997,2003,Q1671928,Ioannis Kasoulidis
Cyprus,352,CYP,1998,Ioannis Kasoulidis,1997,2003,Q1671928,Ioannis Kasoulidis
Cyprus,352,CYP,1999,Ioannis Kasoulidis,1997,2003,Q1671928,Ioannis Kasoulidis
Cyprus,352,CYP,2000,Ioannis Kasoulidis,1997,2003,Q1671928,Ioannis Kasoulidis
Cyprus,352,CYP,2001,Ioannis Kasoulidis,1997,2003,Q1671928,Ioannis Kasoulidis
Cyprus,352,CYP,2002,Ioannis Kasoulidis,1997,2003,Q1671928,Ioannis Kasoulidis
Cyprus,352,CYP,2003,Georgios Iakovou,2003,2006,Q446439,
Cyprus,352,CYP,2003,Ioannis Kasoulidis,1997,2003,Q1671928,Ioannis Kasoulidis
Cyprus,352,CYP,2004,Georgios Iakovou,2003,2006,Q446439,
Cyprus,352,CYP,2005,Georgios Iakovou,2003,2006,Q446439,
Cyprus,352,CYP,2006,Giorgos Lillikas,2006,2007,Q694791,Giorgos Lillikas
Cyprus,352,CYP,2006,Georgios Iakovou,2003,2006,Q446439,
Cyprus,352,CYP,2007,Erato Kozakou-Markoulli,2007,2008,Q2075776,
Cyprus,352,CYP,2007,Giorgos Lillikas,2006,2007,Q694791,Giorgos Lillikas
Cyprus,352,CYP,2008,Markos Kyprianou,2008,2011,Q511455,Markos Kyprianou
Cyprus,352,CYP,2008,Erato Kozakou-Markoulli,2007,2008,Q2075776,
Cyprus,352,CYP,2009,Markos Kyprianou,2008,2011,Q511455,Markos Kyprianou
Cyprus,352,CYP,2010,Markos Kyprianou,2008,2011,Q511455,Markos Kyprianou
Cyprus,352,CYP,2011,Markos Kyprianou,2008,2011,Q511455,Markos Kyprianou
Cyprus,352,CYP,2011,Erato Kozakou-Markoulli,2011,2013,Q2075776,
Cyprus,352,CYP,2012,Erato Kozakou-Markoulli,2011,2013,Q2075776,
Cyprus,352,CYP,2013,Erato Kozakou-Markoulli,2011,2013,Q2075776,
Cyprus,352,CYP,2013,Ioannis Kasoulidis,2013,2018,Q1671928,Ioannis Kasoulidis
Cyprus,352,CYP,2014,Ioannis Kasoulidis,2013,2018,Q1671928,Ioannis Kasoulidis
Cyprus,352,CYP,2015,Ioannis Kasoulidis,2013,2018,Q1671928,Ioannis Kasoulidis
Cyprus,352,CYP,2016,Ioannis Kasoulidis,2013,2018,Q1671928,Ioannis Kasoulidis
Cyprus,352,CYP,2017,Ioannis Kasoulidis,2013,2018,Q1671928,Ioannis Kasoulidis
Cyprus,352,CYP,2018,Nikos Christodoulidis,2018,2019,Q48905549,Nikos Christodoulidis
Cyprus,352,CYP,2018,Ioannis Kasoulidis,2013,2018,Q1671928,Ioannis Kasoulidis
Cyprus,352,CYP,2019,Nikos Christodoulidis,2018,2019,Q48905549,Nikos Christodoulidis
Czech Republic,316,CZE,1992,Josef Zieleniec,1992,1997,Q447452,Josef Zieleniec
Czech Republic,316,CZE,1993,Josef Zieleniec,1992,1997,Q447452,Josef Zieleniec
Czech Republic,316,CZE,1994,Josef Zieleniec,1992,1997,Q447452,Josef Zieleniec
Czech Republic,316,CZE,1995,Josef Zieleniec,1992,1997,Q447452,Josef Zieleniec
Czech Republic,316,CZE,1996,Josef Zieleniec,1992,1997,Q447452,Josef Zieleniec
Czech Republic,316,CZE,1997,Josef Zieleniec,1992,1997,Q447452,Josef Zieleniec
Czech Republic,316,CZE,1997,Jaroslav Sedivý,1997,1998,Q554186,
Czech Republic,316,CZE,1998,Jan Kavan,1998,2002,Q1397396,Jan Kavan
Czech Republic,316,CZE,1998,Jaroslav Sedivý,1997,1998,Q554186,
Czech Republic,316,CZE,1999,Jan Kavan,1998,2002,Q1397396,Jan Kavan
Czech Republic,316,CZE,2000,Jan Kavan,1998,2002,Q1397396,Jan Kavan
Czech Republic,316,CZE,2001,Jan Kavan,1998,2002,Q1397396,Jan Kavan
Czech Republic,316,CZE,2002,Jan Kavan,1998,2002,Q1397396,Jan Kavan
Czech Republic,316,CZE,2002,Cyril Svoboda,2002,2006,Q696669,Cyril Svoboda
Czech Republic,316,CZE,2003,Cyril Svoboda,2002,2006,Q696669,Cyril Svoboda
Czech Republic,316,CZE,2004,Cyril Svoboda,2002,2006,Q696669,Cyril Svoboda
Czech Republic,316,CZE,2005,Cyril Svoboda,2002,2006,Q696669,Cyril Svoboda
Czech Republic,316,CZE,2006,Cyril Svoboda,2002,2006,Q696669,Cyril Svoboda
Czech Republic,316,CZE,2006,Alexandr Vondra,2006,2007,Q939484,Alexandr Vondra
Czech Republic,316,CZE,2007,Karel Schwarzenberg,2007,2009,Q58195,Karel Schwarzenberg
Czech Republic,316,CZE,2007,Alexandr Vondra,2006,2007,Q939484,Alexandr Vondra
Czech Republic,316,CZE,2008,Karel Schwarzenberg,2007,2009,Q58195,Karel Schwarzenberg
Czech Republic,316,CZE,2009,Jan Kohout,2009,2010,Q943014,Jan Kohout
Czech Republic,316,CZE,2009,Karel Schwarzenberg,2007,2009,Q58195,Karel Schwarzenberg
Czech Republic,316,CZE,2010,Karel Schwarzenberg,2010,2013,Q58195,Karel Schwarzenberg
Czech Republic,316,CZE,2010,Jan Kohout,2009,2010,Q943014,Jan Kohout
Czech Republic,316,CZE,2011,Karel Schwarzenberg,2010,2013,Q58195,Karel Schwarzenberg
Czech Republic,316,CZE,2012,Karel Schwarzenberg,2010,2013,Q58195,Karel Schwarzenberg
Czech Republic,316,CZE,2013,Karel Schwarzenberg,2010,2013,Q58195,Karel Schwarzenberg
Czech Republic,316,CZE,2013,Jan Kohout,2013,2014,Q943014,Jan Kohout
Czech Republic,316,CZE,2014,Lubomír Zaorálek,2014,2017,Q949828,Lubomír Zaorálek
Czech Republic,316,CZE,2014,Jan Kohout,2013,2014,Q943014,Jan Kohout
Czech Republic,316,CZE,2015,Lubomír Zaorálek,2014,2017,Q949828,Lubomír Zaorálek
Czech Republic,316,CZE,2016,Lubomír Zaorálek,2014,2017,Q949828,Lubomír Zaorálek
Czech Republic,316,CZE,2017,Martin Stropnický,2017,2018,Q12035846,Martin Stropnický
Czech Republic,316,CZE,2017,Lubomír Zaorálek,2014,2017,Q949828,Lubomír Zaorálek
Czech Republic,316,CZE,2018,Jan Hamácek,2018,2018,Q12022546,
Czech Republic,316,CZE,2018,Tomás Petrícek,2018,2019,Q56651188,
Czech Republic,316,CZE,2018,Martin Stropnický,2017,2018,Q12035846,Martin Stropnický
Czech Republic,316,CZE,2019,Tomás Petrícek,2018,2019,Q56651188,
Czechoslovakia,315,CSK,1948,Vladimír Clementis,1948,1950,Q975331,Vladimír Clementis
Czechoslovakia,315,CSK,1949,Vladimír Clementis,1948,1950,Q975331,Vladimír Clementis
Czechoslovakia,315,CSK,1950,Vladimír Clementis,1948,1950,Q975331,Vladimír Clementis
Czechoslovakia,315,CSK,1950,Viliam Siroký,1950,1953,Q1399968,
Czechoslovakia,315,CSK,1951,Viliam Siroký,1950,1953,Q1399968,
Czechoslovakia,315,CSK,1952,Viliam Siroký,1950,1953,Q1399968,
Czechoslovakia,315,CSK,1953,Václav David,1953,1968,Q2359756,Václav David
Czechoslovakia,315,CSK,1953,Viliam Siroký,1950,1953,Q1399968,
Czechoslovakia,315,CSK,1954,Václav David,1953,1968,Q2359756,Václav David
Czechoslovakia,315,CSK,1955,Václav David,1953,1968,Q2359756,Václav David
Czechoslovakia,315,CSK,1956,Václav David,1953,1968,Q2359756,Václav David
Czechoslovakia,315,CSK,1957,Václav David,1953,1968,Q2359756,Václav David
Czechoslovakia,315,CSK,1958,Václav David,1953,1968,Q2359756,Václav David
Czechoslovakia,315,CSK,1959,Václav David,1953,1968,Q2359756,Václav David
Czechoslovakia,315,CSK,1960,Václav David,1953,1968,Q2359756,Václav David
Czechoslovakia,315,CSK,1961,Václav David,1953,1968,Q2359756,Václav David
Czechoslovakia,315,CSK,1962,Václav David,1953,1968,Q2359756,Václav David
Czechoslovakia,315,CSK,1963,Václav David,1953,1968,Q2359756,Václav David
Czechoslovakia,315,CSK,1964,Václav David,1953,1968,Q2359756,Václav David
Czechoslovakia,315,CSK,1965,Václav David,1953,1968,Q2359756,Václav David
Czechoslovakia,315,CSK,1966,Václav David,1953,1968,Q2359756,Václav David
Czechoslovakia,315,CSK,1967,Václav David,1953,1968,Q2359756,Václav David
Czechoslovakia,315,CSK,1968,Jirí Hájek,1968,1968,Q983855,
Czechoslovakia,315,CSK,1968,Václav David,1953,1968,Q2359756,Václav David
Czechoslovakia,315,CSK,1968,Václav Pleskot,1968,1969,Q4364872,Václav Pleskot
Czechoslovakia,315,CSK,1968,Oldrich Cerník,1968,1968,Q555701,
Czechoslovakia,315,CSK,1969,Václav Pleskot,1968,1969,Q4364872,Václav Pleskot
Czechoslovakia,315,CSK,1969,Ján Marko,1969,1971,Q12027413,Ján Marko
Czechoslovakia,315,CSK,1970,Ján Marko,1969,1971,Q12027413,Ján Marko
Czechoslovakia,315,CSK,1971,Bohuslav Chnoupek,1971,1988,Q3489137,Bohuslav Chnoupek
Czechoslovakia,315,CSK,1971,Ján Marko,1969,1971,Q12027413,Ján Marko
Czechoslovakia,315,CSK,1972,Bohuslav Chnoupek,1971,1988,Q3489137,Bohuslav Chnoupek
Czechoslovakia,315,CSK,1973,Bohuslav Chnoupek,1971,1988,Q3489137,Bohuslav Chnoupek
Czechoslovakia,315,CSK,1974,Bohuslav Chnoupek,1971,1988,Q3489137,Bohuslav Chnoupek
Czechoslovakia,315,CSK,1975,Bohuslav Chnoupek,1971,1988,Q3489137,Bohuslav Chnoupek
Czechoslovakia,315,CSK,1976,Bohuslav Chnoupek,1971,1988,Q3489137,Bohuslav Chnoupek
Czechoslovakia,315,CSK,1977,Bohuslav Chnoupek,1971,1988,Q3489137,Bohuslav Chnoupek
Czechoslovakia,315,CSK,1978,Bohuslav Chnoupek,1971,1988,Q3489137,Bohuslav Chnoupek
Czechoslovakia,315,CSK,1979,Bohuslav Chnoupek,1971,1988,Q3489137,Bohuslav Chnoupek
Czechoslovakia,315,CSK,1980,Bohuslav Chnoupek,1971,1988,Q3489137,Bohuslav Chnoupek
Czechoslovakia,315,CSK,1981,Bohuslav Chnoupek,1971,1988,Q3489137,Bohuslav Chnoupek
Czechoslovakia,315,CSK,1982,Bohuslav Chnoupek,1971,1988,Q3489137,Bohuslav Chnoupek
Czechoslovakia,315,CSK,1983,Bohuslav Chnoupek,1971,1988,Q3489137,Bohuslav Chnoupek
Czechoslovakia,315,CSK,1984,Bohuslav Chnoupek,1971,1988,Q3489137,Bohuslav Chnoupek
Czechoslovakia,315,CSK,1985,Bohuslav Chnoupek,1971,1988,Q3489137,Bohuslav Chnoupek
Czechoslovakia,315,CSK,1986,Bohuslav Chnoupek,1971,1988,Q3489137,Bohuslav Chnoupek
Czechoslovakia,315,CSK,1987,Bohuslav Chnoupek,1971,1988,Q3489137,Bohuslav Chnoupek
Czechoslovakia,315,CSK,1988,Jaromír Johanes,1988,1989,Q12023636,Jaromír Johanes
Czechoslovakia,315,CSK,1988,Bohuslav Chnoupek,1971,1988,Q3489137,Bohuslav Chnoupek
Czechoslovakia,315,CSK,1989,Jaromír Johanes,1988,1989,Q12023636,Jaromír Johanes
Czechoslovakia,315,CSK,1989,Jirí Dienstbier,1989,1992,Q375208,
Czechoslovakia,315,CSK,1990,Jirí Dienstbier,1989,1992,Q375208,
Czechoslovakia,315,CSK,1991,Jirí Dienstbier,1989,1992,Q375208,
Czechoslovakia,315,CSK,1992,Jirí Dienstbier,1989,1992,Q375208,
Czechoslovakia,315,CSK,1992,Jozef Moravcík,1992,1992,Q705654,
Denmark,390,DNK,1945,Gustav Rasmussen,1945,1950,Q11973422,Gustav Rasmussen
Denmark,390,DNK,1946,Gustav Rasmussen,1945,1950,Q11973422,Gustav Rasmussen
Denmark,390,DNK,1947,Gustav Rasmussen,1945,1950,Q11973422,Gustav Rasmussen
Denmark,390,DNK,1948,Gustav Rasmussen,1945,1950,Q11973422,Gustav Rasmussen
Denmark,390,DNK,1949,Gustav Rasmussen,1945,1950,Q11973422,Gustav Rasmussen
Denmark,390,DNK,1950,Gustav Rasmussen,1945,1950,Q11973422,Gustav Rasmussen
Denmark,390,DNK,1950,Ole Bjørn Kraft,1950,1953,Q1402109,Ole Bjørn Kraft
Denmark,390,DNK,1951,Ole Bjørn Kraft,1950,1953,Q1402109,Ole Bjørn Kraft
Denmark,390,DNK,1952,Ole Bjørn Kraft,1950,1953,Q1402109,Ole Bjørn Kraft
Denmark,390,DNK,1953,Ole Bjørn Kraft,1950,1953,Q1402109,Ole Bjørn Kraft
Denmark,390,DNK,1953,Hans Christian Hansen,1953,1958,Q721358,Hans Christian Hansen
Denmark,390,DNK,1954,Hans Christian Hansen,1953,1958,Q721358,Hans Christian Hansen
Denmark,390,DNK,1955,Hans Christian Hansen,1953,1958,Q721358,Hans Christian Hansen
Denmark,390,DNK,1956,Hans Christian Hansen,1953,1958,Q721358,Hans Christian Hansen
Denmark,390,DNK,1957,Hans Christian Hansen,1953,1958,Q721358,Hans Christian Hansen
Denmark,390,DNK,1958,Jens Otto Krag,1958,1962,Q441330,Jens Otto Krag
Denmark,390,DNK,1958,Hans Christian Hansen,1953,1958,Q721358,Hans Christian Hansen
Denmark,390,DNK,1959,Jens Otto Krag,1958,1962,Q441330,Jens Otto Krag
Denmark,390,DNK,1960,Jens Otto Krag,1958,1962,Q441330,Jens Otto Krag
Denmark,390,DNK,1961,Jens Otto Krag,1958,1962,Q441330,Jens Otto Krag
Denmark,390,DNK,1962,Per Hækkerup,1962,1966,Q707374,Per Hækkerup
Denmark,390,DNK,1962,Jens Otto Krag,1958,1962,Q441330,Jens Otto Krag
Denmark,390,DNK,1963,Per Hækkerup,1962,1966,Q707374,Per Hækkerup
Denmark,390,DNK,1964,Per Hækkerup,1962,1966,Q707374,Per Hækkerup
Denmark,390,DNK,1965,Per Hækkerup,1962,1966,Q707374,Per Hækkerup
Denmark,390,DNK,1966,Per Hækkerup,1962,1966,Q707374,Per Hækkerup
Denmark,390,DNK,1966,Jens Otto Krag,1966,1967,Q441330,Jens Otto Krag
Denmark,390,DNK,1967,Hans Tabor,1967,1968,Q4575376,Hans Tabor
Denmark,390,DNK,1967,Jens Otto Krag,1966,1967,Q441330,Jens Otto Krag
Denmark,390,DNK,1968,Poul Hartling,1968,1971,Q348901,Poul Hartling
Denmark,390,DNK,1968,Hans Tabor,1967,1968,Q4575376,Hans Tabor
Denmark,390,DNK,1969,Poul Hartling,1968,1971,Q348901,Poul Hartling
Denmark,390,DNK,1970,Poul Hartling,1968,1971,Q348901,Poul Hartling
Denmark,390,DNK,1971,Poul Hartling,1968,1971,Q348901,Poul Hartling
Denmark,390,DNK,1971,Knud Børge Andersen,1971,1973,Q151763,Knud Børge Andersen
Denmark,390,DNK,1972,Knud Børge Andersen,1971,1973,Q151763,Knud Børge Andersen
Denmark,390,DNK,1973,Knud Børge Andersen,1971,1973,Q151763,Knud Børge Andersen
Denmark,390,DNK,1973,Ove Guldberg,1973,1975,Q5776189,Ove Guldberg
Denmark,390,DNK,1974,Ove Guldberg,1973,1975,Q5776189,Ove Guldberg
Denmark,390,DNK,1975,Knud Børge Andersen,1975,1978,Q151763,Knud Børge Andersen
Denmark,390,DNK,1975,Ove Guldberg,1973,1975,Q5776189,Ove Guldberg
Denmark,390,DNK,1976,Knud Børge Andersen,1975,1978,Q151763,Knud Børge Andersen
Denmark,390,DNK,1977,Knud Børge Andersen,1975,1978,Q151763,Knud Børge Andersen
Denmark,390,DNK,1978,Anker Jørgensen,1978,1978,Q312881,Anker Jørgensen
Denmark,390,DNK,1978,Henning Christophersen,1978,1979,Q646148,Henning Christophersen
Denmark,390,DNK,1978,Knud Børge Andersen,1975,1978,Q151763,Knud Børge Andersen
Denmark,390,DNK,1979,Henning Christophersen,1978,1979,Q646148,Henning Christophersen
Denmark,390,DNK,1979,Kjeld Olesen,1979,1982,Q323762,Kjeld Olesen
Denmark,390,DNK,1980,Kjeld Olesen,1979,1982,Q323762,Kjeld Olesen
Denmark,390,DNK,1981,Kjeld Olesen,1979,1982,Q323762,Kjeld Olesen
Denmark,390,DNK,1982,Uffe Ellemann-Jensen,1982,1993,Q698080,Uffe Ellemann-Jensen
Denmark,390,DNK,1982,Kjeld Olesen,1979,1982,Q323762,Kjeld Olesen
Denmark,390,DNK,1983,Uffe Ellemann-Jensen,1982,1993,Q698080,Uffe Ellemann-Jensen
Denmark,390,DNK,1984,Uffe Ellemann-Jensen,1982,1993,Q698080,Uffe Ellemann-Jensen
Denmark,390,DNK,1985,Uffe Ellemann-Jensen,1982,1993,Q698080,Uffe Ellemann-Jensen
Denmark,390,DNK,1986,Uffe Ellemann-Jensen,1982,1993,Q698080,Uffe Ellemann-Jensen
Denmark,390,DNK,1987,Uffe Ellemann-Jensen,1982,1993,Q698080,Uffe Ellemann-Jensen
Denmark,390,DNK,1988,Uffe Ellemann-Jensen,1982,1993,Q698080,Uffe Ellemann-Jensen
Denmark,390,DNK,1989,Uffe Ellemann-Jensen,1982,1993,Q698080,Uffe Ellemann-Jensen
Denmark,390,DNK,1990,Uffe Ellemann-Jensen,1982,1993,Q698080,Uffe Ellemann-Jensen
Denmark,390,DNK,1991,Uffe Ellemann-Jensen,1982,1993,Q698080,Uffe Ellemann-Jensen
Denmark,390,DNK,1992,Uffe Ellemann-Jensen,1982,1993,Q698080,Uffe Ellemann-Jensen
Denmark,390,DNK,1993,Uffe Ellemann-Jensen,1982,1993,Q698080,Uffe Ellemann-Jensen
Denmark,390,DNK,1993,Niels Helveg Petersen,1993,2000,Q425708,Niels Helveg Petersen
Denmark,390,DNK,1994,Niels Helveg Petersen,1993,2000,Q425708,Niels Helveg Petersen
Denmark,390,DNK,1995,Niels Helveg Petersen,1993,2000,Q425708,Niels Helveg Petersen
Denmark,390,DNK,1996,Niels Helveg Petersen,1993,2000,Q425708,Niels Helveg Petersen
Denmark,390,DNK,1997,Niels Helveg Petersen,1993,2000,Q425708,Niels Helveg Petersen
Denmark,390,DNK,1998,Niels Helveg Petersen,1993,2000,Q425708,Niels Helveg Petersen
Denmark,390,DNK,1999,Niels Helveg Petersen,1993,2000,Q425708,Niels Helveg Petersen
Denmark,390,DNK,2000,Mogens Lykketoft,2000,2001,Q1937560,Mogens Lykketoft
Denmark,390,DNK,2000,Niels Helveg Petersen,1993,2000,Q425708,Niels Helveg Petersen
Denmark,390,DNK,2001,Per Stig Møller,2001,2010,Q697184,Per Stig Møller
Denmark,390,DNK,2001,Mogens Lykketoft,2000,2001,Q1937560,Mogens Lykketoft
Denmark,390,DNK,2002,Per Stig Møller,2001,2010,Q697184,Per Stig Møller
Denmark,390,DNK,2003,Per Stig Møller,2001,2010,Q697184,Per Stig Møller
Denmark,390,DNK,2004,Per Stig Møller,2001,2010,Q697184,Per Stig Møller
Denmark,390,DNK,2005,Per Stig Møller,2001,2010,Q697184,Per Stig Møller
Denmark,390,DNK,2006,Per Stig Møller,2001,2010,Q697184,Per Stig Møller
Denmark,390,DNK,2007,Per Stig Møller,2001,2010,Q697184,Per Stig Møller
Denmark,390,DNK,2008,Per Stig Møller,2001,2010,Q697184,Per Stig Møller
Denmark,390,DNK,2009,Per Stig Møller,2001,2010,Q697184,Per Stig Møller
Denmark,390,DNK,2010,Lene Espersen,2010,2011,Q299352,Lene Espersen
Denmark,390,DNK,2010,Per Stig Møller,2001,2010,Q697184,Per Stig Møller
Denmark,390,DNK,2011,Villy Søvndal,2011,2013,Q58119,Villy Søvndal
Denmark,390,DNK,2011,Lene Espersen,2010,2011,Q299352,Lene Espersen
Denmark,390,DNK,2012,Villy Søvndal,2011,2013,Q58119,Villy Søvndal
Denmark,390,DNK,2013,Villy Søvndal,2011,2013,Q58119,Villy Søvndal
Denmark,390,DNK,2013,Holger K. Nielsen,2013,2014,Q3138668,Holger K. Nielsen
Denmark,390,DNK,2014,Martin Lidegaard,2014,2015,Q1272556,Martin Lidegaard
Denmark,390,DNK,2014,Holger K. Nielsen,2013,2014,Q3138668,Holger K. Nielsen
Denmark,390,DNK,2015,Kristian Jensen,2015,2016,Q3110095,Kristian Jensen
Denmark,390,DNK,2015,Martin Lidegaard,2014,2015,Q1272556,Martin Lidegaard
Denmark,390,DNK,2016,Kristian Jensen,2015,2016,Q3110095,Kristian Jensen
Denmark,390,DNK,2016,Anders Samuelsen,2016,2019,Q491263,Anders Samuelsen
Denmark,390,DNK,2017,Anders Samuelsen,2016,2019,Q491263,Anders Samuelsen
Denmark,390,DNK,2018,Anders Samuelsen,2016,2019,Q491263,Anders Samuelsen
Denmark,390,DNK,2019,Anders Samuelsen,2016,2019,Q491263,Anders Samuelsen
Djibouti,522,DJI,1977,Abdallah Mohamed Kamil,1977,1978,Q2820935,Abdallah Mohamed Kamil
Djibouti,522,DJI,1978,Moumin Bahdon Farah,1978,1993,Q3325941,Moumin Bahdon Farah
Djibouti,522,DJI,1978,Abdallah Mohamed Kamil,1977,1978,Q2820935,Abdallah Mohamed Kamil
Djibouti,522,DJI,1979,Moumin Bahdon Farah,1978,1993,Q3325941,Moumin Bahdon Farah
Djibouti,522,DJI,1980,Moumin Bahdon Farah,1978,1993,Q3325941,Moumin Bahdon Farah
Djibouti,522,DJI,1981,Moumin Bahdon Farah,1978,1993,Q3325941,Moumin Bahdon Farah
Djibouti,522,DJI,1982,Moumin Bahdon Farah,1978,1993,Q3325941,Moumin Bahdon Farah
Djibouti,522,DJI,1983,Moumin Bahdon Farah,1978,1993,Q3325941,Moumin Bahdon Farah
Djibouti,522,DJI,1984,Moumin Bahdon Farah,1978,1993,Q3325941,Moumin Bahdon Farah
Djibouti,522,DJI,1985,Moumin Bahdon Farah,1978,1993,Q3325941,Moumin Bahdon Farah
Djibouti,522,DJI,1986,Moumin Bahdon Farah,1978,1993,Q3325941,Moumin Bahdon Farah
Djibouti,522,DJI,1987,Moumin Bahdon Farah,1978,1993,Q3325941,Moumin Bahdon Farah
Djibouti,522,DJI,1988,Moumin Bahdon Farah,1978,1993,Q3325941,Moumin Bahdon Farah
Djibouti,522,DJI,1989,Moumin Bahdon Farah,1978,1993,Q3325941,Moumin Bahdon Farah
Djibouti,522,DJI,1990,Moumin Bahdon Farah,1978,1993,Q3325941,Moumin Bahdon Farah
Djibouti,522,DJI,1991,Moumin Bahdon Farah,1978,1993,Q3325941,Moumin Bahdon Farah
Djibouti,522,DJI,1992,Moumin Bahdon Farah,1978,1993,Q3325941,Moumin Bahdon Farah
Djibouti,522,DJI,1993,Mohamed Bolock Abdou,1993,1995,Q99241385,Mohamed Bolock Abdou
Djibouti,522,DJI,1993,Moumin Bahdon Farah,1978,1993,Q3325941,Moumin Bahdon Farah
Djibouti,522,DJI,1994,Mohamed Bolock Abdou,1993,1995,Q99241385,Mohamed Bolock Abdou
Djibouti,522,DJI,1995,Mohamed Bolock Abdou,1993,1995,Q99241385,Mohamed Bolock Abdou
Djibouti,522,DJI,1995,Mohamed Moussa Chehem,1995,1999,Q99241266,Mohamed Moussa Chehem
Djibouti,522,DJI,1996,Mohamed Moussa Chehem,1995,1999,Q99241266,Mohamed Moussa Chehem
Djibouti,522,DJI,1997,Mohamed Moussa Chehem,1995,1999,Q99241266,Mohamed Moussa Chehem
Djibouti,522,DJI,1998,Mohamed Moussa Chehem,1995,1999,Q99241266,Mohamed Moussa Chehem
Djibouti,522,DJI,1999,Mohamed Moussa Chehem,1995,1999,Q99241266,Mohamed Moussa Chehem
Djibouti,522,DJI,1999,Ali Abdi Farah,1999,2005,Q2836075,Ali Abdi Farah
Djibouti,522,DJI,2000,Ali Abdi Farah,1999,2005,Q2836075,Ali Abdi Farah
Djibouti,522,DJI,2001,Ali Abdi Farah,1999,2005,Q2836075,Ali Abdi Farah
Djibouti,522,DJI,2002,Ali Abdi Farah,1999,2005,Q2836075,Ali Abdi Farah
Djibouti,522,DJI,2003,Ali Abdi Farah,1999,2005,Q2836075,Ali Abdi Farah
Djibouti,522,DJI,2004,Ali Abdi Farah,1999,2005,Q2836075,Ali Abdi Farah
Djibouti,522,DJI,2005,Ali Abdi Farah,1999,2005,Q2836075,Ali Abdi Farah
Djibouti,522,DJI,2005,Mahamoud Ali Youssouf,2005,2019,Q58256,Mahamoud Ali Youssouf
Djibouti,522,DJI,2006,Mahamoud Ali Youssouf,2005,2019,Q58256,Mahamoud Ali Youssouf
Djibouti,522,DJI,2007,Mahamoud Ali Youssouf,2005,2019,Q58256,Mahamoud Ali Youssouf
Djibouti,522,DJI,2008,Mahamoud Ali Youssouf,2005,2019,Q58256,Mahamoud Ali Youssouf
Djibouti,522,DJI,2009,Mahamoud Ali Youssouf,2005,2019,Q58256,Mahamoud Ali Youssouf
Djibouti,522,DJI,2010,Mahamoud Ali Youssouf,2005,2019,Q58256,Mahamoud Ali Youssouf
Djibouti,522,DJI,2011,Mahamoud Ali Youssouf,2005,2019,Q58256,Mahamoud Ali Youssouf
Djibouti,522,DJI,2012,Mahamoud Ali Youssouf,2005,2019,Q58256,Mahamoud Ali Youssouf
Djibouti,522,DJI,2013,Mahamoud Ali Youssouf,2005,2019,Q58256,Mahamoud Ali Youssouf
Djibouti,522,DJI,2014,Mahamoud Ali Youssouf,2005,2019,Q58256,Mahamoud Ali Youssouf
Djibouti,522,DJI,2015,Mahamoud Ali Youssouf,2005,2019,Q58256,Mahamoud Ali Youssouf
Djibouti,522,DJI,2016,Mahamoud Ali Youssouf,2005,2019,Q58256,Mahamoud Ali Youssouf
Djibouti,522,DJI,2017,Mahamoud Ali Youssouf,2005,2019,Q58256,Mahamoud Ali Youssouf
Djibouti,522,DJI,2018,Mahamoud Ali Youssouf,2005,2019,Q58256,Mahamoud Ali Youssouf
Djibouti,522,DJI,2019,Mahamoud Ali Youssouf,2005,2019,Q58256,Mahamoud Ali Youssouf
Dominica,54,DMA,1978,Leo Irving Austin,1978,1979,,
Dominica,54,DMA,1979,Oliver Seraphine,1979,1980,Q324474,
Dominica,54,DMA,1979,Leo Irving Austin,1978,1979,,
Dominica,54,DMA,1980,Oliver Seraphine,1979,1980,Q324474,
Dominica,54,DMA,1980,Eugenia Charles,1980,1990,Q258685,Eugenia Charles
Dominica,54,DMA,1981,Eugenia Charles,1980,1990,Q258685,Eugenia Charles
Dominica,54,DMA,1982,Eugenia Charles,1980,1990,Q258685,Eugenia Charles
Dominica,54,DMA,1983,Eugenia Charles,1980,1990,Q258685,Eugenia Charles
Dominica,54,DMA,1984,Eugenia Charles,1980,1990,Q258685,Eugenia Charles
Dominica,54,DMA,1985,Eugenia Charles,1980,1990,Q258685,Eugenia Charles
Dominica,54,DMA,1986,Eugenia Charles,1980,1990,Q258685,Eugenia Charles
Dominica,54,DMA,1987,Eugenia Charles,1980,1990,Q258685,Eugenia Charles
Dominica,54,DMA,1988,Eugenia Charles,1980,1990,Q258685,Eugenia Charles
Dominica,54,DMA,1989,Eugenia Charles,1980,1990,Q258685,Eugenia Charles
Dominica,54,DMA,1990,Eugenia Charles,1980,1990,Q258685,Eugenia Charles
Dominica,54,DMA,1990,Brian G.K. Alleyne,1990,1995,Q4963830,
Dominica,54,DMA,1991,Brian G.K. Alleyne,1990,1995,Q4963830,
Dominica,54,DMA,1992,Brian G.K. Alleyne,1990,1995,Q4963830,
Dominica,54,DMA,1993,Brian G.K. Alleyne,1990,1995,Q4963830,
Dominica,54,DMA,1994,Brian G.K. Alleyne,1990,1995,Q4963830,
Dominica,54,DMA,1995,Brian G.K. Alleyne,1990,1995,Q4963830,
Dominica,54,DMA,1995,Edison James,1995,1998,Q366200,Edison James
Dominica,54,DMA,1996,Edison James,1995,1998,Q366200,Edison James
Dominica,54,DMA,1997,Edison James,1995,1998,Q366200,Edison James
Dominica,54,DMA,1998,Edison James,1995,1998,Q366200,Edison James
Dominica,54,DMA,1998,Norris Charles,1998,2000,,
Dominica,54,DMA,1999,Norris Charles,1998,2000,,
Dominica,54,DMA,2000,Norris Charles,1998,2000,,
Dominica,54,DMA,2000,Rosie Douglas,2000,2000,Q1279447,Rosie Douglas
Dominica,54,DMA,2000,Pierre Charles,2000,2001,Q1293269,Pierre Charles
Dominica,54,DMA,2001,Pierre Charles,2000,2001,Q1293269,Pierre Charles
Dominica,54,DMA,2001,Osborne Riviere,2001,2005,Q324486,Osborne Riviere
Dominica,54,DMA,2002,Osborne Riviere,2001,2005,Q324486,Osborne Riviere
Dominica,54,DMA,2003,Osborne Riviere,2001,2005,Q324486,Osborne Riviere
Dominica,54,DMA,2004,Osborne Riviere,2001,2005,Q324486,Osborne Riviere
Dominica,54,DMA,2005,Osborne Riviere,2001,2005,Q324486,Osborne Riviere
Dominica,54,DMA,2005,Charles Savarin,2005,2007,Q2960197,Charles Savarin
Dominica,54,DMA,2006,Charles Savarin,2005,2007,Q2960197,Charles Savarin
Dominica,54,DMA,2007,Roosevelt Skerrit,2007,2008,Q57823,Roosevelt Skerrit
Dominica,54,DMA,2007,Charles Savarin,2005,2007,Q2960197,Charles Savarin
Dominica,54,DMA,2008,Vince Henderson,2008,2010,Q2805923,Vince Henderson
Dominica,54,DMA,2008,Roosevelt Skerrit,2007,2008,Q57823,Roosevelt Skerrit
Dominica,54,DMA,2009,Vince Henderson,2008,2010,Q2805923,Vince Henderson
Dominica,54,DMA,2010,Roosevelt Skerrit,2010,2014,Q57823,Roosevelt Skerrit
Dominica,54,DMA,2010,Vince Henderson,2008,2010,Q2805923,Vince Henderson
Dominica,54,DMA,2011,Roosevelt Skerrit,2010,2014,Q57823,Roosevelt Skerrit
Dominica,54,DMA,2012,Roosevelt Skerrit,2010,2014,Q57823,Roosevelt Skerrit
Dominica,54,DMA,2013,Roosevelt Skerrit,2010,2014,Q57823,Roosevelt Skerrit
Dominica,54,DMA,2014,Francine Baron,2014,2019,Q16937370,Francine Baron
Dominica,54,DMA,2014,Roosevelt Skerrit,2010,2014,Q57823,Roosevelt Skerrit
Dominica,54,DMA,2015,Francine Baron,2014,2019,Q16937370,Francine Baron
Dominica,54,DMA,2016,Francine Baron,2014,2019,Q16937370,Francine Baron
Dominica,54,DMA,2017,Francine Baron,2014,2019,Q16937370,Francine Baron
Dominica,54,DMA,2018,Francine Baron,2014,2019,Q16937370,Francine Baron
Dominica,54,DMA,2019,Francine Baron,2014,2019,Q16937370,Francine Baron
Dominican Republic,42,DOM,1947,Virgilio Díaz Ordóñez,1947,1953,,
Dominican Republic,42,DOM,1948,Virgilio Díaz Ordóñez,1947,1953,,
Dominican Republic,42,DOM,1949,Virgilio Díaz Ordóñez,1947,1953,,
Dominican Republic,42,DOM,1950,Virgilio Díaz Ordóñez,1947,1953,,
Dominican Republic,42,DOM,1951,Virgilio Díaz Ordóñez,1947,1953,,
Dominican Republic,42,DOM,1952,Virgilio Díaz Ordóñez,1947,1953,,
Dominican Republic,42,DOM,1953,Rafael Trujillo,1953,1953,Q152474,
Dominican Republic,42,DOM,1953,Joaquín Balaguer,1953,1955,Q147989,Joaquín Balaguer
Dominican Republic,42,DOM,1953,Virgilio Díaz Ordóñez,1947,1953,,
Dominican Republic,42,DOM,1954,Joaquín Balaguer,1953,1955,Q147989,Joaquín Balaguer
Dominican Republic,42,DOM,1955,Enrique de Marchena,1955,1956,Q1344144,
Dominican Republic,42,DOM,1955,Joaquín Balaguer,1953,1955,Q147989,Joaquín Balaguer
Dominican Republic,42,DOM,1956,Enrique de Marchena,1955,1956,Q1344144,
Dominican Republic,42,DOM,1956,Porfirio Herrera Báez,1956,1961,Q2104407,
Dominican Republic,42,DOM,1957,Porfirio Herrera Báez,1956,1961,Q2104407,
Dominican Republic,42,DOM,1958,Porfirio Herrera Báez,1956,1961,Q2104407,
Dominican Republic,42,DOM,1959,Porfirio Herrera Báez,1956,1961,Q2104407,
Dominican Republic,42,DOM,1960,Porfirio Herrera Báez,1956,1961,Q2104407,
Dominican Republic,42,DOM,1961,Porfirio Herrera Báez,1956,1961,Q2104407,
Dominican Republic,42,DOM,1961,Ambrosio Álvarez Aybar,1961,1962,,
Dominican Republic,42,DOM,1962,Ambrosio Álvarez Aybar,1961,1962,,
Dominican Republic,42,DOM,1962,José Antonio Bonilla Atiles,1962,1963,,
Dominican Republic,42,DOM,1963,Andrés A. Freites Barrera,1963,1963,,
Dominican Republic,42,DOM,1963,Héctor García Godoy,1963,1963,Q880065,Héctor García Godoy
Dominican Republic,42,DOM,1963,José Antonio Bonilla Atiles,1962,1963,,
Dominican Republic,42,DOM,1963,Donald Reid Cabral,1963,1964,Q436477,Donald Reid Cabral
Dominican Republic,42,DOM,1963,Armando González Tamayo,1963,1963,,
Dominican Republic,42,DOM,1964,Luis Aquiles Mejía Guzmán,1964,1964,,
Dominican Republic,42,DOM,1964,Donald Reid Cabral,1963,1964,Q436477,Donald Reid Cabral
Dominican Republic,42,DOM,1964,Donald Reid Cabral,1964,1965,Q436477,Donald Reid Cabral
Dominican Republic,42,DOM,1965,Donald Reid Cabral,1964,1965,Q436477,Donald Reid Cabral
Dominican Republic,42,DOM,1965,Horacio Vicioso Soto,1965,1965,,
Dominican Republic,42,DOM,1965,Jottin Cury,1965,1965,,
Dominican Republic,42,DOM,1965,José Ramón Rodríguez,1965,1966,,
Dominican Republic,42,DOM,1966,Gilberto Herrera Báez,1966,1967,,
Dominican Republic,42,DOM,1966,Carlos Federico Pérez y Pérez,1966,1966,,
Dominican Republic,42,DOM,1966,José Ramón Rodríguez,1965,1966,,
Dominican Republic,42,DOM,1967,Fernando Amiama Tió,1967,1970,,
Dominican Republic,42,DOM,1967,Gilberto Herrera Báez,1966,1967,,
Dominican Republic,42,DOM,1968,Fernando Amiama Tió,1967,1970,,
Dominican Republic,42,DOM,1969,Fernando Amiama Tió,1967,1970,,
Dominican Republic,42,DOM,1970,Jaime Manuel Fernández,1970,1972,Q5925180,
Dominican Republic,42,DOM,1970,Fernando Amiama Tió,1967,1970,,
Dominican Republic,42,DOM,1971,Jaime Manuel Fernández,1970,1972,Q5925180,
Dominican Republic,42,DOM,1972,Jaime Manuel Fernández,1970,1972,Q5925180,
Dominican Republic,42,DOM,1972,Víctor Gómez Bergés,1972,1975,Q6161478,
Dominican Republic,42,DOM,1973,Víctor Gómez Bergés,1972,1975,Q6161478,
Dominican Republic,42,DOM,1974,Víctor Gómez Bergés,1972,1975,Q6161478,
Dominican Republic,42,DOM,1975,Ramón Emilio Jiménez hijo,1975,1980,,
Dominican Republic,42,DOM,1975,Víctor Gómez Bergés,1972,1975,Q6161478,
Dominican Republic,42,DOM,1976,Ramón Emilio Jiménez hijo,1975,1980,,
Dominican Republic,42,DOM,1977,Ramón Emilio Jiménez hijo,1975,1980,,
Dominican Republic,42,DOM,1978,Ramón Emilio Jiménez hijo,1975,1980,,
Dominican Republic,42,DOM,1979,Ramón Emilio Jiménez hijo,1975,1980,,
Dominican Republic,42,DOM,1980,Emilio Ludovino Fernández,1980,1981,,
Dominican Republic,42,DOM,1980,Ramón Emilio Jiménez hijo,1975,1980,,
Dominican Republic,42,DOM,1981,Emilio Ludovino Fernández,1980,1981,,
Dominican Republic,42,DOM,1981,Manuel Enrique Tavares Espaillat,1981,1982,,
Dominican Republic,42,DOM,1982,José Augusto Vega Imbert,1982,1986,,
Dominican Republic,42,DOM,1982,Manuel Enrique Tavares Espaillat,1981,1982,,
Dominican Republic,42,DOM,1982,Pedro Padilla Tonos,1982,1982,,
Dominican Republic,42,DOM,1983,José Augusto Vega Imbert,1982,1986,,
Dominican Republic,42,DOM,1984,José Augusto Vega Imbert,1982,1986,,
Dominican Republic,42,DOM,1985,José Augusto Vega Imbert,1982,1986,,
Dominican Republic,42,DOM,1986,José Augusto Vega Imbert,1982,1986,,
Dominican Republic,42,DOM,1986,Donald Reid Cabral,1986,1988,Q436477,Donald Reid Cabral
Dominican Republic,42,DOM,1987,Donald Reid Cabral,1986,1988,Q436477,Donald Reid Cabral
Dominican Republic,42,DOM,1988,Joaquín Ricardo García,1988,1991,,
Dominican Republic,42,DOM,1988,Donald Reid Cabral,1986,1988,Q436477,Donald Reid Cabral
Dominican Republic,42,DOM,1989,Joaquín Ricardo García,1988,1991,,
Dominican Republic,42,DOM,1990,Joaquín Ricardo García,1988,1991,,
Dominican Republic,42,DOM,1991,Juan Arístides Taveras Guzmán,1991,1994,,
Dominican Republic,42,DOM,1991,Joaquín Ricardo García,1988,1991,,
Dominican Republic,42,DOM,1992,Juan Arístides Taveras Guzmán,1991,1994,,
Dominican Republic,42,DOM,1993,Juan Arístides Taveras Guzmán,1991,1994,,
Dominican Republic,42,DOM,1994,Juan Arístides Taveras Guzmán,1991,1994,,
Dominican Republic,42,DOM,1994,Carlos Morales Troncoso,1994,1996,Q58295,Carlos Morales Troncoso
Dominican Republic,42,DOM,1995,Carlos Morales Troncoso,1994,1996,Q58295,Carlos Morales Troncoso
Dominican Republic,42,DOM,1996,Eduardo Latorre Rodríguez,1996,2000,,
Dominican Republic,42,DOM,1996,Caonabo Javier Castillo,1996,1996,,
Dominican Republic,42,DOM,1996,Carlos Morales Troncoso,1994,1996,Q58295,Carlos Morales Troncoso
Dominican Republic,42,DOM,1997,Eduardo Latorre Rodríguez,1996,2000,,
Dominican Republic,42,DOM,1998,Eduardo Latorre Rodríguez,1996,2000,,
Dominican Republic,42,DOM,1999,Eduardo Latorre Rodríguez,1996,2000,,
Dominican Republic,42,DOM,2000,Hugo Tolentino Dipp,2000,2003,Q16576566,Hugo Tolentino Dipp
Dominican Republic,42,DOM,2000,Eduardo Latorre Rodríguez,1996,2000,,
Dominican Republic,42,DOM,2001,Hugo Tolentino Dipp,2000,2003,Q16576566,Hugo Tolentino Dipp
Dominican Republic,42,DOM,2002,Hugo Tolentino Dipp,2000,2003,Q16576566,Hugo Tolentino Dipp
Dominican Republic,42,DOM,2003,Frank Guerrero Prats,2003,2004,,
Dominican Republic,42,DOM,2003,Hugo Tolentino Dipp,2000,2003,Q16576566,Hugo Tolentino Dipp
Dominican Republic,42,DOM,2004,Carlos Morales Troncoso,2004,2014,Q58295,Carlos Morales Troncoso
Dominican Republic,42,DOM,2004,Frank Guerrero Prats,2003,2004,,
Dominican Republic,42,DOM,2005,Carlos Morales Troncoso,2004,2014,Q58295,Carlos Morales Troncoso
Dominican Republic,42,DOM,2006,Carlos Morales Troncoso,2004,2014,Q58295,Carlos Morales Troncoso
Dominican Republic,42,DOM,2007,Carlos Morales Troncoso,2004,2014,Q58295,Carlos Morales Troncoso
Dominican Republic,42,DOM,2008,Carlos Morales Troncoso,2004,2014,Q58295,Carlos Morales Troncoso
Dominican Republic,42,DOM,2009,Carlos Morales Troncoso,2004,2014,Q58295,Carlos Morales Troncoso
Dominican Republic,42,DOM,2010,Carlos Morales Troncoso,2004,2014,Q58295,Carlos Morales Troncoso
Dominican Republic,42,DOM,2011,Carlos Morales Troncoso,2004,2014,Q58295,Carlos Morales Troncoso
Dominican Republic,42,DOM,2012,Carlos Morales Troncoso,2004,2014,Q58295,Carlos Morales Troncoso
Dominican Republic,42,DOM,2013,Carlos Morales Troncoso,2004,2014,Q58295,Carlos Morales Troncoso
Dominican Republic,42,DOM,2014,Carlos Morales Troncoso,2004,2014,Q58295,Carlos Morales Troncoso
Dominican Republic,42,DOM,2014,Andrés Navarro,2014,2016,Q18117835,
Dominican Republic,42,DOM,2015,Andrés Navarro,2014,2016,Q18117835,
Dominican Republic,42,DOM,2016,Miguel Vargas Maldonado,2016,2019,Q9032878,Miguel Vargas Maldonado
Dominican Republic,42,DOM,2016,Andrés Navarro,2014,2016,Q18117835,
Dominican Republic,42,DOM,2017,Miguel Vargas Maldonado,2016,2019,Q9032878,Miguel Vargas Maldonado
Dominican Republic,42,DOM,2018,Miguel Vargas Maldonado,2016,2019,Q9032878,Miguel Vargas Maldonado
Dominican Republic,42,DOM,2019,Miguel Vargas Maldonado,2016,2019,Q9032878,Miguel Vargas Maldonado
East Germany,265,DDR,1949,Georg Dertinger,1949,1953,Q69197,Georg Dertinger
East Germany,265,DDR,1950,Georg Dertinger,1949,1953,Q69197,Georg Dertinger
East Germany,265,DDR,1951,Georg Dertinger,1949,1953,Q69197,Georg Dertinger
East Germany,265,DDR,1952,Georg Dertinger,1949,1953,Q69197,Georg Dertinger
East Germany,265,DDR,1953,Georg Dertinger,1949,1953,Q69197,Georg Dertinger
East Germany,265,DDR,1953,Lothar Bolz,1953,1965,Q64812,Lothar Bolz
East Germany,265,DDR,1953,Anton Ackermann,1953,1953,Q69198,Anton Ackermann
East Germany,265,DDR,1954,Lothar Bolz,1953,1965,Q64812,Lothar Bolz
East Germany,265,DDR,1955,Lothar Bolz,1953,1965,Q64812,Lothar Bolz
East Germany,265,DDR,1956,Lothar Bolz,1953,1965,Q64812,Lothar Bolz
East Germany,265,DDR,1957,Lothar Bolz,1953,1965,Q64812,Lothar Bolz
East Germany,265,DDR,1958,Lothar Bolz,1953,1965,Q64812,Lothar Bolz
East Germany,265,DDR,1959,Lothar Bolz,1953,1965,Q64812,Lothar Bolz
East Germany,265,DDR,1960,Lothar Bolz,1953,1965,Q64812,Lothar Bolz
East Germany,265,DDR,1961,Lothar Bolz,1953,1965,Q64812,Lothar Bolz
East Germany,265,DDR,1962,Lothar Bolz,1953,1965,Q64812,Lothar Bolz
East Germany,265,DDR,1963,Lothar Bolz,1953,1965,Q64812,Lothar Bolz
East Germany,265,DDR,1964,Lothar Bolz,1953,1965,Q64812,Lothar Bolz
East Germany,265,DDR,1965,Otto Winzer,1965,1975,Q65013,Otto Winzer
East Germany,265,DDR,1965,Lothar Bolz,1953,1965,Q64812,Lothar Bolz
East Germany,265,DDR,1966,Otto Winzer,1965,1975,Q65013,Otto Winzer
East Germany,265,DDR,1967,Otto Winzer,1965,1975,Q65013,Otto Winzer
East Germany,265,DDR,1968,Otto Winzer,1965,1975,Q65013,Otto Winzer
East Germany,265,DDR,1969,Otto Winzer,1965,1975,Q65013,Otto Winzer
East Germany,265,DDR,1970,Otto Winzer,1965,1975,Q65013,Otto Winzer
East Germany,265,DDR,1971,Otto Winzer,1965,1975,Q65013,Otto Winzer
East Germany,265,DDR,1972,Otto Winzer,1965,1975,Q65013,Otto Winzer
East Germany,265,DDR,1973,Otto Winzer,1965,1975,Q65013,Otto Winzer
East Germany,265,DDR,1974,Otto Winzer,1965,1975,Q65013,Otto Winzer
East Germany,265,DDR,1975,Oskar Fischer,1975,1990,Q215043,Oskar Fischer
East Germany,265,DDR,1975,Otto Winzer,1965,1975,Q65013,Otto Winzer
East Germany,265,DDR,1976,Oskar Fischer,1975,1990,Q215043,Oskar Fischer
East Germany,265,DDR,1977,Oskar Fischer,1975,1990,Q215043,Oskar Fischer
East Germany,265,DDR,1978,Oskar Fischer,1975,1990,Q215043,Oskar Fischer
East Germany,265,DDR,1979,Oskar Fischer,1975,1990,Q215043,Oskar Fischer
East Germany,265,DDR,1980,Oskar Fischer,1975,1990,Q215043,Oskar Fischer
East Germany,265,DDR,1981,Oskar Fischer,1975,1990,Q215043,Oskar Fischer
East Germany,265,DDR,1982,Oskar Fischer,1975,1990,Q215043,Oskar Fischer
East Germany,265,DDR,1983,Oskar Fischer,1975,1990,Q215043,Oskar Fischer
East Germany,265,DDR,1984,Oskar Fischer,1975,1990,Q215043,Oskar Fischer
East Germany,265,DDR,1985,Oskar Fischer,1975,1990,Q215043,Oskar Fischer
East Germany,265,DDR,1986,Oskar Fischer,1975,1990,Q215043,Oskar Fischer
East Germany,265,DDR,1987,Oskar Fischer,1975,1990,Q215043,Oskar Fischer
East Germany,265,DDR,1988,Oskar Fischer,1975,1990,Q215043,Oskar Fischer
East Germany,265,DDR,1989,Oskar Fischer,1975,1990,Q215043,Oskar Fischer
East Germany,265,DDR,1990,Oskar Fischer,1975,1990,Q215043,Oskar Fischer
East Germany,265,DDR,1990,Lothar de Maizière,1990,1990,Q57412,Lothar de Maizière
East Germany,265,DDR,1990,Markus Meckel,1990,1990,Q64096,Markus Meckel
Ecuador,130,ECU,1948,Neftalí Ponce Miranda,1948,1952,Q18276208,Neftalí Ponce Miranda
Ecuador,130,ECU,1949,Neftalí Ponce Miranda,1948,1952,Q18276208,Neftalí Ponce Miranda
Ecuador,130,ECU,1950,Neftalí Ponce Miranda,1948,1952,Q18276208,Neftalí Ponce Miranda
Ecuador,130,ECU,1951,Neftalí Ponce Miranda,1948,1952,Q18276208,Neftalí Ponce Miranda
Ecuador,130,ECU,1952,Teodoro Alvarado Garaicoa,1952,1953,,
Ecuador,130,ECU,1952,Neftalí Ponce Miranda,1948,1952,Q18276208,Neftalí Ponce Miranda
Ecuador,130,ECU,1953,Arturo Borrero Bustamante,1953,1953,,
Ecuador,130,ECU,1953,Luis Antonio Peñaherrera,1953,1955,Q47008672,
Ecuador,130,ECU,1953,Teodoro Alvarado Garaicoa,1952,1953,,
Ecuador,130,ECU,1954,Luis Antonio Peñaherrera,1953,1955,Q47008672,
Ecuador,130,ECU,1955,Luis Antonio Peñaherrera,1953,1955,Q47008672,
Ecuador,130,ECU,1955,Rafael Arízaga Vega,1955,1956,,
Ecuador,130,ECU,1956,Jorge Villagómez Yépez,1956,1956,,
Ecuador,130,ECU,1956,Carlos Tobar Zaldumbide,1956,1960,Q15791156,Carlos Tobar Zaldumbide
Ecuador,130,ECU,1956,Rafael Arízaga Vega,1955,1956,,
Ecuador,130,ECU,1957,Carlos Tobar Zaldumbide,1956,1960,Q15791156,Carlos Tobar Zaldumbide
Ecuador,130,ECU,1958,Carlos Tobar Zaldumbide,1956,1960,Q15791156,Carlos Tobar Zaldumbide
Ecuador,130,ECU,1959,Carlos Tobar Zaldumbide,1956,1960,Q15791156,Carlos Tobar Zaldumbide
Ecuador,130,ECU,1960,Carlos Tobar Zaldumbide,1956,1960,Q15791156,Carlos Tobar Zaldumbide
Ecuador,130,ECU,1960,José Ricardo Chiriboga Villagómez,1960,1961,,
Ecuador,130,ECU,1961,José Ricardo Chiriboga Villagómez,1960,1961,,
Ecuador,130,ECU,1961,Francisco Acosta Yépez,1961,1962,,
Ecuador,130,ECU,1961,Wilson Vela Hervas,1961,1961,,
Ecuador,130,ECU,1962,Francisco Acosta Yépez,1961,1962,,
Ecuador,130,ECU,1962,Benjamín Peralta Páez,1962,1963,,
Ecuador,130,ECU,1963,Neftalí Ponce Miranda,1963,1964,Q18276208,Neftalí Ponce Miranda
Ecuador,130,ECU,1963,Benjamín Peralta Páez,1962,1963,,
Ecuador,130,ECU,1964,Neftalí Ponce Miranda,1963,1964,Q18276208,Neftalí Ponce Miranda
Ecuador,130,ECU,1964,Gonzalo Escudero Moscoso,1964,1965,Q15926046,
Ecuador,130,ECU,1965,Wilson Córdova Moscoso,1965,1965,,
Ecuador,130,ECU,1965,Luis Valencia Rodríguez,1965,1966,Q16628963,
Ecuador,130,ECU,1965,Gonzalo Escudero Moscoso,1964,1965,Q15926046,
Ecuador,130,ECU,1966,Luis Valencia Rodríguez,1965,1966,Q16628963,
Ecuador,130,ECU,1966,Jorge Salvador Lara,1966,1966,Q4254478,Jorge Salvador Lara
Ecuador,130,ECU,1966,Jorge Carrera Andrade,1966,1967,Q1703787,Jorge Carrera Andrade
Ecuador,130,ECU,1967,Jorge Carrera Andrade,1966,1967,Q1703787,Jorge Carrera Andrade
Ecuador,130,ECU,1967,Julio Prado Vallejo,1967,1968,Q4376285,
Ecuador,130,ECU,1968,Julio Prado Vallejo,1967,1968,Q4376285,
Ecuador,130,ECU,1968,Rogelio Valdivieso Eguiguren,1968,1970,Q16625968,Rogelio Valdivieso Eguiguren
Ecuador,130,ECU,1968,Gustavo Larrea Córdova,1968,1968,,
Ecuador,130,ECU,1969,Rogelio Valdivieso Eguiguren,1968,1970,Q16625968,Rogelio Valdivieso Eguiguren
Ecuador,130,ECU,1970,Rogelio Valdivieso Eguiguren,1968,1970,Q16625968,Rogelio Valdivieso Eguiguren
Ecuador,130,ECU,1970,José María Ponce Yépez,1970,1971,,
Ecuador,130,ECU,1971,José María Ponce Yépez,1970,1971,,
Ecuador,130,ECU,1971,Rafael García Velasco,1971,1972,,
Ecuador,130,ECU,1972,Antonio José Lucio Paredes,1972,1975,,
Ecuador,130,ECU,1972,Rafael García Velasco,1971,1972,,
Ecuador,130,ECU,1973,Antonio José Lucio Paredes,1972,1975,,
Ecuador,130,ECU,1974,Antonio José Lucio Paredes,1972,1975,,
Ecuador,130,ECU,1975,Antonio José Lucio Paredes,1972,1975,,
Ecuador,130,ECU,1975,Carlos Aguirre Asanza,1975,1976,,
Ecuador,130,ECU,1976,Jorge Salvador Lara,1976,1977,Q4254478,Jorge Salvador Lara
Ecuador,130,ECU,1976,Armando Pesantes García,1976,1976,,
Ecuador,130,ECU,1976,Carlos Aguirre Asanza,1975,1976,,
Ecuador,130,ECU,1977,José Ayala Lasso,1977,1979,Q1709013,José Ayala Lasso
Ecuador,130,ECU,1977,Jorge Salvador Lara,1976,1977,Q4254478,Jorge Salvador Lara
Ecuador,130,ECU,1978,José Ayala Lasso,1977,1979,Q1709013,José Ayala Lasso
Ecuador,130,ECU,1979,Alfredo Pareja Diezcanseco,1979,1980,Q4723832,Alfredo Pareja Diezcanseco
Ecuador,130,ECU,1979,José Ayala Lasso,1977,1979,Q1709013,José Ayala Lasso
Ecuador,130,ECU,1980,Alfonso Barrera Valverde,1980,1981,Q15613248,
Ecuador,130,ECU,1980,Alfredo Pareja Diezcanseco,1979,1980,Q4723832,Alfredo Pareja Diezcanseco
Ecuador,130,ECU,1981,Alfonso Barrera Valverde,1980,1981,Q15613248,
Ecuador,130,ECU,1981,Luis Valencia Rodríguez,1981,1984,Q16628963,
Ecuador,130,ECU,1982,Luis Valencia Rodríguez,1981,1984,Q16628963,
Ecuador,130,ECU,1983,Luis Valencia Rodríguez,1981,1984,Q16628963,
Ecuador,130,ECU,1984,Luis Valencia Rodríguez,1981,1984,Q16628963,
Ecuador,130,ECU,1984,Édgar Terán Terán,1984,1987,Q4455438,
Ecuador,130,ECU,1985,Édgar Terán Terán,1984,1987,Q4455438,
Ecuador,130,ECU,1986,Édgar Terán Terán,1984,1987,Q4455438,
Ecuador,130,ECU,1987,Édgar Terán Terán,1984,1987,Q4455438,
Ecuador,130,ECU,1987,Rafael García Velasco,1987,1988,,
Ecuador,130,ECU,1988,Rafael García Velasco,1987,1988,,
Ecuador,130,ECU,1988,Diego Cordovez Zegers,1988,1992,Q15618066,Diego Cordovez Zegers
Ecuador,130,ECU,1989,Diego Cordovez Zegers,1988,1992,Q15618066,Diego Cordovez Zegers
Ecuador,130,ECU,1990,Diego Cordovez Zegers,1988,1992,Q15618066,Diego Cordovez Zegers
Ecuador,130,ECU,1991,Diego Cordovez Zegers,1988,1992,Q15618066,Diego Cordovez Zegers
Ecuador,130,ECU,1992,Diego Cordovez Zegers,1988,1992,Q15618066,Diego Cordovez Zegers
Ecuador,130,ECU,1992,Diego Paredes Peña,1992,1994,,
Ecuador,130,ECU,1993,Diego Paredes Peña,1992,1994,,
Ecuador,130,ECU,1994,Galo Leoro Franco,1994,1997,,
Ecuador,130,ECU,1994,Diego Paredes Peña,1992,1994,,
Ecuador,130,ECU,1995,Galo Leoro Franco,1994,1997,,
Ecuador,130,ECU,1996,Galo Leoro Franco,1994,1997,,
Ecuador,130,ECU,1997,José Ayala Lasso,1997,1999,Q1709013,José Ayala Lasso
Ecuador,130,ECU,1997,Galo Leoro Franco,1994,1997,,
Ecuador,130,ECU,1998,José Ayala Lasso,1997,1999,Q1709013,José Ayala Lasso
Ecuador,130,ECU,1999,Benjamín Ortiz Brennan,1999,2000,,
Ecuador,130,ECU,1999,José Ayala Lasso,1997,1999,Q1709013,José Ayala Lasso
Ecuador,130,ECU,2000,Benjamín Ortiz Brennan,1999,2000,,
Ecuador,130,ECU,2000,Heinz Moeller Freile,2000,2003,Q23023868,
Ecuador,130,ECU,2001,Heinz Moeller Freile,2000,2003,Q23023868,
Ecuador,130,ECU,2002,Heinz Moeller Freile,2000,2003,Q23023868,
Ecuador,130,ECU,2003,Heinz Moeller Freile,2000,2003,Q23023868,
Ecuador,130,ECU,2003,Nina Pacari Vega,2003,2003,Q463560,
Ecuador,130,ECU,2003,Patricio Zuquilanda,2003,2005,Q106453538,
Ecuador,130,ECU,2004,Patricio Zuquilanda,2003,2005,Q106453538,
Ecuador,130,ECU,2005,Francisco Carrión,2005,2007,Q46928447,Francisco Carrión
Ecuador,130,ECU,2005,Antonio Parra Gil,2005,2005,,
Ecuador,130,ECU,2005,Patricio Zuquilanda,2003,2005,Q106453538,
Ecuador,130,ECU,2006,Francisco Carrión,2005,2007,Q46928447,Francisco Carrión
Ecuador,130,ECU,2007,María Fernanda Espinosa,2007,2007,Q460904,María Fernanda Espinosa
Ecuador,130,ECU,2007,María Isabel Salvador,2007,2008,Q3296448,María Isabel Salvador
Ecuador,130,ECU,2007,Francisco Carrión,2005,2007,Q46928447,Francisco Carrión
Ecuador,130,ECU,2008,María Isabel Salvador,2007,2008,Q3296448,María Isabel Salvador
Ecuador,130,ECU,2008,Fander Falconí,2008,2010,Q447547,Fander Falconí
Ecuador,130,ECU,2009,Fander Falconí,2008,2010,Q447547,Fander Falconí
Ecuador,130,ECU,2010,Fander Falconí,2008,2010,Q447547,Fander Falconí
Ecuador,130,ECU,2010,Ricardo Patiño,2010,2016,Q1856805,Ricardo Patiño
Ecuador,130,ECU,2010,Lautaro Pozo Malo,2010,2010,,
Ecuador,130,ECU,2011,Ricardo Patiño,2010,2016,Q1856805,Ricardo Patiño
Ecuador,130,ECU,2012,Ricardo Patiño,2010,2016,Q1856805,Ricardo Patiño
Ecuador,130,ECU,2013,Ricardo Patiño,2010,2016,Q1856805,Ricardo Patiño
Ecuador,130,ECU,2014,Ricardo Patiño,2010,2016,Q1856805,Ricardo Patiño
Ecuador,130,ECU,2015,Ricardo Patiño,2010,2016,Q1856805,Ricardo Patiño
Ecuador,130,ECU,2016,Guillaume Long,2016,2017,Q23001051,Guillaume Long
Ecuador,130,ECU,2016,Ricardo Patiño,2010,2016,Q1856805,Ricardo Patiño
Ecuador,130,ECU,2017,María Fernanda Espinosa,2017,2018,Q460904,María Fernanda Espinosa
Ecuador,130,ECU,2017,Guillaume Long,2016,2017,Q23001051,Guillaume Long
Ecuador,130,ECU,2018,María Fernanda Espinosa,2017,2018,Q460904,María Fernanda Espinosa
Ecuador,130,ECU,2018,José Valencia,2018,2019,Q55078857,José Valencia
Ecuador,130,ECU,2019,José Valencia,2018,2019,Q55078857,José Valencia
Egypt,651,EGY,1949,Hussein Sirri Pasha,1949,1950,Q4116118,Hussein Sirri Pasha
Egypt,651,EGY,1950,Muhammad Salah al-Din Bey,1950,1952,,
Egypt,651,EGY,1950,Hussein Sirri Pasha,1949,1950,Q4116118,Hussein Sirri Pasha
Egypt,651,EGY,1951,Muhammad Salah al-Din Bey,1950,1952,,
Egypt,651,EGY,1952,Hussein Sirri Pasha,1952,1952,Q4116118,Hussein Sirri Pasha
Egypt,651,EGY,1952,Abdel Khaliq Hassuna,1952,1952,Q307784,Abdel Khaliq Hassuna
Egypt,651,EGY,1952,Muhammad Salah al-Din Bey,1950,1952,,
Egypt,651,EGY,1952,Ali Maher Pasha,1952,1952,Q733972,
Egypt,651,EGY,1952,Ahmed Mohamed Farrag Tayeh,1952,1952,,
Egypt,651,EGY,1952,Mahmoud Fawzi,1952,1964,Q699336,Mahmoud Fawzi
Egypt,651,EGY,1953,Mahmoud Fawzi,1952,1964,Q699336,Mahmoud Fawzi
Egypt,651,EGY,1954,Mahmoud Fawzi,1952,1964,Q699336,Mahmoud Fawzi
Egypt,651,EGY,1955,Mahmoud Fawzi,1952,1964,Q699336,Mahmoud Fawzi
Egypt,651,EGY,1956,Mahmoud Fawzi,1952,1964,Q699336,Mahmoud Fawzi
Egypt,651,EGY,1957,Mahmoud Fawzi,1952,1964,Q699336,Mahmoud Fawzi
Egypt,651,EGY,1958,Mahmoud Fawzi,1952,1964,Q699336,Mahmoud Fawzi
Egypt,651,EGY,1959,Mahmoud Fawzi,1952,1964,Q699336,Mahmoud Fawzi
Egypt,651,EGY,1960,Mahmoud Fawzi,1952,1964,Q699336,Mahmoud Fawzi
Egypt,651,EGY,1961,Mahmoud Fawzi,1952,1964,Q699336,Mahmoud Fawzi
Egypt,651,EGY,1962,Mahmoud Fawzi,1952,1964,Q699336,Mahmoud Fawzi
Egypt,651,EGY,1963,Mahmoud Fawzi,1952,1964,Q699336,Mahmoud Fawzi
Egypt,651,EGY,1964,Mahmoud Fawzi,1952,1964,Q699336,Mahmoud Fawzi
Egypt,651,EGY,1964,Mahmoud Riad,1964,1972,Q1884962,Mahmoud Riad
Egypt,651,EGY,1965,Mahmoud Riad,1964,1972,Q1884962,Mahmoud Riad
Egypt,651,EGY,1966,Mahmoud Riad,1964,1972,Q1884962,Mahmoud Riad
Egypt,651,EGY,1967,Mahmoud Riad,1964,1972,Q1884962,Mahmoud Riad
Egypt,651,EGY,1968,Mahmoud Riad,1964,1972,Q1884962,Mahmoud Riad
Egypt,651,EGY,1969,Mahmoud Riad,1964,1972,Q1884962,Mahmoud Riad
Egypt,651,EGY,1970,Mahmoud Riad,1964,1972,Q1884962,Mahmoud Riad
Egypt,651,EGY,1971,Mahmoud Riad,1964,1972,Q1884962,Mahmoud Riad
Egypt,651,EGY,1972,Mahmoud Riad,1964,1972,Q1884962,Mahmoud Riad
Egypt,651,EGY,1972,Muhammad Hassan al-Zayyat,1972,1973,Q11241394,
Egypt,651,EGY,1972,Murad Ghaleb,1972,1972,Q1662552,
Egypt,651,EGY,1973,Muhammad Hassan al-Zayyat,1972,1973,Q11241394,
Egypt,651,EGY,1973,Ismail Fahmy,1973,1977,Q6084719,
Egypt,651,EGY,1974,Ismail Fahmy,1973,1977,Q6084719,
Egypt,651,EGY,1975,Ismail Fahmy,1973,1977,Q6084719,
Egypt,651,EGY,1976,Ismail Fahmy,1973,1977,Q6084719,
Egypt,651,EGY,1977,Boutros Boutros-Ghali,1977,1977,Q1257,Boutros Boutros-Ghali
Egypt,651,EGY,1977,Ismail Fahmy,1973,1977,Q6084719,
Egypt,651,EGY,1977,Muhammad Ibrahim Kamal,1977,1978,Q6932507,
Egypt,651,EGY,1978,Boutros Boutros-Ghali,1978,1979,Q1257,Boutros Boutros-Ghali
Egypt,651,EGY,1978,Muhammad Ibrahim Kamal,1977,1978,Q6932507,
Egypt,651,EGY,1979,Boutros Boutros-Ghali,1978,1979,Q1257,Boutros Boutros-Ghali
Egypt,651,EGY,1979,Mustafa Khalil,1979,1980,Q403740,Mustafa Khalil
Egypt,651,EGY,1980,Kamal Hassan Ali,1980,1984,Q1722834,Kamal Hassan Ali
Egypt,651,EGY,1980,Mustafa Khalil,1979,1980,Q403740,Mustafa Khalil
Egypt,651,EGY,1981,Kamal Hassan Ali,1980,1984,Q1722834,Kamal Hassan Ali
Egypt,651,EGY,1982,Kamal Hassan Ali,1980,1984,Q1722834,Kamal Hassan Ali
Egypt,651,EGY,1983,Kamal Hassan Ali,1980,1984,Q1722834,Kamal Hassan Ali
Egypt,651,EGY,1984,Kamal Hassan Ali,1980,1984,Q1722834,Kamal Hassan Ali
Egypt,651,EGY,1984,Esmat Abdel Meguid,1984,1991,Q646776,
Egypt,651,EGY,1985,Esmat Abdel Meguid,1984,1991,Q646776,
Egypt,651,EGY,1986,Esmat Abdel Meguid,1984,1991,Q646776,
Egypt,651,EGY,1987,Esmat Abdel Meguid,1984,1991,Q646776,
Egypt,651,EGY,1988,Esmat Abdel Meguid,1984,1991,Q646776,
Egypt,651,EGY,1989,Esmat Abdel Meguid,1984,1991,Q646776,
Egypt,651,EGY,1990,Esmat Abdel Meguid,1984,1991,Q646776,
Egypt,651,EGY,1991,Esmat Abdel Meguid,1984,1991,Q646776,
Egypt,651,EGY,1991,Amr Moussa,1991,2001,Q381113,Amr Moussa
Egypt,651,EGY,1992,Amr Moussa,1991,2001,Q381113,Amr Moussa
Egypt,651,EGY,1993,Amr Moussa,1991,2001,Q381113,Amr Moussa
Egypt,651,EGY,1994,Amr Moussa,1991,2001,Q381113,Amr Moussa
Egypt,651,EGY,1995,Amr Moussa,1991,2001,Q381113,Amr Moussa
Egypt,651,EGY,1996,Amr Moussa,1991,2001,Q381113,Amr Moussa
Egypt,651,EGY,1997,Amr Moussa,1991,2001,Q381113,Amr Moussa
Egypt,651,EGY,1998,Amr Moussa,1991,2001,Q381113,Amr Moussa
Egypt,651,EGY,1999,Amr Moussa,1991,2001,Q381113,Amr Moussa
Egypt,651,EGY,2000,Amr Moussa,1991,2001,Q381113,Amr Moussa
Egypt,651,EGY,2001,Ahmed Maher,2001,2004,Q401373,Ahmed Maher
Egypt,651,EGY,2001,Amr Moussa,1991,2001,Q381113,Amr Moussa
Egypt,651,EGY,2002,Ahmed Maher,2001,2004,Q401373,Ahmed Maher
Egypt,651,EGY,2003,Ahmed Maher,2001,2004,Q401373,Ahmed Maher
Egypt,651,EGY,2004,Ahmed Maher,2001,2004,Q401373,Ahmed Maher
Egypt,651,EGY,2004,Ahmed Aboul Gheit,2004,2011,Q58108,Ahmed Aboul Gheit
Egypt,651,EGY,2005,Ahmed Aboul Gheit,2004,2011,Q58108,Ahmed Aboul Gheit
Egypt,651,EGY,2006,Ahmed Aboul Gheit,2004,2011,Q58108,Ahmed Aboul Gheit
Egypt,651,EGY,2007,Ahmed Aboul Gheit,2004,2011,Q58108,Ahmed Aboul Gheit
Egypt,651,EGY,2008,Ahmed Aboul Gheit,2004,2011,Q58108,Ahmed Aboul Gheit
Egypt,651,EGY,2009,Ahmed Aboul Gheit,2004,2011,Q58108,Ahmed Aboul Gheit
Egypt,651,EGY,2010,Ahmed Aboul Gheit,2004,2011,Q58108,Ahmed Aboul Gheit
Egypt,651,EGY,2011,Ahmed Aboul Gheit,2004,2011,Q58108,Ahmed Aboul Gheit
Egypt,651,EGY,2011,Mohamed al-Orabi,2011,2011,Q537159,
Egypt,651,EGY,2011,Nabil al-Arabi,2011,2011,Q456346,
Egypt,651,EGY,2011,Mohamed Kamel Amr,2011,2013,Q58139,Mohamed Kamel Amr
Egypt,651,EGY,2012,Mohamed Kamel Amr,2011,2013,Q58139,Mohamed Kamel Amr
Egypt,651,EGY,2013,Nabil Fahmy,2013,2014,Q12247944,
Egypt,651,EGY,2013,Mohamed Kamel Amr,2011,2013,Q58139,Mohamed Kamel Amr
Egypt,651,EGY,2014,Nabil Fahmy,2013,2014,Q12247944,
Egypt,651,EGY,2014,Sameh Shoukry,2014,2019,Q7409268,Sameh Shoukry
Egypt,651,EGY,2015,Sameh Shoukry,2014,2019,Q7409268,Sameh Shoukry
Egypt,651,EGY,2016,Sameh Shoukry,2014,2019,Q7409268,Sameh Shoukry
Egypt,651,EGY,2017,Sameh Shoukry,2014,2019,Q7409268,Sameh Shoukry
Egypt,651,EGY,2018,Sameh Shoukry,2014,2019,Q7409268,Sameh Shoukry
Egypt,651,EGY,2019,Sameh Shoukry,2014,2019,Q7409268,Sameh Shoukry
El Salvador,92,SLV,1948,Miguel Rafael Urquía,1948,1950,,
El Salvador,92,SLV,1949,Miguel Rafael Urquía,1948,1950,,
El Salvador,92,SLV,1950,Roberto Edmundo Canessa Gutiérrez,1950,1954,,
El Salvador,92,SLV,1950,Miguel Rafael Urquía,1948,1950,,
El Salvador,92,SLV,1951,Roberto Edmundo Canessa Gutiérrez,1950,1954,,
El Salvador,92,SLV,1952,Roberto Edmundo Canessa Gutiérrez,1950,1954,,
El Salvador,92,SLV,1953,Roberto Edmundo Canessa Gutiérrez,1950,1954,,
El Salvador,92,SLV,1954,Roberto Edmundo Canessa Gutiérrez,1950,1954,,
El Salvador,92,SLV,1954,José Guillermo Trabanino Guerrero,1954,1955,,
El Salvador,92,SLV,1955,Carlos Azúcar Chávez,1955,1956,,
El Salvador,92,SLV,1955,José Guillermo Trabanino Guerrero,1954,1955,,
El Salvador,92,SLV,1956,Alfredo Ortiz Mancía,1956,1960,,
El Salvador,92,SLV,1956,Carlos Azúcar Chávez,1955,1956,,
El Salvador,92,SLV,1957,Alfredo Ortiz Mancía,1956,1960,,
El Salvador,92,SLV,1958,Alfredo Ortiz Mancía,1956,1960,,
El Salvador,92,SLV,1959,Alfredo Ortiz Mancía,1956,1960,,
El Salvador,92,SLV,1960,Alfredo Ortiz Mancía,1956,1960,,
El Salvador,92,SLV,1960,Rolando Déneke,1960,1961,,
El Salvador,92,SLV,1961,Rafael Eguizabal Tobías,1961,1962,,
El Salvador,92,SLV,1961,Raúl Gamero,1961,1961,,
El Salvador,92,SLV,1961,Rolando Déneke,1960,1961,,
El Salvador,92,SLV,1962,Rafael Eguizabal Tobías,1961,1962,,
El Salvador,92,SLV,1962,Héctor Escobar Serrano,1962,1965,Q18020986,
El Salvador,92,SLV,1963,Héctor Escobar Serrano,1962,1965,Q18020986,
El Salvador,92,SLV,1964,Héctor Escobar Serrano,1962,1965,Q18020986,
El Salvador,92,SLV,1965,Héctor Escobar Serrano,1962,1965,Q18020986,
El Salvador,92,SLV,1965,Roberto Eugenio Quirós,1965,1967,,
El Salvador,92,SLV,1966,Roberto Eugenio Quirós,1965,1967,,
El Salvador,92,SLV,1967,Roberto Eugenio Quirós,1965,1967,,
El Salvador,92,SLV,1967,Alfredo Martínez Moreno,1967,1968,Q5667834,Alfredo Martínez Moreno
El Salvador,92,SLV,1968,Francisco José Guerrero Cienfuegos,1968,1971,,
El Salvador,92,SLV,1968,Guillermo Paz Larín,1968,1968,,
El Salvador,92,SLV,1968,Alfredo Martínez Moreno,1967,1968,Q5667834,Alfredo Martínez Moreno
El Salvador,92,SLV,1969,Francisco José Guerrero Cienfuegos,1968,1971,,
El Salvador,92,SLV,1970,Francisco José Guerrero Cienfuegos,1968,1971,,
El Salvador,92,SLV,1971,Guillermo Paz Larín,1971,1971,,
El Salvador,92,SLV,1971,Francisco José Guerrero Cienfuegos,1968,1971,,
El Salvador,92,SLV,1971,Walter Béneke Medina,1971,1972,Q24960893,
El Salvador,92,SLV,1972,Mauricio Borgonovo,1972,1977,,
El Salvador,92,SLV,1972,Walter Béneke Medina,1971,1972,Q24960893,
El Salvador,92,SLV,1973,Mauricio Borgonovo,1972,1977,,
El Salvador,92,SLV,1974,Mauricio Borgonovo,1972,1977,,
El Salvador,92,SLV,1975,Mauricio Borgonovo,1972,1977,,
El Salvador,92,SLV,1976,Mauricio Borgonovo,1972,1977,,
El Salvador,92,SLV,1977,Mauricio Borgonovo,1972,1977,,
El Salvador,92,SLV,1977,Álvaro Ernesto Martínez,1977,1978,,
El Salvador,92,SLV,1978,José Antonio Rodríguez Porth,1978,1979,,
El Salvador,92,SLV,1978,Álvaro Ernesto Martínez,1977,1978,,
El Salvador,92,SLV,1979,Héctor Miguel Antonio Dada Hirezi,1979,1980,Q1239558,Héctor Miguel Antonio Dada Hirezi
El Salvador,92,SLV,1979,José Antonio Rodríguez Porth,1978,1979,,
El Salvador,92,SLV,1980,Fidel Chávez Mena,1980,1984,,
El Salvador,92,SLV,1980,Héctor Miguel Antonio Dada Hirezi,1979,1980,Q1239558,Héctor Miguel Antonio Dada Hirezi
El Salvador,92,SLV,1981,Fidel Chávez Mena,1980,1984,,
El Salvador,92,SLV,1982,Fidel Chávez Mena,1980,1984,,
El Salvador,92,SLV,1983,Fidel Chávez Mena,1980,1984,,
El Salvador,92,SLV,1984,Jorge Eduardo Tenorio,1984,1985,,
El Salvador,92,SLV,1984,Fidel Chávez Mena,1980,1984,,
El Salvador,92,SLV,1985,Rodolfo Antonio Castillo Claramount,1985,1986,,
El Salvador,92,SLV,1985,Jorge Eduardo Tenorio,1984,1985,,
El Salvador,92,SLV,1986,Ricardo Acevedo Peralta,1986,1989,,
El Salvador,92,SLV,1986,Rodolfo Antonio Castillo Claramount,1985,1986,,
El Salvador,92,SLV,1987,Ricardo Acevedo Peralta,1986,1989,,
El Salvador,92,SLV,1988,Ricardo Acevedo Peralta,1986,1989,,
El Salvador,92,SLV,1989,Ricardo Acevedo Peralta,1986,1989,,
El Salvador,92,SLV,1989,José Manuel Pacas Castro,1989,1993,,
El Salvador,92,SLV,1990,José Manuel Pacas Castro,1989,1993,,
El Salvador,92,SLV,1991,José Manuel Pacas Castro,1989,1993,,
El Salvador,92,SLV,1992,José Manuel Pacas Castro,1989,1993,,
El Salvador,92,SLV,1993,Miguel Ángel Salaverría,1993,1994,,
El Salvador,92,SLV,1993,José Manuel Pacas Castro,1989,1993,,
El Salvador,92,SLV,1994,Óscar Alfredo Santamaría,1994,1995,,
El Salvador,92,SLV,1994,Miguel Ángel Salaverría,1993,1994,,
El Salvador,92,SLV,1995,Ramón Ernesto González Giner,1995,1999,,
El Salvador,92,SLV,1995,Óscar Alfredo Santamaría,1994,1995,,
El Salvador,92,SLV,1996,Ramón Ernesto González Giner,1995,1999,,
El Salvador,92,SLV,1997,Ramón Ernesto González Giner,1995,1999,,
El Salvador,92,SLV,1998,Ramón Ernesto González Giner,1995,1999,,
El Salvador,92,SLV,1999,Ramón Ernesto González Giner,1995,1999,,
El Salvador,92,SLV,1999,María Eugenia Brizuela de Ávila,1999,2004,Q1292736,
El Salvador,92,SLV,2000,María Eugenia Brizuela de Ávila,1999,2004,Q1292736,
El Salvador,92,SLV,2001,María Eugenia Brizuela de Ávila,1999,2004,Q1292736,
El Salvador,92,SLV,2002,María Eugenia Brizuela de Ávila,1999,2004,Q1292736,
El Salvador,92,SLV,2003,María Eugenia Brizuela de Ávila,1999,2004,Q1292736,
El Salvador,92,SLV,2004,María Eugenia Brizuela de Ávila,1999,2004,Q1292736,
El Salvador,92,SLV,2004,Francisco Laínez,2004,2008,Q3081873,
El Salvador,92,SLV,2005,Francisco Laínez,2004,2008,Q3081873,
El Salvador,92,SLV,2006,Francisco Laínez,2004,2008,Q3081873,
El Salvador,92,SLV,2007,Francisco Laínez,2004,2008,Q3081873,
El Salvador,92,SLV,2008,Marisol Argueta de Barillas,2008,2009,Q3293717,Marisol Argueta de Barillas
El Salvador,92,SLV,2008,Francisco Laínez,2004,2008,Q3081873,
El Salvador,92,SLV,2009,Hugo Martínez,2009,2013,Q1635429,Hugo Martínez
El Salvador,92,SLV,2009,Marisol Argueta de Barillas,2008,2009,Q3293717,Marisol Argueta de Barillas
El Salvador,92,SLV,2010,Hugo Martínez,2009,2013,Q1635429,Hugo Martínez
El Salvador,92,SLV,2011,Hugo Martínez,2009,2013,Q1635429,Hugo Martínez
El Salvador,92,SLV,2012,Hugo Martínez,2009,2013,Q1635429,Hugo Martínez
El Salvador,92,SLV,2013,Jaime Miranda,2013,2014,Q47147101,
El Salvador,92,SLV,2013,Hugo Martínez,2009,2013,Q1635429,Hugo Martínez
El Salvador,92,SLV,2014,Hugo Martínez,2014,2018,Q1635429,Hugo Martínez
El Salvador,92,SLV,2014,Jaime Miranda,2013,2014,Q47147101,
El Salvador,92,SLV,2015,Hugo Martínez,2014,2018,Q1635429,Hugo Martínez
El Salvador,92,SLV,2016,Hugo Martínez,2014,2018,Q1635429,Hugo Martínez
El Salvador,92,SLV,2017,Hugo Martínez,2014,2018,Q1635429,Hugo Martínez
El Salvador,92,SLV,2018,Hugo Martínez,2014,2018,Q1635429,Hugo Martínez
El Salvador,92,SLV,2018,Carlos Castaneda,2018,2019,Q55988494,Carlos Castaneda
El Salvador,92,SLV,2019,Carlos Castaneda,2018,2019,Q55988494,Carlos Castaneda
Equatorial Guinea,411,GNQ,1968,Atanasio Ndongo Miyone,1968,1969,Q2181164,Atanasio Ndongo Miyone
Equatorial Guinea,411,GNQ,1969,Francisco Macías Nguema,1969,1971,Q211936,Francisco Macías Nguema
Equatorial Guinea,411,GNQ,1969,Atanasio Ndongo Miyone,1968,1969,Q2181164,Atanasio Ndongo Miyone
Equatorial Guinea,411,GNQ,1970,Francisco Macías Nguema,1969,1971,Q211936,Francisco Macías Nguema
Equatorial Guinea,411,GNQ,1971,Bonifacio Nguema Esono Nchama,1971,1979,Q23071439,Bonifacio Nguema Esono Nchama
Equatorial Guinea,411,GNQ,1971,Francisco Macías Nguema,1969,1971,Q211936,Francisco Macías Nguema
Equatorial Guinea,411,GNQ,1972,Bonifacio Nguema Esono Nchama,1971,1979,Q23071439,Bonifacio Nguema Esono Nchama
Equatorial Guinea,411,GNQ,1973,Bonifacio Nguema Esono Nchama,1971,1979,Q23071439,Bonifacio Nguema Esono Nchama
Equatorial Guinea,411,GNQ,1974,Bonifacio Nguema Esono Nchama,1971,1979,Q23071439,Bonifacio Nguema Esono Nchama
Equatorial Guinea,411,GNQ,1975,Bonifacio Nguema Esono Nchama,1971,1979,Q23071439,Bonifacio Nguema Esono Nchama
Equatorial Guinea,411,GNQ,1976,Bonifacio Nguema Esono Nchama,1971,1979,Q23071439,Bonifacio Nguema Esono Nchama
Equatorial Guinea,411,GNQ,1977,Bonifacio Nguema Esono Nchama,1971,1979,Q23071439,Bonifacio Nguema Esono Nchama
Equatorial Guinea,411,GNQ,1978,Bonifacio Nguema Esono Nchama,1971,1979,Q23071439,Bonifacio Nguema Esono Nchama
Equatorial Guinea,411,GNQ,1979,Bonifacio Nguema Esono Nchama,1971,1979,Q23071439,Bonifacio Nguema Esono Nchama
Equatorial Guinea,411,GNQ,1979,Florencio Maye Ela,1979,1981,Q16735389,
Equatorial Guinea,411,GNQ,1980,Florencio Maye Ela,1979,1981,Q16735389,
Equatorial Guinea,411,GNQ,1981,Marcos Mba Ondo,1981,1983,,
Equatorial Guinea,411,GNQ,1981,Florencio Maye Ela,1979,1981,Q16735389,
Equatorial Guinea,411,GNQ,1982,Marcos Mba Ondo,1981,1983,,
Equatorial Guinea,411,GNQ,1983,Marcelino Nguema Onguene,1983,1989,Q55104853,Marcelino Nguema Onguene
Equatorial Guinea,411,GNQ,1983,Marcos Mba Ondo,1981,1983,,
Equatorial Guinea,411,GNQ,1984,Marcelino Nguema Onguene,1983,1989,Q55104853,Marcelino Nguema Onguene
Equatorial Guinea,411,GNQ,1985,Marcelino Nguema Onguene,1983,1989,Q55104853,Marcelino Nguema Onguene
Equatorial Guinea,411,GNQ,1986,Marcelino Nguema Onguene,1983,1989,Q55104853,Marcelino Nguema Onguene
Equatorial Guinea,411,GNQ,1987,Marcelino Nguema Onguene,1983,1989,Q55104853,Marcelino Nguema Onguene
Equatorial Guinea,411,GNQ,1988,Marcelino Nguema Onguene,1983,1989,Q55104853,Marcelino Nguema Onguene
Equatorial Guinea,411,GNQ,1989,Santiago Eneme Ovono,1989,1992,,
Equatorial Guinea,411,GNQ,1989,Marcelino Nguema Onguene,1983,1989,Q55104853,Marcelino Nguema Onguene
Equatorial Guinea,411,GNQ,1990,Santiago Eneme Ovono,1989,1992,,
Equatorial Guinea,411,GNQ,1991,Santiago Eneme Ovono,1989,1992,,
Equatorial Guinea,411,GNQ,1992,Benjamín Mba Ekua Mikó,1992,1993,,
Equatorial Guinea,411,GNQ,1992,Santiago Eneme Ovono,1989,1992,,
Equatorial Guinea,411,GNQ,1993,Miguel Oyono Ndong Mifumu,1993,1999,,
Equatorial Guinea,411,GNQ,1993,Benjamín Mba Ekua Mikó,1992,1993,,
Equatorial Guinea,411,GNQ,1994,Miguel Oyono Ndong Mifumu,1993,1999,,
Equatorial Guinea,411,GNQ,1995,Miguel Oyono Ndong Mifumu,1993,1999,,
Equatorial Guinea,411,GNQ,1996,Miguel Oyono Ndong Mifumu,1993,1999,,
Equatorial Guinea,411,GNQ,1997,Miguel Oyono Ndong Mifumu,1993,1999,,
Equatorial Guinea,411,GNQ,1998,Miguel Oyono Ndong Mifumu,1993,1999,,
Equatorial Guinea,411,GNQ,1999,Miguel Oyono Ndong Mifumu,1993,1999,,
Equatorial Guinea,411,GNQ,1999,Santiago Nsobeya Efuman,1999,2003,Q17198388,
Equatorial Guinea,411,GNQ,2000,Santiago Nsobeya Efuman,1999,2003,Q17198388,
Equatorial Guinea,411,GNQ,2001,Santiago Nsobeya Efuman,1999,2003,Q17198388,
Equatorial Guinea,411,GNQ,2002,Santiago Nsobeya Efuman,1999,2003,Q17198388,
Equatorial Guinea,411,GNQ,2003,Pastor Micha Ondo Bile,2003,2012,Q58151,Pastor Micha Ondo Bile
Equatorial Guinea,411,GNQ,2003,Santiago Nsobeya Efuman,1999,2003,Q17198388,
Equatorial Guinea,411,GNQ,2004,Pastor Micha Ondo Bile,2003,2012,Q58151,Pastor Micha Ondo Bile
Equatorial Guinea,411,GNQ,2005,Pastor Micha Ondo Bile,2003,2012,Q58151,Pastor Micha Ondo Bile
Equatorial Guinea,411,GNQ,2006,Pastor Micha Ondo Bile,2003,2012,Q58151,Pastor Micha Ondo Bile
Equatorial Guinea,411,GNQ,2007,Pastor Micha Ondo Bile,2003,2012,Q58151,Pastor Micha Ondo Bile
Equatorial Guinea,411,GNQ,2008,Pastor Micha Ondo Bile,2003,2012,Q58151,Pastor Micha Ondo Bile
Equatorial Guinea,411,GNQ,2009,Pastor Micha Ondo Bile,2003,2012,Q58151,Pastor Micha Ondo Bile
Equatorial Guinea,411,GNQ,2010,Pastor Micha Ondo Bile,2003,2012,Q58151,Pastor Micha Ondo Bile
Equatorial Guinea,411,GNQ,2011,Pastor Micha Ondo Bile,2003,2012,Q58151,Pastor Micha Ondo Bile
Equatorial Guinea,411,GNQ,2012,Agapito Mba Mokuy,2012,2018,Q24574730,Agapito Mba Mokuy
Equatorial Guinea,411,GNQ,2012,Pastor Micha Ondo Bile,2003,2012,Q58151,Pastor Micha Ondo Bile
Equatorial Guinea,411,GNQ,2013,Agapito Mba Mokuy,2012,2018,Q24574730,Agapito Mba Mokuy
Equatorial Guinea,411,GNQ,2014,Agapito Mba Mokuy,2012,2018,Q24574730,Agapito Mba Mokuy
Equatorial Guinea,411,GNQ,2015,Agapito Mba Mokuy,2012,2018,Q24574730,Agapito Mba Mokuy
Equatorial Guinea,411,GNQ,2016,Agapito Mba Mokuy,2012,2018,Q24574730,Agapito Mba Mokuy
Equatorial Guinea,411,GNQ,2017,Agapito Mba Mokuy,2012,2018,Q24574730,Agapito Mba Mokuy
Equatorial Guinea,411,GNQ,2018,Agapito Mba Mokuy,2012,2018,Q24574730,Agapito Mba Mokuy
Equatorial Guinea,411,GNQ,2018,Simeón Oyono Esono Angue,2018,2019,Q55098190,
Equatorial Guinea,411,GNQ,2019,Simeón Oyono Esono Angue,2018,2019,Q55098190,
Eritrea,531,ERI,1993,Mahmoud Sherifo,1993,1994,Q364905,
Eritrea,531,ERI,1994,Mahmoud Sherifo,1993,1994,Q364905,
Eritrea,531,ERI,1994,Petros Solomon,1994,1997,Q7179098,Petros Solomon
Eritrea,531,ERI,1995,Petros Solomon,1994,1997,Q7179098,Petros Solomon
Eritrea,531,ERI,1996,Petros Solomon,1994,1997,Q7179098,Petros Solomon
Eritrea,531,ERI,1997,Haile Woldetensae,1997,2000,Q5639243,
Eritrea,531,ERI,1997,Petros Solomon,1994,1997,Q7179098,Petros Solomon
Eritrea,531,ERI,1998,Haile Woldetensae,1997,2000,Q5639243,
Eritrea,531,ERI,1999,Haile Woldetensae,1997,2000,Q5639243,
Eritrea,531,ERI,2000,Haile Woldetensae,1997,2000,Q5639243,
Eritrea,531,ERI,2000,Ali Said Abdella,2000,2005,Q4725176,Ali Said Abdella
Eritrea,531,ERI,2001,Ali Said Abdella,2000,2005,Q4725176,Ali Said Abdella
Eritrea,531,ERI,2002,Ali Said Abdella,2000,2005,Q4725176,Ali Said Abdella
Eritrea,531,ERI,2003,Ali Said Abdella,2000,2005,Q4725176,Ali Said Abdella
Eritrea,531,ERI,2004,Ali Said Abdella,2000,2005,Q4725176,Ali Said Abdella
Eritrea,531,ERI,2005,Mohamed Omar,2005,2007,Q6891422,
Eritrea,531,ERI,2005,Ali Said Abdella,2000,2005,Q4725176,Ali Said Abdella
Eritrea,531,ERI,2006,Mohamed Omar,2005,2007,Q6891422,
Eritrea,531,ERI,2007,Mohamed Omar,2005,2007,Q6891422,
Eritrea,531,ERI,2007,Osman Saleh,2007,2019,Q58163,
Eritrea,531,ERI,2008,Osman Saleh,2007,2019,Q58163,
Eritrea,531,ERI,2009,Osman Saleh,2007,2019,Q58163,
Eritrea,531,ERI,2010,Osman Saleh,2007,2019,Q58163,
Eritrea,531,ERI,2011,Osman Saleh,2007,2019,Q58163,
Eritrea,531,ERI,2012,Osman Saleh,2007,2019,Q58163,
Eritrea,531,ERI,2013,Osman Saleh,2007,2019,Q58163,
Eritrea,531,ERI,2014,Osman Saleh,2007,2019,Q58163,
Eritrea,531,ERI,2015,Osman Saleh,2007,2019,Q58163,
Eritrea,531,ERI,2016,Osman Saleh,2007,2019,Q58163,
Eritrea,531,ERI,2017,Osman Saleh,2007,2019,Q58163,
Eritrea,531,ERI,2018,Osman Saleh,2007,2019,Q58163,
Eritrea,531,ERI,2019,Osman Saleh,2007,2019,Q58163,
Estonia,366,EST,1944,Hans Kruus,1944,1950,Q4242571,Hans Kruus
Estonia,366,EST,1945,Hans Kruus,1944,1950,Q4242571,Hans Kruus
Estonia,366,EST,1946,Hans Kruus,1944,1950,Q4242571,Hans Kruus
Estonia,366,EST,1947,Hans Kruus,1944,1950,Q4242571,Hans Kruus
Estonia,366,EST,1948,Hans Kruus,1944,1950,Q4242571,Hans Kruus
Estonia,366,EST,1949,Hans Kruus,1944,1950,Q4242571,Hans Kruus
Estonia,366,EST,1950,Rudolf Auendorf,1950,1951,Q16404427,Rudolf Auendorf
Estonia,366,EST,1950,Hans Kruus,1944,1950,Q4242571,Hans Kruus
Estonia,366,EST,1951,Rudolf Auendorf,1950,1951,Q16404427,Rudolf Auendorf
Estonia,366,EST,1951,Aleksei Müürisepp,1951,1961,Q2640860,Aleksei Müürisepp
Estonia,366,EST,1952,Aleksei Müürisepp,1951,1961,Q2640860,Aleksei Müürisepp
Estonia,366,EST,1953,Aleksei Müürisepp,1951,1961,Q2640860,Aleksei Müürisepp
Estonia,366,EST,1954,Aleksei Müürisepp,1951,1961,Q2640860,Aleksei Müürisepp
Estonia,366,EST,1955,Aleksei Müürisepp,1951,1961,Q2640860,Aleksei Müürisepp
Estonia,366,EST,1956,Aleksei Müürisepp,1951,1961,Q2640860,Aleksei Müürisepp
Estonia,366,EST,1957,Aleksei Müürisepp,1951,1961,Q2640860,Aleksei Müürisepp
Estonia,366,EST,1958,Aleksei Müürisepp,1951,1961,Q2640860,Aleksei Müürisepp
Estonia,366,EST,1959,Aleksei Müürisepp,1951,1961,Q2640860,Aleksei Müürisepp
Estonia,366,EST,1960,Aleksei Müürisepp,1951,1961,Q2640860,Aleksei Müürisepp
Estonia,366,EST,1961,Aleksei Müürisepp,1951,1961,Q2640860,Aleksei Müürisepp
Estonia,366,EST,1962,Arnold Green,1962,1990,Q695262,Arnold Green
Estonia,366,EST,1963,Arnold Green,1962,1990,Q695262,Arnold Green
Estonia,366,EST,1964,Arnold Green,1962,1990,Q695262,Arnold Green
Estonia,366,EST,1965,Arnold Green,1962,1990,Q695262,Arnold Green
Estonia,366,EST,1966,Arnold Green,1962,1990,Q695262,Arnold Green
Estonia,366,EST,1967,Arnold Green,1962,1990,Q695262,Arnold Green
Estonia,366,EST,1968,Arnold Green,1962,1990,Q695262,Arnold Green
Estonia,366,EST,1969,Arnold Green,1962,1990,Q695262,Arnold Green
Estonia,366,EST,1970,Arnold Green,1962,1990,Q695262,Arnold Green
Estonia,366,EST,1971,Arnold Green,1962,1990,Q695262,Arnold Green
Estonia,366,EST,1972,Arnold Green,1962,1990,Q695262,Arnold Green
Estonia,366,EST,1973,Arnold Green,1962,1990,Q695262,Arnold Green
Estonia,366,EST,1974,Arnold Green,1962,1990,Q695262,Arnold Green
Estonia,366,EST,1975,Arnold Green,1962,1990,Q695262,Arnold Green
Estonia,366,EST,1976,Arnold Green,1962,1990,Q695262,Arnold Green
Estonia,366,EST,1977,Arnold Green,1962,1990,Q695262,Arnold Green
Estonia,366,EST,1978,Arnold Green,1962,1990,Q695262,Arnold Green
Estonia,366,EST,1979,Arnold Green,1962,1990,Q695262,Arnold Green
Estonia,366,EST,1980,Arnold Green,1962,1990,Q695262,Arnold Green
Estonia,366,EST,1981,Arnold Green,1962,1990,Q695262,Arnold Green
Estonia,366,EST,1982,Arnold Green,1962,1990,Q695262,Arnold Green
Estonia,366,EST,1983,Arnold Green,1962,1990,Q695262,Arnold Green
Estonia,366,EST,1984,Arnold Green,1962,1990,Q695262,Arnold Green
Estonia,366,EST,1985,Arnold Green,1962,1990,Q695262,Arnold Green
Estonia,366,EST,1986,Arnold Green,1962,1990,Q695262,Arnold Green
Estonia,366,EST,1987,Arnold Green,1962,1990,Q695262,Arnold Green
Estonia,366,EST,1988,Arnold Green,1962,1990,Q695262,Arnold Green
Estonia,366,EST,1989,Arnold Green,1962,1990,Q695262,Arnold Green
Estonia,366,EST,1990,Lennart Meri,1990,1992,Q153149,Lennart Meri
Estonia,366,EST,1990,Arnold Green,1962,1990,Q695262,Arnold Green
Estonia,366,EST,1991,Lennart Meri,1990,1992,Q153149,Lennart Meri
Estonia,366,EST,1992,Jaan Manitski,1992,1992,Q1530269,Jaan Manitski
Estonia,366,EST,1992,Trivimi Velliste,1992,1994,Q1387518,Trivimi Velliste
Estonia,366,EST,1992,Lennart Meri,1990,1992,Q153149,Lennart Meri
Estonia,366,EST,1993,Trivimi Velliste,1992,1994,Q1387518,Trivimi Velliste
Estonia,366,EST,1994,Jüri Luik,1994,1995,Q1433583,Jüri Luik
Estonia,366,EST,1994,Trivimi Velliste,1992,1994,Q1387518,Trivimi Velliste
Estonia,366,EST,1995,Riivo Sinijärv,1995,1995,Q1406293,Riivo Sinijärv
Estonia,366,EST,1995,Jüri Luik,1994,1995,Q1433583,Jüri Luik
Estonia,366,EST,1995,Siim Kallas,1995,1996,Q156469,Siim Kallas
Estonia,366,EST,1996,Siim Kallas,1995,1996,Q156469,Siim Kallas
Estonia,366,EST,1996,Toomas Hendrik Ilves,1996,1998,Q57289,Toomas Hendrik Ilves
Estonia,366,EST,1997,Toomas Hendrik Ilves,1996,1998,Q57289,Toomas Hendrik Ilves
Estonia,366,EST,1998,Raul Mälk,1998,1999,Q1512977,Raul Mälk
Estonia,366,EST,1998,Toomas Hendrik Ilves,1996,1998,Q57289,Toomas Hendrik Ilves
Estonia,366,EST,1999,Raul Mälk,1998,1999,Q1512977,Raul Mälk
Estonia,366,EST,1999,Toomas Hendrik Ilves,1999,2002,Q57289,Toomas Hendrik Ilves
Estonia,366,EST,2000,Toomas Hendrik Ilves,1999,2002,Q57289,Toomas Hendrik Ilves
Estonia,366,EST,2001,Toomas Hendrik Ilves,1999,2002,Q57289,Toomas Hendrik Ilves
Estonia,366,EST,2002,Kristiina Ojuland,2002,2005,Q438802,Kristiina Ojuland
Estonia,366,EST,2002,Toomas Hendrik Ilves,1999,2002,Q57289,Toomas Hendrik Ilves
Estonia,366,EST,2003,Kristiina Ojuland,2002,2005,Q438802,Kristiina Ojuland
Estonia,366,EST,2004,Kristiina Ojuland,2002,2005,Q438802,Kristiina Ojuland
Estonia,366,EST,2005,Urmas Paet,2005,2014,Q58100,Urmas Paet
Estonia,366,EST,2005,Jaak Jõerüüt,2005,2005,Q1676748,Jaak Jõerüüt
Estonia,366,EST,2005,Kristiina Ojuland,2002,2005,Q438802,Kristiina Ojuland
Estonia,366,EST,2005,Rein Lang,2005,2005,Q998617,Rein Lang
Estonia,366,EST,2006,Urmas Paet,2005,2014,Q58100,Urmas Paet
Estonia,366,EST,2007,Urmas Paet,2005,2014,Q58100,Urmas Paet
Estonia,366,EST,2008,Urmas Paet,2005,2014,Q58100,Urmas Paet
Estonia,366,EST,2009,Urmas Paet,2005,2014,Q58100,Urmas Paet
Estonia,366,EST,2010,Urmas Paet,2005,2014,Q58100,Urmas Paet
Estonia,366,EST,2011,Urmas Paet,2005,2014,Q58100,Urmas Paet
Estonia,366,EST,2012,Urmas Paet,2005,2014,Q58100,Urmas Paet
Estonia,366,EST,2013,Urmas Paet,2005,2014,Q58100,Urmas Paet
Estonia,366,EST,2014,Anne Sulling,2014,2014,Q15983657,Anne Sulling
Estonia,366,EST,2014,Urmas Paet,2005,2014,Q58100,Urmas Paet
Estonia,366,EST,2014,Keit Pentus-Rosimannus,2014,2015,Q458003,Keit Pentus-Rosimannus
Estonia,366,EST,2015,Keit Pentus-Rosimannus,2014,2015,Q458003,Keit Pentus-Rosimannus
Estonia,366,EST,2015,Marina Kaljurand,2015,2016,Q439111,Marina Kaljurand
Estonia,366,EST,2015,Jürgen Ligi,2015,2015,Q983831,Jürgen Ligi
Estonia,366,EST,2016,Sven Mikser,2016,2019,Q2097451,Sven Mikser
Estonia,366,EST,2016,Jürgen Ligi,2016,2016,Q983831,Jürgen Ligi
Estonia,366,EST,2016,Marina Kaljurand,2015,2016,Q439111,Marina Kaljurand
Estonia,366,EST,2017,Sven Mikser,2016,2019,Q2097451,Sven Mikser
Estonia,366,EST,2018,Sven Mikser,2016,2019,Q2097451,Sven Mikser
Estonia,366,EST,2019,Sven Mikser,2016,2019,Q2097451,Sven Mikser
Ethiopia,530,ETH,1943,Tsehafi Taezaz Aklilu Habte-Wold,1943,1958,Q420192,
Ethiopia,530,ETH,1944,Tsehafi Taezaz Aklilu Habte-Wold,1943,1958,Q420192,
Ethiopia,530,ETH,1945,Tsehafi Taezaz Aklilu Habte-Wold,1943,1958,Q420192,
Ethiopia,530,ETH,1946,Tsehafi Taezaz Aklilu Habte-Wold,1943,1958,Q420192,
Ethiopia,530,ETH,1947,Tsehafi Taezaz Aklilu Habte-Wold,1943,1958,Q420192,
Ethiopia,530,ETH,1948,Tsehafi Taezaz Aklilu Habte-Wold,1943,1958,Q420192,
Ethiopia,530,ETH,1949,Tsehafi Taezaz Aklilu Habte-Wold,1943,1958,Q420192,
Ethiopia,530,ETH,1950,Tsehafi Taezaz Aklilu Habte-Wold,1943,1958,Q420192,
Ethiopia,530,ETH,1951,Tsehafi Taezaz Aklilu Habte-Wold,1943,1958,Q420192,
Ethiopia,530,ETH,1952,Tsehafi Taezaz Aklilu Habte-Wold,1943,1958,Q420192,
Ethiopia,530,ETH,1953,Tsehafi Taezaz Aklilu Habte-Wold,1943,1958,Q420192,
Ethiopia,530,ETH,1954,Tsehafi Taezaz Aklilu Habte-Wold,1943,1958,Q420192,
Ethiopia,530,ETH,1955,Tsehafi Taezaz Aklilu Habte-Wold,1943,1958,Q420192,
Ethiopia,530,ETH,1956,Tsehafi Taezaz Aklilu Habte-Wold,1943,1958,Q420192,
Ethiopia,530,ETH,1957,Tsehafi Taezaz Aklilu Habte-Wold,1943,1958,Q420192,
Ethiopia,530,ETH,1958,Yilma Deressa,1958,1960,Q8053607,Yilma Deressa
Ethiopia,530,ETH,1958,Tsehafi Taezaz Aklilu Habte-Wold,1943,1958,Q420192,
Ethiopia,530,ETH,1959,Yilma Deressa,1958,1960,Q8053607,Yilma Deressa
Ethiopia,530,ETH,1960,Yilma Deressa,1958,1960,Q8053607,Yilma Deressa
Ethiopia,530,ETH,1960,Haddis Alemayehu,1960,1961,Q982661,Haddis Alemayehu
Ethiopia,530,ETH,1961,Haddis Alemayehu,1960,1961,Q982661,Haddis Alemayehu
Ethiopia,530,ETH,1961,Ketema Yifru,1961,1971,Q6395370,
Ethiopia,530,ETH,1961,Mikael Imru,1961,1961,Q743946,Mikael Imru
Ethiopia,530,ETH,1962,Ketema Yifru,1961,1971,Q6395370,
Ethiopia,530,ETH,1963,Ketema Yifru,1961,1971,Q6395370,
Ethiopia,530,ETH,1964,Ketema Yifru,1961,1971,Q6395370,
Ethiopia,530,ETH,1965,Ketema Yifru,1961,1971,Q6395370,
Ethiopia,530,ETH,1966,Ketema Yifru,1961,1971,Q6395370,
Ethiopia,530,ETH,1967,Ketema Yifru,1961,1971,Q6395370,
Ethiopia,530,ETH,1968,Ketema Yifru,1961,1971,Q6395370,
Ethiopia,530,ETH,1969,Ketema Yifru,1961,1971,Q6395370,
Ethiopia,530,ETH,1970,Ketema Yifru,1961,1971,Q6395370,
Ethiopia,530,ETH,1971,Minasse Haile,1971,1974,Q62045266,Minasse Haile
Ethiopia,530,ETH,1971,Ketema Yifru,1961,1971,Q6395370,
Ethiopia,530,ETH,1972,Minasse Haile,1971,1974,Q62045266,Minasse Haile
Ethiopia,530,ETH,1973,Minasse Haile,1971,1974,Q62045266,Minasse Haile
Ethiopia,530,ETH,1974,Minasse Haile,1971,1974,Q62045266,Minasse Haile
Ethiopia,530,ETH,1974,Kifle Wodajo,1974,1977,Q1741163,Kifle Wodajo
Ethiopia,530,ETH,1974,Dejazmatch Zewde Gabre-Selassie,1974,1974,Q197059,
Ethiopia,530,ETH,1975,Kifle Wodajo,1974,1977,Q1741163,Kifle Wodajo
Ethiopia,530,ETH,1976,Kifle Wodajo,1974,1977,Q1741163,Kifle Wodajo
Ethiopia,530,ETH,1977,Kifle Wodajo,1974,1977,Q1741163,Kifle Wodajo
Ethiopia,530,ETH,1977,Feleke Gedle-Giorgis,1977,1983,Q83698554,Feleke Gedle-Giorgis
Ethiopia,530,ETH,1978,Feleke Gedle-Giorgis,1977,1983,Q83698554,Feleke Gedle-Giorgis
Ethiopia,530,ETH,1979,Feleke Gedle-Giorgis,1977,1983,Q83698554,Feleke Gedle-Giorgis
Ethiopia,530,ETH,1980,Feleke Gedle-Giorgis,1977,1983,Q83698554,Feleke Gedle-Giorgis
Ethiopia,530,ETH,1981,Feleke Gedle-Giorgis,1977,1983,Q83698554,Feleke Gedle-Giorgis
Ethiopia,530,ETH,1982,Feleke Gedle-Giorgis,1977,1983,Q83698554,Feleke Gedle-Giorgis
Ethiopia,530,ETH,1983,Feleke Gedle-Giorgis,1977,1983,Q83698554,Feleke Gedle-Giorgis
Ethiopia,530,ETH,1983,Goshu Wolde,1983,1986,Q29452648,Goshu Wolde
Ethiopia,530,ETH,1984,Goshu Wolde,1983,1986,Q29452648,Goshu Wolde
Ethiopia,530,ETH,1985,Goshu Wolde,1983,1986,Q29452648,Goshu Wolde
Ethiopia,530,ETH,1986,Goshu Wolde,1983,1986,Q29452648,Goshu Wolde
Ethiopia,530,ETH,1986,Berhanu Bayih,1986,1989,Q2897148,
Ethiopia,530,ETH,1987,Berhanu Bayih,1986,1989,Q2897148,
Ethiopia,530,ETH,1988,Berhanu Bayih,1986,1989,Q2897148,
Ethiopia,530,ETH,1989,Tesfaye Dinka,1989,1991,Q335738,Tesfaye Dinka
Ethiopia,530,ETH,1989,Berhanu Bayih,1986,1989,Q2897148,
Ethiopia,530,ETH,1990,Tesfaye Dinka,1989,1991,Q335738,Tesfaye Dinka
Ethiopia,530,ETH,1991,Tesfaye Dinka,1989,1991,Q335738,Tesfaye Dinka
Ethiopia,530,ETH,1991,Tesfaye Tadesse,1991,1991,Q83699529,
Ethiopia,530,ETH,1991,Seyoum Mesfin,1991,2010,Q2275961,Seyoum Mesfin
Ethiopia,530,ETH,1992,Seyoum Mesfin,1991,2010,Q2275961,Seyoum Mesfin
Ethiopia,530,ETH,1993,Seyoum Mesfin,1991,2010,Q2275961,Seyoum Mesfin
Ethiopia,530,ETH,1994,Seyoum Mesfin,1991,2010,Q2275961,Seyoum Mesfin
Ethiopia,530,ETH,1995,Seyoum Mesfin,1991,2010,Q2275961,Seyoum Mesfin
Ethiopia,530,ETH,1996,Seyoum Mesfin,1991,2010,Q2275961,Seyoum Mesfin
Ethiopia,530,ETH,1997,Seyoum Mesfin,1991,2010,Q2275961,Seyoum Mesfin
Ethiopia,530,ETH,1998,Seyoum Mesfin,1991,2010,Q2275961,Seyoum Mesfin
Ethiopia,530,ETH,1999,Seyoum Mesfin,1991,2010,Q2275961,Seyoum Mesfin
Ethiopia,530,ETH,2000,Seyoum Mesfin,1991,2010,Q2275961,Seyoum Mesfin
Ethiopia,530,ETH,2001,Seyoum Mesfin,1991,2010,Q2275961,Seyoum Mesfin
Ethiopia,530,ETH,2002,Seyoum Mesfin,1991,2010,Q2275961,Seyoum Mesfin
Ethiopia,530,ETH,2003,Seyoum Mesfin,1991,2010,Q2275961,Seyoum Mesfin
Ethiopia,530,ETH,2004,Seyoum Mesfin,1991,2010,Q2275961,Seyoum Mesfin
Ethiopia,530,ETH,2005,Seyoum Mesfin,1991,2010,Q2275961,Seyoum Mesfin
Ethiopia,530,ETH,2006,Seyoum Mesfin,1991,2010,Q2275961,Seyoum Mesfin
Ethiopia,530,ETH,2007,Seyoum Mesfin,1991,2010,Q2275961,Seyoum Mesfin
Ethiopia,530,ETH,2008,Seyoum Mesfin,1991,2010,Q2275961,Seyoum Mesfin
Ethiopia,530,ETH,2009,Seyoum Mesfin,1991,2010,Q2275961,Seyoum Mesfin
Ethiopia,530,ETH,2010,Seyoum Mesfin,1991,2010,Q2275961,Seyoum Mesfin
Ethiopia,530,ETH,2010,Hailemariam Desalegn,2010,2012,Q381071,Hailemariam Desalegn
Ethiopia,530,ETH,2011,Hailemariam Desalegn,2010,2012,Q381071,Hailemariam Desalegn
Ethiopia,530,ETH,2012,Berhane Gebre-Christos,2012,2012,Q16185356,Berhane Gebre-Christos
Ethiopia,530,ETH,2012,Hailemariam Desalegn,2010,2012,Q381071,Hailemariam Desalegn
Ethiopia,530,ETH,2012,Tedros Adhanom,2012,2016,Q16196017,Tedros Adhanom
Ethiopia,530,ETH,2013,Tedros Adhanom,2012,2016,Q16196017,Tedros Adhanom
Ethiopia,530,ETH,2014,Tedros Adhanom,2012,2016,Q16196017,Tedros Adhanom
Ethiopia,530,ETH,2015,Tedros Adhanom,2012,2016,Q16196017,Tedros Adhanom
Ethiopia,530,ETH,2016,Workneh Gebeyehu,2016,2019,Q27686173,Workneh Gebeyehu
Ethiopia,530,ETH,2016,Tedros Adhanom,2012,2016,Q16196017,Tedros Adhanom
Ethiopia,530,ETH,2017,Workneh Gebeyehu,2016,2019,Q27686173,Workneh Gebeyehu
Ethiopia,530,ETH,2018,Workneh Gebeyehu,2016,2019,Q27686173,Workneh Gebeyehu
Ethiopia,530,ETH,2019,Workneh Gebeyehu,2016,2019,Q27686173,Workneh Gebeyehu
Faeroe Islands,11,FRO,2008,Høgni Hoydal,2008,2008,Q567780,Høgni Hoydal
Faeroe Islands,11,FRO,2008,Jørgen Niclasen,2008,2011,Q903946,Jørgen Niclasen
Faeroe Islands,11,FRO,2009,Jørgen Niclasen,2008,2011,Q903946,Jørgen Niclasen
Faeroe Islands,11,FRO,2010,Jørgen Niclasen,2008,2011,Q903946,Jørgen Niclasen
Faeroe Islands,11,FRO,2011,Jørgen Niclasen,2008,2011,Q903946,Jørgen Niclasen
Faeroe Islands,11,FRO,2011,Kaj Leo Johannesen,2011,2015,Q331786,Kaj Leo Johannesen
Faeroe Islands,11,FRO,2012,Kaj Leo Johannesen,2011,2015,Q331786,Kaj Leo Johannesen
Faeroe Islands,11,FRO,2013,Kaj Leo Johannesen,2011,2015,Q331786,Kaj Leo Johannesen
Faeroe Islands,11,FRO,2014,Kaj Leo Johannesen,2011,2015,Q331786,Kaj Leo Johannesen
Faeroe Islands,11,FRO,2015,Kaj Leo Johannesen,2011,2015,Q331786,Kaj Leo Johannesen
Faeroe Islands,11,FRO,2015,Poul Michelsen,2015,2019,Q1416571,Poul Michelsen
Faeroe Islands,11,FRO,2016,Poul Michelsen,2015,2019,Q1416571,Poul Michelsen
Faeroe Islands,11,FRO,2017,Poul Michelsen,2015,2019,Q1416571,Poul Michelsen
Faeroe Islands,11,FRO,2018,Poul Michelsen,2015,2019,Q1416571,Poul Michelsen
Faeroe Islands,11,FRO,2019,Poul Michelsen,2015,2019,Q1416571,Poul Michelsen
Fiji,950,FJI,1970,Ratu Sir Kamisese Mara,1970,1982,Q469507,
Fiji,950,FJI,1971,Ratu Sir Kamisese Mara,1970,1982,Q469507,
Fiji,950,FJI,1972,Ratu Sir Kamisese Mara,1970,1982,Q469507,
Fiji,950,FJI,1973,Ratu Sir Kamisese Mara,1970,1982,Q469507,
Fiji,950,FJI,1974,Ratu Sir Kamisese Mara,1970,1982,Q469507,
Fiji,950,FJI,1975,Ratu Sir Kamisese Mara,1970,1982,Q469507,
Fiji,950,FJI,1976,Ratu Sir Kamisese Mara,1970,1982,Q469507,
Fiji,950,FJI,1977,Ratu Sir Kamisese Mara,1970,1982,Q469507,
Fiji,950,FJI,1978,Ratu Sir Kamisese Mara,1970,1982,Q469507,
Fiji,950,FJI,1979,Ratu Sir Kamisese Mara,1970,1982,Q469507,
Fiji,950,FJI,1980,Ratu Sir Kamisese Mara,1970,1982,Q469507,
Fiji,950,FJI,1981,Ratu Sir Kamisese Mara,1970,1982,Q469507,
Fiji,950,FJI,1982,Ratu Sir Kamisese Mara,1970,1982,Q469507,
Fiji,950,FJI,1982,Mosese Qionibaravi,1982,1983,Q92803899,Mosese Qionibaravi
Fiji,950,FJI,1983,Mosese Qionibaravi,1982,1983,Q92803899,Mosese Qionibaravi
Fiji,950,FJI,1983,Jonati Mavoa,1983,1985,Q91016349,
Fiji,950,FJI,1984,Jonati Mavoa,1983,1985,Q91016349,
Fiji,950,FJI,1985,Semesa Sikivou,1985,1986,Q7449243,Semesa Sikivou
Fiji,950,FJI,1985,Ratu Sir Kamisese Mara,1985,1985,Q469507,
Fiji,950,FJI,1985,Jonati Mavoa,1983,1985,Q91016349,
Fiji,950,FJI,1986,Semesa Sikivou,1985,1986,Q7449243,Semesa Sikivou
Fiji,950,FJI,1986,Ratu Sir Kamisese Mara,1986,1987,Q469507,
Fiji,950,FJI,1987,Filipe Bole,1987,1988,Q5448542,Filipe Bole
Fiji,950,FJI,1987,Ratu Sir Kamisese Mara,1987,1987,Q469507,
Fiji,950,FJI,1987,Krishna Datt,1987,1987,Q6437403,Krishna Datt
Fiji,950,FJI,1987,Ratu Sir Kamisese Mara,1986,1987,Q469507,
Fiji,950,FJI,1988,Filipe Bole,1987,1988,Q5448542,Filipe Bole
Fiji,950,FJI,1988,Ratu Sir Kamisese Mara,1988,1992,Q469507,
Fiji,950,FJI,1989,Ratu Sir Kamisese Mara,1988,1992,Q469507,
Fiji,950,FJI,1990,Ratu Sir Kamisese Mara,1988,1992,Q469507,
Fiji,950,FJI,1991,Ratu Sir Kamisese Mara,1988,1992,Q469507,
Fiji,950,FJI,1992,Filipe Bole,1992,1994,Q5448542,Filipe Bole
Fiji,950,FJI,1992,Ratu Sir Kamisese Mara,1988,1992,Q469507,
Fiji,950,FJI,1993,Filipe Bole,1992,1994,Q5448542,Filipe Bole
Fiji,950,FJI,1994,Sitiveni Rabuka,1994,1994,Q981549,Sitiveni Rabuka
Fiji,950,FJI,1994,Filipe Bole,1992,1994,Q5448542,Filipe Bole
Fiji,950,FJI,1994,Filipe Bole,1994,1997,Q5448542,Filipe Bole
Fiji,950,FJI,1995,Filipe Bole,1994,1997,Q5448542,Filipe Bole
Fiji,950,FJI,1996,Filipe Bole,1994,1997,Q5448542,Filipe Bole
Fiji,950,FJI,1997,Filipe Bole,1994,1997,Q5448542,Filipe Bole
Fiji,950,FJI,1997,Berenado Vunibobo,1997,1999,Q4891245,Berenado Vunibobo
Fiji,950,FJI,1998,Berenado Vunibobo,1997,1999,Q4891245,Berenado Vunibobo
Fiji,950,FJI,1999,Berenado Vunibobo,1997,1999,Q4891245,Berenado Vunibobo
Fiji,950,FJI,1999,Tupeni Baba,1999,2000,Q7853527,Tupeni Baba
Fiji,950,FJI,2000,Kaliopate Tavola,2000,2006,Q1722282,Kaliopate Tavola
Fiji,950,FJI,2000,Tupeni Baba,1999,2000,Q7853527,Tupeni Baba
Fiji,950,FJI,2001,Kaliopate Tavola,2000,2006,Q1722282,Kaliopate Tavola
Fiji,950,FJI,2002,Kaliopate Tavola,2000,2006,Q1722282,Kaliopate Tavola
Fiji,950,FJI,2003,Kaliopate Tavola,2000,2006,Q1722282,Kaliopate Tavola
Fiji,950,FJI,2004,Kaliopate Tavola,2000,2006,Q1722282,Kaliopate Tavola
Fiji,950,FJI,2005,Kaliopate Tavola,2000,2006,Q1722282,Kaliopate Tavola
Fiji,950,FJI,2006,Kaliopate Tavola,2000,2006,Q1722282,Kaliopate Tavola
Fiji,950,FJI,2006,Isikeli Mataitoga,2006,2007,Q16732126,Isikeli Mataitoga
Fiji,950,FJI,2007,Isikeli Mataitoga,2006,2007,Q16732126,Isikeli Mataitoga
Fiji,950,FJI,2007,Ratu Epeli Nailatikau,2007,2008,Q373605,
Fiji,950,FJI,2008,Voreqe Bainimarama,2008,2009,Q57830,
Fiji,950,FJI,2008,Ratu Epeli Nailatikau,2007,2008,Q373605,
Fiji,950,FJI,2009,Ratu Inoke Kubuabola,2009,2016,Q58316,
Fiji,950,FJI,2009,Voreqe Bainimarama,2009,2009,Q57830,
Fiji,950,FJI,2009,Voreqe Bainimarama,2008,2009,Q57830,
Fiji,950,FJI,2010,Ratu Inoke Kubuabola,2009,2016,Q58316,
Fiji,950,FJI,2011,Ratu Inoke Kubuabola,2009,2016,Q58316,
Fiji,950,FJI,2012,Ratu Inoke Kubuabola,2009,2016,Q58316,
Fiji,950,FJI,2013,Ratu Inoke Kubuabola,2009,2016,Q58316,
Fiji,950,FJI,2014,Ratu Inoke Kubuabola,2009,2016,Q58316,
Fiji,950,FJI,2015,Ratu Inoke Kubuabola,2009,2016,Q58316,
Fiji,950,FJI,2016,Ratu Inoke Kubuabola,2009,2016,Q58316,
Fiji,950,FJI,2016,Voreqe Bainimarama,2016,2019,Q57830,
Fiji,950,FJI,2017,Voreqe Bainimarama,2016,2019,Q57830,
Fiji,950,FJI,2018,Voreqe Bainimarama,2016,2019,Q57830,
Fiji,950,FJI,2019,Voreqe Bainimarama,2016,2019,Q57830,
Fiji,950,FJI,2019,Inia Seruiratu,2019,2019,Q59149050,Inia Seruiratu
Finland,375,FIN,1944,Carl Enckell,1944,1950,Q969261,Carl Enckell
Finland,375,FIN,1945,Carl Enckell,1944,1950,Q969261,Carl Enckell
Finland,375,FIN,1946,Carl Enckell,1944,1950,Q969261,Carl Enckell
Finland,375,FIN,1947,Carl Enckell,1944,1950,Q969261,Carl Enckell
Finland,375,FIN,1948,Carl Enckell,1944,1950,Q969261,Carl Enckell
Finland,375,FIN,1949,Carl Enckell,1944,1950,Q969261,Carl Enckell
Finland,375,FIN,1950,Åke Gartz,1950,1951,Q2336258,Åke Gartz
Finland,375,FIN,1950,Carl Enckell,1944,1950,Q969261,Carl Enckell
Finland,375,FIN,1951,Åke Gartz,1950,1951,Q2336258,Åke Gartz
Finland,375,FIN,1951,Sakari Tuomioja,1951,1952,Q728501,Sakari Tuomioja
Finland,375,FIN,1952,Sakari Tuomioja,1951,1952,Q728501,Sakari Tuomioja
Finland,375,FIN,1952,Urho Kekkonen,1952,1953,Q179858,Urho Kekkonen
Finland,375,FIN,1953,Urho Kekkonen,1952,1953,Q179858,Urho Kekkonen
Finland,375,FIN,1953,Ralf Törngren,1953,1954,Q728830,Ralf Törngren
Finland,375,FIN,1954,Ralf Törngren,1953,1954,Q728830,Ralf Törngren
Finland,375,FIN,1954,Johannes Virolainen,1954,1956,Q471278,Johannes Virolainen
Finland,375,FIN,1954,Urho Kekkonen,1954,1954,Q179858,Urho Kekkonen
Finland,375,FIN,1955,Johannes Virolainen,1954,1956,Q471278,Johannes Virolainen
Finland,375,FIN,1956,Ralf Törngren,1956,1957,Q728830,Ralf Törngren
Finland,375,FIN,1956,Johannes Virolainen,1954,1956,Q471278,Johannes Virolainen
Finland,375,FIN,1957,Johannes Virolainen,1957,1957,Q471278,Johannes Virolainen
Finland,375,FIN,1957,Paavo Juho Hynninen,1957,1958,Q4357515,
Finland,375,FIN,1957,Ralf Törngren,1956,1957,Q728830,Ralf Törngren
Finland,375,FIN,1958,Paavo Juho Hynninen,1957,1958,Q4357515,
Finland,375,FIN,1958,Karl August Fagerholm,1958,1959,Q471307,
Finland,375,FIN,1958,Johannes Virolainen,1958,1958,Q471278,Johannes Virolainen
Finland,375,FIN,1959,Karl August Fagerholm,1958,1959,Q471307,
Finland,375,FIN,1959,Ralf Törngren,1959,1961,Q728830,Ralf Törngren
Finland,375,FIN,1960,Ralf Törngren,1959,1961,Q728830,Ralf Törngren
Finland,375,FIN,1961,Vieno Johannes Sukselainen,1961,1961,Q708371,Vieno Johannes Sukselainen
Finland,375,FIN,1961,Ralf Törngren,1959,1961,Q728830,Ralf Törngren
Finland,375,FIN,1961,Ahti Karjalainen,1961,1962,Q402977,Ahti Karjalainen
Finland,375,FIN,1962,Ahti Karjalainen,1961,1962,Q402977,Ahti Karjalainen
Finland,375,FIN,1962,Veli Kaarlo Merikoski,1962,1963,Q4290919,
Finland,375,FIN,1963,Veli Kaarlo Merikoski,1962,1963,Q4290919,
Finland,375,FIN,1963,Jaakko Hallama,1963,1964,Q4357488,Jaakko Hallama
Finland,375,FIN,1964,Jaakko Hallama,1963,1964,Q4357488,Jaakko Hallama
Finland,375,FIN,1964,Ahti Karjalainen,1964,1970,Q402977,Ahti Karjalainen
Finland,375,FIN,1965,Ahti Karjalainen,1964,1970,Q402977,Ahti Karjalainen
Finland,375,FIN,1966,Ahti Karjalainen,1964,1970,Q402977,Ahti Karjalainen
Finland,375,FIN,1967,Ahti Karjalainen,1964,1970,Q402977,Ahti Karjalainen
Finland,375,FIN,1968,Ahti Karjalainen,1964,1970,Q402977,Ahti Karjalainen
Finland,375,FIN,1969,Ahti Karjalainen,1964,1970,Q402977,Ahti Karjalainen
Finland,375,FIN,1970,Väinö Olavi Leskinen,1970,1971,Q922901,
Finland,375,FIN,1970,Ahti Karjalainen,1964,1970,Q402977,Ahti Karjalainen
Finland,375,FIN,1971,Väinö Olavi Leskinen,1970,1971,Q922901,
Finland,375,FIN,1971,Olavi J. Mattila,1971,1972,Q4285047,Olavi J. Mattila
Finland,375,FIN,1972,Ahti Karjalainen,1972,1975,Q402977,Ahti Karjalainen
Finland,375,FIN,1972,Olavi J. Mattila,1971,1972,Q4285047,Olavi J. Mattila
Finland,375,FIN,1972,Kalevi Sorsa,1972,1972,Q351710,Kalevi Sorsa
Finland,375,FIN,1973,Ahti Karjalainen,1972,1975,Q402977,Ahti Karjalainen
Finland,375,FIN,1974,Ahti Karjalainen,1972,1975,Q402977,Ahti Karjalainen
Finland,375,FIN,1975,Ahti Karjalainen,1972,1975,Q402977,Ahti Karjalainen
Finland,375,FIN,1975,Kalevi Sorsa,1975,1976,Q351710,Kalevi Sorsa
Finland,375,FIN,1975,Olavi J. Mattila,1975,1975,Q4285047,Olavi J. Mattila
Finland,375,FIN,1976,Kalevi Sorsa,1975,1976,Q351710,Kalevi Sorsa
Finland,375,FIN,1976,Keijo Korhonen,1976,1977,Q1335237,Keijo Korhonen
Finland,375,FIN,1977,Keijo Korhonen,1976,1977,Q1335237,Keijo Korhonen
Finland,375,FIN,1977,Paavo Väyrynen,1977,1982,Q560930,Paavo Väyrynen
Finland,375,FIN,1978,Paavo Väyrynen,1977,1982,Q560930,Paavo Väyrynen
Finland,375,FIN,1979,Paavo Väyrynen,1977,1982,Q560930,Paavo Väyrynen
Finland,375,FIN,1980,Paavo Väyrynen,1977,1982,Q560930,Paavo Väyrynen
Finland,375,FIN,1981,Paavo Väyrynen,1977,1982,Q560930,Paavo Väyrynen
Finland,375,FIN,1982,Paavo Väyrynen,1977,1982,Q560930,Paavo Väyrynen
Finland,375,FIN,1982,Pär Stenbäck,1982,1983,Q2984048,Pär Stenbäck
Finland,375,FIN,1983,Paavo Väyrynen,1983,1987,Q560930,Paavo Väyrynen
Finland,375,FIN,1983,Pär Stenbäck,1982,1983,Q2984048,Pär Stenbäck
Finland,375,FIN,1984,Paavo Väyrynen,1983,1987,Q560930,Paavo Väyrynen
Finland,375,FIN,1985,Paavo Väyrynen,1983,1987,Q560930,Paavo Väyrynen
Finland,375,FIN,1986,Paavo Väyrynen,1983,1987,Q560930,Paavo Väyrynen
Finland,375,FIN,1987,Kalevi Sorsa,1987,1989,Q351710,Kalevi Sorsa
Finland,375,FIN,1987,Paavo Väyrynen,1983,1987,Q560930,Paavo Väyrynen
Finland,375,FIN,1988,Kalevi Sorsa,1987,1989,Q351710,Kalevi Sorsa
Finland,375,FIN,1989,Pertti Paasio,1989,1991,Q2337420,Pertti Paasio
Finland,375,FIN,1989,Kalevi Sorsa,1987,1989,Q351710,Kalevi Sorsa
Finland,375,FIN,1990,Pertti Paasio,1989,1991,Q2337420,Pertti Paasio
Finland,375,FIN,1991,Paavo Väyrynen,1991,1993,Q560930,Paavo Väyrynen
Finland,375,FIN,1991,Pertti Paasio,1989,1991,Q2337420,Pertti Paasio
Finland,375,FIN,1992,Paavo Väyrynen,1991,1993,Q560930,Paavo Väyrynen
Finland,375,FIN,1993,Heikki Haavisto,1993,1995,Q4348825,Heikki Haavisto
Finland,375,FIN,1993,Paavo Väyrynen,1991,1993,Q560930,Paavo Väyrynen
Finland,375,FIN,1994,Heikki Haavisto,1993,1995,Q4348825,Heikki Haavisto
Finland,375,FIN,1995,Tarja Halonen,1995,2000,Q29213,Tarja Halonen
Finland,375,FIN,1995,Paavo Rantanen,1995,1995,Q4348163,Paavo Rantanen
Finland,375,FIN,1995,Heikki Haavisto,1993,1995,Q4348825,Heikki Haavisto
Finland,375,FIN,1996,Tarja Halonen,1995,2000,Q29213,Tarja Halonen
Finland,375,FIN,1997,Tarja Halonen,1995,2000,Q29213,Tarja Halonen
Finland,375,FIN,1998,Tarja Halonen,1995,2000,Q29213,Tarja Halonen
Finland,375,FIN,1999,Tarja Halonen,1995,2000,Q29213,Tarja Halonen
Finland,375,FIN,2000,Erkki Tuomioja,2000,2007,Q58121,Erkki Tuomioja
Finland,375,FIN,2000,Tarja Halonen,1995,2000,Q29213,Tarja Halonen
Finland,375,FIN,2001,Erkki Tuomioja,2000,2007,Q58121,Erkki Tuomioja
Finland,375,FIN,2002,Erkki Tuomioja,2000,2007,Q58121,Erkki Tuomioja
Finland,375,FIN,2003,Erkki Tuomioja,2000,2007,Q58121,Erkki Tuomioja
Finland,375,FIN,2004,Erkki Tuomioja,2000,2007,Q58121,Erkki Tuomioja
Finland,375,FIN,2005,Erkki Tuomioja,2000,2007,Q58121,Erkki Tuomioja
Finland,375,FIN,2006,Erkki Tuomioja,2000,2007,Q58121,Erkki Tuomioja
Finland,375,FIN,2007,Ilkka Kanerva,2007,2008,Q718650,Ilkka Kanerva
Finland,375,FIN,2007,Erkki Tuomioja,2000,2007,Q58121,Erkki Tuomioja
Finland,375,FIN,2008,Ilkka Kanerva,2007,2008,Q718650,Ilkka Kanerva
Finland,375,FIN,2008,Alexander Stubb,2008,2011,Q503143,Alexander Stubb
Finland,375,FIN,2009,Alexander Stubb,2008,2011,Q503143,Alexander Stubb
Finland,375,FIN,2010,Alexander Stubb,2008,2011,Q503143,Alexander Stubb
Finland,375,FIN,2011,Alexander Stubb,2008,2011,Q503143,Alexander Stubb
Finland,375,FIN,2011,Erkki Tuomioja,2011,2015,Q58121,Erkki Tuomioja
Finland,375,FIN,2012,Erkki Tuomioja,2011,2015,Q58121,Erkki Tuomioja
Finland,375,FIN,2013,Erkki Tuomioja,2011,2015,Q58121,Erkki Tuomioja
Finland,375,FIN,2014,Erkki Tuomioja,2011,2015,Q58121,Erkki Tuomioja
Finland,375,FIN,2015,Erkki Tuomioja,2011,2015,Q58121,Erkki Tuomioja
Finland,375,FIN,2015,Timo Soini,2015,2019,Q355463,Timo Soini
Finland,375,FIN,2016,Timo Soini,2015,2019,Q355463,Timo Soini
Finland,375,FIN,2017,Timo Soini,2015,2019,Q355463,Timo Soini
Finland,375,FIN,2018,Timo Soini,2015,2019,Q355463,Timo Soini
Finland,375,FIN,2019,Timo Soini,2015,2019,Q355463,Timo Soini
France,220,FRA,1948,Robert Schuman,1948,1953,Q15981,Robert Schuman
France,220,FRA,1949,Robert Schuman,1948,1953,Q15981,Robert Schuman
France,220,FRA,1950,Robert Schuman,1948,1953,Q15981,Robert Schuman
France,220,FRA,1951,Robert Schuman,1948,1953,Q15981,Robert Schuman
France,220,FRA,1952,Robert Schuman,1948,1953,Q15981,Robert Schuman
France,220,FRA,1953,Robert Schuman,1948,1953,Q15981,Robert Schuman
France,220,FRA,1953,Georges Bidault,1953,1954,Q312026,Georges Bidault
France,220,FRA,1954,Pierre Mendès-France,1954,1955,Q314265,
France,220,FRA,1954,Georges Bidault,1953,1954,Q312026,Georges Bidault
France,220,FRA,1955,Pierre Mendès-France,1954,1955,Q314265,
France,220,FRA,1955,Edgar Faure,1955,1955,Q327013,Edgar Faure
France,220,FRA,1955,Antoine Pinay,1955,1956,Q356724,Antoine Pinay
France,220,FRA,1956,Christian Pineau,1956,1958,Q661825,Christian Pineau
France,220,FRA,1956,Antoine Pinay,1955,1956,Q356724,Antoine Pinay
France,220,FRA,1957,Christian Pineau,1956,1958,Q661825,Christian Pineau
France,220,FRA,1958,Maurice Couve de Murville,1958,1968,Q312034,Maurice Couve de Murville
France,220,FRA,1958,Christian Pineau,1956,1958,Q661825,Christian Pineau
France,220,FRA,1958,René Pleven,1958,1958,Q314545,René Pleven
France,220,FRA,1959,Maurice Couve de Murville,1958,1968,Q312034,Maurice Couve de Murville
France,220,FRA,1960,Maurice Couve de Murville,1958,1968,Q312034,Maurice Couve de Murville
France,220,FRA,1961,Maurice Couve de Murville,1958,1968,Q312034,Maurice Couve de Murville
France,220,FRA,1962,Maurice Couve de Murville,1958,1968,Q312034,Maurice Couve de Murville
France,220,FRA,1963,Maurice Couve de Murville,1958,1968,Q312034,Maurice Couve de Murville
France,220,FRA,1964,Maurice Couve de Murville,1958,1968,Q312034,Maurice Couve de Murville
France,220,FRA,1965,Maurice Couve de Murville,1958,1968,Q312034,Maurice Couve de Murville
France,220,FRA,1966,Maurice Couve de Murville,1958,1968,Q312034,Maurice Couve de Murville
France,220,FRA,1967,Maurice Couve de Murville,1958,1968,Q312034,Maurice Couve de Murville
France,220,FRA,1968,Michel Debré,1968,1969,Q296386,Michel Debré
France,220,FRA,1968,Maurice Couve de Murville,1958,1968,Q312034,Maurice Couve de Murville
France,220,FRA,1969,Maurice Schumann,1969,1973,Q282882,Maurice Schumann
France,220,FRA,1969,Michel Debré,1968,1969,Q296386,Michel Debré
France,220,FRA,1970,Maurice Schumann,1969,1973,Q282882,Maurice Schumann
France,220,FRA,1971,Maurice Schumann,1969,1973,Q282882,Maurice Schumann
France,220,FRA,1972,Maurice Schumann,1969,1973,Q282882,Maurice Schumann
France,220,FRA,1973,Maurice Schumann,1969,1973,Q282882,Maurice Schumann
France,220,FRA,1973,Michel Jobert,1973,1974,Q12960,Michel Jobert
France,220,FRA,1973,André Bettencourt,1973,1973,Q517072,André Bettencourt
France,220,FRA,1974,Jean Sauvagnargues,1974,1976,Q571094,Jean Sauvagnargues
France,220,FRA,1974,Michel Jobert,1973,1974,Q12960,Michel Jobert
France,220,FRA,1975,Jean Sauvagnargues,1974,1976,Q571094,Jean Sauvagnargues
France,220,FRA,1976,Jean Sauvagnargues,1974,1976,Q571094,Jean Sauvagnargues
France,220,FRA,1976,Louis de Guiringaud,1976,1978,Q1376679,Louis de Guiringaud
France,220,FRA,1977,Louis de Guiringaud,1976,1978,Q1376679,Louis de Guiringaud
France,220,FRA,1978,Louis de Guiringaud,1976,1978,Q1376679,Louis de Guiringaud
France,220,FRA,1978,Jean François-Poncet,1978,1981,Q1394814,Jean François-Poncet
France,220,FRA,1979,Jean François-Poncet,1978,1981,Q1394814,Jean François-Poncet
France,220,FRA,1980,Jean François-Poncet,1978,1981,Q1394814,Jean François-Poncet
France,220,FRA,1981,Claude Cheysson,1981,1984,Q521696,Claude Cheysson
France,220,FRA,1981,Jean François-Poncet,1978,1981,Q1394814,Jean François-Poncet
France,220,FRA,1982,Claude Cheysson,1981,1984,Q521696,Claude Cheysson
France,220,FRA,1983,Claude Cheysson,1981,1984,Q521696,Claude Cheysson
France,220,FRA,1984,Claude Cheysson,1981,1984,Q521696,Claude Cheysson
France,220,FRA,1984,Roland Dumas,1984,1986,Q547525,Roland Dumas
France,220,FRA,1985,Roland Dumas,1984,1986,Q547525,Roland Dumas
France,220,FRA,1986,Roland Dumas,1984,1986,Q547525,Roland Dumas
France,220,FRA,1986,Jean-Bernard Raimond,1986,1988,Q2472833,Jean-Bernard Raimond
France,220,FRA,1987,Jean-Bernard Raimond,1986,1988,Q2472833,Jean-Bernard Raimond
France,220,FRA,1988,Jean-Bernard Raimond,1986,1988,Q2472833,Jean-Bernard Raimond
France,220,FRA,1988,Roland Dumas,1988,1993,Q547525,Roland Dumas
France,220,FRA,1989,Roland Dumas,1988,1993,Q547525,Roland Dumas
France,220,FRA,1990,Roland Dumas,1988,1993,Q547525,Roland Dumas
France,220,FRA,1991,Roland Dumas,1988,1993,Q547525,Roland Dumas
France,220,FRA,1992,Roland Dumas,1988,1993,Q547525,Roland Dumas
France,220,FRA,1993,Roland Dumas,1988,1993,Q547525,Roland Dumas
France,220,FRA,1993,Alain Juppé,1993,1995,Q215569,Alain Juppé
France,220,FRA,1994,Alain Juppé,1993,1995,Q215569,Alain Juppé
France,220,FRA,1995,Alain Juppé,1993,1995,Q215569,Alain Juppé
France,220,FRA,1995,Hervé de Charette,1995,1997,Q1366170,Hervé de Charette
France,220,FRA,1996,Hervé de Charette,1995,1997,Q1366170,Hervé de Charette
France,220,FRA,1997,Hubert Védrine,1997,2002,Q560682,Hubert Védrine
France,220,FRA,1997,Hervé de Charette,1995,1997,Q1366170,Hervé de Charette
France,220,FRA,1998,Hubert Védrine,1997,2002,Q560682,Hubert Védrine
France,220,FRA,1999,Hubert Védrine,1997,2002,Q560682,Hubert Védrine
France,220,FRA,2000,Hubert Védrine,1997,2002,Q560682,Hubert Védrine
France,220,FRA,2001,Hubert Védrine,1997,2002,Q560682,Hubert Védrine
France,220,FRA,2002,Dominique de Villepin,2002,2004,Q131660,Dominique de Villepin
France,220,FRA,2002,Hubert Védrine,1997,2002,Q560682,Hubert Védrine
France,220,FRA,2003,Dominique de Villepin,2002,2004,Q131660,Dominique de Villepin
France,220,FRA,2004,Michel Barnier,2004,2005,Q438465,Michel Barnier
France,220,FRA,2004,Dominique de Villepin,2002,2004,Q131660,Dominique de Villepin
France,220,FRA,2005,Michel Barnier,2004,2005,Q438465,Michel Barnier
France,220,FRA,2005,Philippe Douste-Blazy,2005,2007,Q366016,Philippe Douste-Blazy
France,220,FRA,2006,Philippe Douste-Blazy,2005,2007,Q366016,Philippe Douste-Blazy
France,220,FRA,2007,Bernard Kouchner,2007,2010,Q206327,Bernard Kouchner
France,220,FRA,2007,Philippe Douste-Blazy,2005,2007,Q366016,Philippe Douste-Blazy
France,220,FRA,2008,Bernard Kouchner,2007,2010,Q206327,Bernard Kouchner
France,220,FRA,2009,Bernard Kouchner,2007,2010,Q206327,Bernard Kouchner
France,220,FRA,2010,Bernard Kouchner,2007,2010,Q206327,Bernard Kouchner
France,220,FRA,2010,Michèle Alliot-Marie,2010,2011,Q58130,Michèle Alliot-Marie
France,220,FRA,2011,Michèle Alliot-Marie,2010,2011,Q58130,Michèle Alliot-Marie
France,220,FRA,2011,Alain Juppé,2011,2012,Q215569,Alain Juppé
France,220,FRA,2012,Laurent Fabius,2012,2016,Q217070,Laurent Fabius
France,220,FRA,2012,Alain Juppé,2011,2012,Q215569,Alain Juppé
France,220,FRA,2013,Laurent Fabius,2012,2016,Q217070,Laurent Fabius
France,220,FRA,2014,Laurent Fabius,2012,2016,Q217070,Laurent Fabius
France,220,FRA,2015,Laurent Fabius,2012,2016,Q217070,Laurent Fabius
France,220,FRA,2016,Jean-Marc Ayrault,2016,2017,Q7711,Jean-Marc Ayrault
France,220,FRA,2016,Laurent Fabius,2012,2016,Q217070,Laurent Fabius
France,220,FRA,2017,Jean-Yves Le Drian,2017,2019,Q559040,Jean-Yves Le Drian
France,220,FRA,2017,Jean-Marc Ayrault,2016,2017,Q7711,Jean-Marc Ayrault
France,220,FRA,2018,Jean-Yves Le Drian,2017,2019,Q559040,Jean-Yves Le Drian
France,220,FRA,2019,Jean-Yves Le Drian,2017,2019,Q559040,Jean-Yves Le Drian
Gabon,481,GAB,1960,André Gustave Anguilé,1960,1961,Q2847914,André Gustave Anguilé
Gabon,481,GAB,1961,André Gustave Anguilé,1960,1961,Q2847914,André Gustave Anguilé
Gabon,481,GAB,1961,Jean-Hilaire Aubame,1961,1963,Q256998,Jean-Hilaire Aubame
Gabon,481,GAB,1962,Jean-Hilaire Aubame,1961,1963,Q256998,Jean-Hilaire Aubame
Gabon,481,GAB,1963,Jean-Hilaire Aubame,1961,1963,Q256998,Jean-Hilaire Aubame
Gabon,481,GAB,1963,Jean François Ondo,1963,1963,Q6170684,Jean François Ondo
Gabon,481,GAB,1963,Joseph Ngoua,1963,1964,Q6285804,Joseph Ngoua
Gabon,481,GAB,1964,Jean-Marc Ekoh,1964,1964,Q98843125,Jean-Marc Ekoh
Gabon,481,GAB,1964,Léon M'ba,1964,1964,Q299629,Léon M'ba
Gabon,481,GAB,1964,Pierre Auguste Avaro,1964,1965,Q16079023,Pierre Auguste Avaro
Gabon,481,GAB,1964,Joseph Ngoua,1963,1964,Q6285804,Joseph Ngoua
Gabon,481,GAB,1965,Pierre Auguste Avaro,1964,1965,Q16079023,Pierre Auguste Avaro
Gabon,481,GAB,1965,Jean Engone,1965,1967,Q6170631,Jean Engone
Gabon,481,GAB,1966,Jean Engone,1965,1967,Q6170631,Jean Engone
Gabon,481,GAB,1967,Jean Engone,1965,1967,Q6170631,Jean Engone
Gabon,481,GAB,1967,Jean Marie M'ba,1967,1967,Q6171114,Jean Marie M'ba
Gabon,481,GAB,1967,Benjamin Ngoubou,1967,1968,Q4315318,Benjamin Ngoubou
Gabon,481,GAB,1968,Paul Malékou,1968,1968,Q7152177,Paul Malékou
Gabon,481,GAB,1968,Benjamin Ngoubou,1967,1968,Q4315318,Benjamin Ngoubou
Gabon,481,GAB,1968,Jean-Rémy Ayouné,1968,1971,Q6171473,
Gabon,481,GAB,1969,Jean-Rémy Ayouné,1968,1971,Q6171473,
Gabon,481,GAB,1970,Jean-Rémy Ayouné,1968,1971,Q6171473,
Gabon,481,GAB,1971,Georges Rawiri,1971,1974,Q922877,Georges Rawiri
Gabon,481,GAB,1971,Jean-Rémy Ayouné,1968,1971,Q6171473,
Gabon,481,GAB,1972,Georges Rawiri,1971,1974,Q922877,Georges Rawiri
Gabon,481,GAB,1973,Georges Rawiri,1971,1974,Q922877,Georges Rawiri
Gabon,481,GAB,1974,Georges Rawiri,1971,1974,Q922877,Georges Rawiri
Gabon,481,GAB,1974,Paul Okoumba d'Okwatsegue,1974,1976,Q7152821,Paul Okoumba d'Okwatsegue
Gabon,481,GAB,1975,Paul Okoumba d'Okwatsegue,1974,1976,Q7152821,Paul Okoumba d'Okwatsegue
Gabon,481,GAB,1976,Paul Okoumba d'Okwatsegue,1974,1976,Q7152821,Paul Okoumba d'Okwatsegue
Gabon,481,GAB,1976,Martin Bongo,1976,1989,Q6775027,Martin Bongo
Gabon,481,GAB,1977,Martin Bongo,1976,1989,Q6775027,Martin Bongo
Gabon,481,GAB,1978,Martin Bongo,1976,1989,Q6775027,Martin Bongo
Gabon,481,GAB,1979,Martin Bongo,1976,1989,Q6775027,Martin Bongo
Gabon,481,GAB,1980,Martin Bongo,1976,1989,Q6775027,Martin Bongo
Gabon,481,GAB,1981,Martin Bongo,1976,1989,Q6775027,Martin Bongo
Gabon,481,GAB,1982,Martin Bongo,1976,1989,Q6775027,Martin Bongo
Gabon,481,GAB,1983,Martin Bongo,1976,1989,Q6775027,Martin Bongo
Gabon,481,GAB,1984,Martin Bongo,1976,1989,Q6775027,Martin Bongo
Gabon,481,GAB,1985,Martin Bongo,1976,1989,Q6775027,Martin Bongo
Gabon,481,GAB,1986,Martin Bongo,1976,1989,Q6775027,Martin Bongo
Gabon,481,GAB,1987,Martin Bongo,1976,1989,Q6775027,Martin Bongo
Gabon,481,GAB,1988,Martin Bongo,1976,1989,Q6775027,Martin Bongo
Gabon,481,GAB,1989,Martin Bongo,1976,1989,Q6775027,Martin Bongo
Gabon,481,GAB,1989,Ali Bongo,1989,1991,Q57521,
Gabon,481,GAB,1990,Ali Bongo,1989,1991,Q57521,
Gabon,481,GAB,1991,Pascaline Mferri Bongo,1991,1994,Q3367723,
Gabon,481,GAB,1991,Ali Bongo,1989,1991,Q57521,
Gabon,481,GAB,1992,Pascaline Mferri Bongo,1991,1994,Q3367723,
Gabon,481,GAB,1993,Pascaline Mferri Bongo,1991,1994,Q3367723,
Gabon,481,GAB,1994,Pascaline Mferri Bongo,1991,1994,Q3367723,
Gabon,481,GAB,1994,Casimir Oyé-Mba,1994,1999,Q127219,Casimir Oyé-Mba
Gabon,481,GAB,1994,Jean Ping,1994,1994,Q58286,Jean Ping
Gabon,481,GAB,1995,Casimir Oyé-Mba,1994,1999,Q127219,Casimir Oyé-Mba
Gabon,481,GAB,1996,Casimir Oyé-Mba,1994,1999,Q127219,Casimir Oyé-Mba
Gabon,481,GAB,1997,Casimir Oyé-Mba,1994,1999,Q127219,Casimir Oyé-Mba
Gabon,481,GAB,1998,Casimir Oyé-Mba,1994,1999,Q127219,Casimir Oyé-Mba
Gabon,481,GAB,1999,Jean Ping,1999,2008,Q58286,Jean Ping
Gabon,481,GAB,1999,Casimir Oyé-Mba,1994,1999,Q127219,Casimir Oyé-Mba
Gabon,481,GAB,2000,Jean Ping,1999,2008,Q58286,Jean Ping
Gabon,481,GAB,2001,Jean Ping,1999,2008,Q58286,Jean Ping
Gabon,481,GAB,2002,Jean Ping,1999,2008,Q58286,Jean Ping
Gabon,481,GAB,2003,Jean Ping,1999,2008,Q58286,Jean Ping
Gabon,481,GAB,2004,Jean Ping,1999,2008,Q58286,Jean Ping
Gabon,481,GAB,2005,Jean Ping,1999,2008,Q58286,Jean Ping
Gabon,481,GAB,2006,Jean Ping,1999,2008,Q58286,Jean Ping
Gabon,481,GAB,2007,Jean Ping,1999,2008,Q58286,Jean Ping
Gabon,481,GAB,2008,Paul Toungui,2008,2012,Q58208,Paul Toungui
Gabon,481,GAB,2008,Jean Ping,1999,2008,Q58286,Jean Ping
Gabon,481,GAB,2008,Laure Olga Gondjout,2008,2008,Q3218781,
Gabon,481,GAB,2009,Paul Toungui,2008,2012,Q58208,Paul Toungui
Gabon,481,GAB,2010,Paul Toungui,2008,2012,Q58208,Paul Toungui
Gabon,481,GAB,2011,Paul Toungui,2008,2012,Q58208,Paul Toungui
Gabon,481,GAB,2012,Paul Toungui,2008,2012,Q58208,Paul Toungui
Gabon,481,GAB,2012,Emmanuel Issoze-Ngondet,2012,2016,Q5373253,Emmanuel Issoze-Ngondet
Gabon,481,GAB,2013,Emmanuel Issoze-Ngondet,2012,2016,Q5373253,Emmanuel Issoze-Ngondet
Gabon,481,GAB,2014,Emmanuel Issoze-Ngondet,2012,2016,Q5373253,Emmanuel Issoze-Ngondet
Gabon,481,GAB,2015,Emmanuel Issoze-Ngondet,2012,2016,Q5373253,Emmanuel Issoze-Ngondet
Gabon,481,GAB,2016,Emmanuel Issoze-Ngondet,2012,2016,Q5373253,Emmanuel Issoze-Ngondet
Gabon,481,GAB,2016,Pacôme Moubelet Boubeya,2016,2017,Q26924447,
Gabon,481,GAB,2017,Noël Nelson Messone,2017,2018,Q55096171,Noël Nelson Messone
Gabon,481,GAB,2017,Pacôme Moubelet Boubeya,2016,2017,Q26924447,
Gabon,481,GAB,2018,Régis Immongault Tatangani,2018,2019,Q53535963,Régis Immongault Tatangani
Gabon,481,GAB,2018,Noël Nelson Messone,2017,2018,Q55096171,Noël Nelson Messone
Gabon,481,GAB,2019,Régis Immongault Tatangani,2018,2019,Q53535963,Régis Immongault Tatangani
Gabon,481,GAB,2019,Abdu Razzaq Guy Kambogo,2019,2019,Q65769832,Abdu Razzaq Guy Kambogo
"Gambia, The",420,GMB,1965,Alieu Badara Njie,1965,1967,Q1749174,Alieu Badara Njie
"Gambia, The",420,GMB,1966,Alieu Badara Njie,1965,1967,Q1749174,Alieu Badara Njie
"Gambia, The",420,GMB,1967,Alieu Badara Njie,1965,1967,Q1749174,Alieu Badara Njie
"Gambia, The",420,GMB,1967,Sheriff Sisay,1967,1968,Q60055340,
"Gambia, The",420,GMB,1968,Andrew Camara,1968,1974,Q739208,
"Gambia, The",420,GMB,1968,Sheriff Sisay,1967,1968,Q60055340,
"Gambia, The",420,GMB,1969,Andrew Camara,1968,1974,Q739208,
"Gambia, The",420,GMB,1970,Andrew Camara,1968,1974,Q739208,
"Gambia, The",420,GMB,1971,Andrew Camara,1968,1974,Q739208,
"Gambia, The",420,GMB,1972,Andrew Camara,1968,1974,Q739208,
"Gambia, The",420,GMB,1973,Andrew Camara,1968,1974,Q739208,
"Gambia, The",420,GMB,1974,Andrew Camara,1968,1974,Q739208,
"Gambia, The",420,GMB,1974,Alieu Badara Njie,1974,1977,Q1749174,Alieu Badara Njie
"Gambia, The",420,GMB,1975,Alieu Badara Njie,1974,1977,Q1749174,Alieu Badara Njie
"Gambia, The",420,GMB,1976,Alieu Badara Njie,1974,1977,Q1749174,Alieu Badara Njie
"Gambia, The",420,GMB,1977,Lamin Kiti Jabang,1977,1987,Q1801566,
"Gambia, The",420,GMB,1977,Alieu Badara Njie,1974,1977,Q1749174,Alieu Badara Njie
"Gambia, The",420,GMB,1978,Lamin Kiti Jabang,1977,1987,Q1801566,
"Gambia, The",420,GMB,1979,Lamin Kiti Jabang,1977,1987,Q1801566,
"Gambia, The",420,GMB,1980,Lamin Kiti Jabang,1977,1987,Q1801566,
"Gambia, The",420,GMB,1981,Lamin Kiti Jabang,1977,1987,Q1801566,
"Gambia, The",420,GMB,1982,Lamin Kiti Jabang,1977,1987,Q1801566,
"Gambia, The",420,GMB,1983,Lamin Kiti Jabang,1977,1987,Q1801566,
"Gambia, The",420,GMB,1984,Lamin Kiti Jabang,1977,1987,Q1801566,
"Gambia, The",420,GMB,1985,Lamin Kiti Jabang,1977,1987,Q1801566,
"Gambia, The",420,GMB,1986,Lamin Kiti Jabang,1977,1987,Q1801566,
"Gambia, The",420,GMB,1987,Lamin Kiti Jabang,1977,1987,Q1801566,
"Gambia, The",420,GMB,1987,Omar Sey,1987,1994,Q2023139,Omar Sey
"Gambia, The",420,GMB,1988,Omar Sey,1987,1994,Q2023139,Omar Sey
"Gambia, The",420,GMB,1989,Omar Sey,1987,1994,Q2023139,Omar Sey
"Gambia, The",420,GMB,1990,Omar Sey,1987,1994,Q2023139,Omar Sey
"Gambia, The",420,GMB,1991,Omar Sey,1987,1994,Q2023139,Omar Sey
"Gambia, The",420,GMB,1992,Omar Sey,1987,1994,Q2023139,Omar Sey
"Gambia, The",420,GMB,1993,Omar Sey,1987,1994,Q2023139,Omar Sey
"Gambia, The",420,GMB,1994,Omar Sey,1987,1994,Q2023139,Omar Sey
"Gambia, The",420,GMB,1994,Bolong Sonko,1994,1995,Q891538,Bolong Sonko
"Gambia, The",420,GMB,1995,Bolong Sonko,1994,1995,Q891538,Bolong Sonko
"Gambia, The",420,GMB,1995,Baboucarr-Blaise Jagne,1995,1997,Q797751,Baboucarr-Blaise Jagne
"Gambia, The",420,GMB,1996,Baboucarr-Blaise Jagne,1995,1997,Q797751,Baboucarr-Blaise Jagne
"Gambia, The",420,GMB,1997,Omar Njie,1997,1998,Q2023122,Omar Njie
"Gambia, The",420,GMB,1997,Baboucarr-Blaise Jagne,1995,1997,Q797751,Baboucarr-Blaise Jagne
"Gambia, The",420,GMB,1998,Momodou Lamin Sedat Jobe,1998,2001,Q1625402,Momodou Lamin Sedat Jobe
"Gambia, The",420,GMB,1998,Omar Njie,1997,1998,Q2023122,Omar Njie
"Gambia, The",420,GMB,1999,Momodou Lamin Sedat Jobe,1998,2001,Q1625402,Momodou Lamin Sedat Jobe
"Gambia, The",420,GMB,2000,Momodou Lamin Sedat Jobe,1998,2001,Q1625402,Momodou Lamin Sedat Jobe
"Gambia, The",420,GMB,2001,Baboucarr-Blaise Jagne,2001,2004,Q797751,Baboucarr-Blaise Jagne
"Gambia, The",420,GMB,2001,Momodou Lamin Sedat Jobe,1998,2001,Q1625402,Momodou Lamin Sedat Jobe
"Gambia, The",420,GMB,2002,Baboucarr-Blaise Jagne,2001,2004,Q797751,Baboucarr-Blaise Jagne
"Gambia, The",420,GMB,2003,Baboucarr-Blaise Jagne,2001,2004,Q797751,Baboucarr-Blaise Jagne
"Gambia, The",420,GMB,2004,Sidi Moro Sanneh,2004,2005,Q2281867,Sidi Moro Sanneh
"Gambia, The",420,GMB,2004,Baboucarr-Blaise Jagne,2001,2004,Q797751,Baboucarr-Blaise Jagne
"Gambia, The",420,GMB,2005,Lamin Kaba Bajo,2005,2006,Q174328,Lamin Kaba Bajo
"Gambia, The",420,GMB,2005,Musa Gibril Bala Gaye,2005,2005,Q1953955,Musa Gibril Bala Gaye
"Gambia, The",420,GMB,2005,Sidi Moro Sanneh,2004,2005,Q2281867,Sidi Moro Sanneh
"Gambia, The",420,GMB,2006,Bala Garba Jahumpa,2006,2007,Q164492,Bala Garba Jahumpa
"Gambia, The",420,GMB,2006,Lamin Kaba Bajo,2005,2006,Q174328,Lamin Kaba Bajo
"Gambia, The",420,GMB,2007,Bala Garba Jahumpa,2006,2007,Q164492,Bala Garba Jahumpa
"Gambia, The",420,GMB,2007,Crispin Grey-Johnson,2007,2008,Q331152,Crispin Grey-Johnson
"Gambia, The",420,GMB,2008,Omar Touray,2008,2009,Q2023146,Omar Touray
"Gambia, The",420,GMB,2008,Crispin Grey-Johnson,2007,2008,Q331152,Crispin Grey-Johnson
"Gambia, The",420,GMB,2009,Omar Touray,2008,2009,Q2023146,Omar Touray
"Gambia, The",420,GMB,2009,Ousman Jammeh,2009,2010,Q2041811,Ousman Jammeh
"Gambia, The",420,GMB,2010,Ousman Jammeh,2009,2010,Q2041811,Ousman Jammeh
"Gambia, The",420,GMB,2010,Mamadou Tangara,2010,2012,Q1888110,Mamadou Tangara
"Gambia, The",420,GMB,2011,Mamadou Tangara,2010,2012,Q1888110,Mamadou Tangara
"Gambia, The",420,GMB,2012,Mamadou Tangara,2012,2012,Q1888110,Mamadou Tangara
"Gambia, The",420,GMB,2012,Mambury Njie,2012,2012,Q22006596,Mambury Njie
"Gambia, The",420,GMB,2012,Mamadou Tangara,2010,2012,Q1888110,Mamadou Tangara
"Gambia, The",420,GMB,2012,Susan Waffa-Ogoo,2012,2013,Q2368962,Susan Waffa-Ogoo
"Gambia, The",420,GMB,2013,Susan Waffa-Ogoo,2012,2013,Q2368962,Susan Waffa-Ogoo
"Gambia, The",420,GMB,2013,Aboubacar Senghore,2013,2014,Q98590307,Aboubacar Senghore
"Gambia, The",420,GMB,2014,Mamour Alieu Jagne,2014,2014,Q96690443,
"Gambia, The",420,GMB,2014,Bala Garba Jahumpa,2014,2015,Q164492,Bala Garba Jahumpa
"Gambia, The",420,GMB,2014,Aboubacar Senghore,2013,2014,Q98590307,Aboubacar Senghore
"Gambia, The",420,GMB,2015,Bala Garba Jahumpa,2014,2015,Q164492,Bala Garba Jahumpa
"Gambia, The",420,GMB,2015,Neneh MacDouall-Gaye,2015,2017,Q1977312,Neneh MacDouall-Gaye
"Gambia, The",420,GMB,2016,Neneh MacDouall-Gaye,2015,2017,Q1977312,Neneh MacDouall-Gaye
"Gambia, The",420,GMB,2017,Neneh MacDouall-Gaye,2015,2017,Q1977312,Neneh MacDouall-Gaye
"Gambia, The",420,GMB,2017,Ousainou Darboe,2017,2018,Q710820,Ousainou Darboe
"Gambia, The",420,GMB,2018,Ousainou Darboe,2017,2018,Q710820,Ousainou Darboe
"Gambia, The",420,GMB,2018,Mamadou Tangara,2018,2019,Q1888110,Mamadou Tangara
"Gambia, The",420,GMB,2019,Mamadou Tangara,2018,2019,Q1888110,Mamadou Tangara
Georgia,372,GEO,1944,Giorgi Kiknadze,1944,1953,Q12863228,
Georgia,372,GEO,1945,Giorgi Kiknadze,1944,1953,Q12863228,
Georgia,372,GEO,1946,Giorgi Kiknadze,1944,1953,Q12863228,
Georgia,372,GEO,1947,Giorgi Kiknadze,1944,1953,Q12863228,
Georgia,372,GEO,1948,Giorgi Kiknadze,1944,1953,Q12863228,
Georgia,372,GEO,1949,Giorgi Kiknadze,1944,1953,Q12863228,
Georgia,372,GEO,1950,Giorgi Kiknadze,1944,1953,Q12863228,
Georgia,372,GEO,1951,Giorgi Kiknadze,1944,1953,Q12863228,
Georgia,372,GEO,1952,Giorgi Kiknadze,1944,1953,Q12863228,
Georgia,372,GEO,1953,Giorgi Kiknadze,1944,1953,Q12863228,
Georgia,372,GEO,1953,Archil Gigoshvili,1953,1954,Q4138002,
Georgia,372,GEO,1954,Mitrofan Kuchava,1954,1962,Q39083210,
Georgia,372,GEO,1954,Archil Gigoshvili,1953,1954,Q4138002,
Georgia,372,GEO,1955,Mitrofan Kuchava,1954,1962,Q39083210,
Georgia,372,GEO,1956,Mitrofan Kuchava,1954,1962,Q39083210,
Georgia,372,GEO,1957,Mitrofan Kuchava,1954,1962,Q39083210,
Georgia,372,GEO,1958,Mitrofan Kuchava,1954,1962,Q39083210,
Georgia,372,GEO,1959,Mitrofan Kuchava,1954,1962,Q39083210,
Georgia,372,GEO,1960,Mitrofan Kuchava,1954,1962,Q39083210,
Georgia,372,GEO,1961,Mitrofan Kuchava,1954,1962,Q39083210,
Georgia,372,GEO,1962,Mitrofan Kuchava,1954,1962,Q39083210,
Georgia,372,GEO,1962,Archil Gigoshvili,1962,1969,Q4138002,
Georgia,372,GEO,1963,Archil Gigoshvili,1962,1969,Q4138002,
Georgia,372,GEO,1964,Archil Gigoshvili,1962,1969,Q4138002,
Georgia,372,GEO,1965,Archil Gigoshvili,1962,1969,Q4138002,
Georgia,372,GEO,1966,Archil Gigoshvili,1962,1969,Q4138002,
Georgia,372,GEO,1967,Archil Gigoshvili,1962,1969,Q4138002,
Georgia,372,GEO,1968,Archil Gigoshvili,1962,1969,Q4138002,
Georgia,372,GEO,1969,Archil Gigoshvili,1962,1969,Q4138002,
Georgia,372,GEO,1969,Giorgi Chogovadze,1969,1970,Q43429474,
Georgia,372,GEO,1970,Revaz Pruidze,1970,1970,Q57749874,
Georgia,372,GEO,1970,Shalva Kiknadze,1970,1971,Q43429465,
Georgia,372,GEO,1970,Giorgi Chogovadze,1969,1970,Q43429474,
Georgia,372,GEO,1971,Shalva Kiknadze,1970,1971,Q43429465,
Georgia,372,GEO,1971,Teimuraz Gordeladze,1971,1981,,
Georgia,372,GEO,1972,Teimuraz Gordeladze,1971,1981,,
Georgia,372,GEO,1973,Teimuraz Gordeladze,1971,1981,,
Georgia,372,GEO,1974,Teimuraz Gordeladze,1971,1981,,
Georgia,372,GEO,1975,Teimuraz Gordeladze,1971,1981,,
Georgia,372,GEO,1976,Teimuraz Gordeladze,1971,1981,,
Georgia,372,GEO,1977,Teimuraz Gordeladze,1971,1981,,
Georgia,372,GEO,1978,Teimuraz Gordeladze,1971,1981,,
Georgia,372,GEO,1979,Teimuraz Gordeladze,1971,1981,,
Georgia,372,GEO,1980,Teimuraz Gordeladze,1971,1981,,
Georgia,372,GEO,1981,vacant,1981,1985,,
Georgia,372,GEO,1981,Teimuraz Gordeladze,1971,1981,,
Georgia,372,GEO,1982,vacant,1981,1985,,
Georgia,372,GEO,1983,vacant,1981,1985,,
Georgia,372,GEO,1984,vacant,1981,1985,,
Georgia,372,GEO,1985,Georgy Dzhavakhishvili,1985,1990,Q18686357,
Georgia,372,GEO,1985,vacant,1981,1985,,
Georgia,372,GEO,1986,Georgy Dzhavakhishvili,1985,1990,Q18686357,
Georgia,372,GEO,1987,Georgy Dzhavakhishvili,1985,1990,Q18686357,
Georgia,372,GEO,1988,Georgy Dzhavakhishvili,1985,1990,Q18686357,
Georgia,372,GEO,1989,Georgy Dzhavakhishvili,1985,1990,Q18686357,
Georgia,372,GEO,1990,Georgy Dzhavakhishvili,1985,1990,Q18686357,
Georgia,372,GEO,1990,Giorgi Khoshtaria,1990,1991,Q16104896,Giorgi Khoshtaria
Georgia,372,GEO,1991,Murman Omanidze,1991,1992,Q12038965,Murman Omanidze
Georgia,372,GEO,1991,Giorgi Khoshtaria,1990,1991,Q16104896,Giorgi Khoshtaria
Georgia,372,GEO,1992,Murman Omanidze,1991,1992,Q12038965,Murman Omanidze
Georgia,372,GEO,1992,Aleksandr Chikvaidze,1992,1995,Q4515864,
Georgia,372,GEO,1993,Aleksandr Chikvaidze,1992,1995,Q4515864,
Georgia,372,GEO,1994,Aleksandr Chikvaidze,1992,1995,Q4515864,
Georgia,372,GEO,1995,Aleksandr Chikvaidze,1992,1995,Q4515864,
Georgia,372,GEO,1995,Irakli Menagharishvili,1995,2003,Q1978029,
Georgia,372,GEO,1996,Irakli Menagharishvili,1995,2003,Q1978029,
Georgia,372,GEO,1997,Irakli Menagharishvili,1995,2003,Q1978029,
Georgia,372,GEO,1998,Irakli Menagharishvili,1995,2003,Q1978029,
Georgia,372,GEO,1999,Irakli Menagharishvili,1995,2003,Q1978029,
Georgia,372,GEO,2000,Irakli Menagharishvili,1995,2003,Q1978029,
Georgia,372,GEO,2001,Irakli Menagharishvili,1995,2003,Q1978029,
Georgia,372,GEO,2002,Irakli Menagharishvili,1995,2003,Q1978029,
Georgia,372,GEO,2003,Merab Antadze,2003,2003,Q12122660,
Georgia,372,GEO,2003,Tedo Japaridze,2003,2004,Q4570471,Tedo Japaridze
Georgia,372,GEO,2003,Irakli Menagharishvili,1995,2003,Q1978029,
Georgia,372,GEO,2004,Tedo Japaridze,2003,2004,Q4570471,Tedo Japaridze
Georgia,372,GEO,2004,Salome Zurabishvili,2004,2005,Q272416,Salome Zurabishvili
Georgia,372,GEO,2005,Gela Bezhuashvili,2005,2008,Q1008881,Gela Bezhuashvili
Georgia,372,GEO,2005,Salome Zurabishvili,2004,2005,Q272416,Salome Zurabishvili
Georgia,372,GEO,2006,Gela Bezhuashvili,2005,2008,Q1008881,Gela Bezhuashvili
Georgia,372,GEO,2007,Gela Bezhuashvili,2005,2008,Q1008881,Gela Bezhuashvili
Georgia,372,GEO,2008,Gela Bezhuashvili,2005,2008,Q1008881,Gela Bezhuashvili
Georgia,372,GEO,2008,Eka Tkeshelashvili,2008,2008,Q255176,Eka Tkeshelashvili
Georgia,372,GEO,2008,Grigol Vashadze,2008,2012,Q58102,Grigol Vashadze
Georgia,372,GEO,2008,Davit Bakradze,2008,2008,Q18638152,Davit Bakradze
Georgia,372,GEO,2009,Grigol Vashadze,2008,2012,Q58102,Grigol Vashadze
Georgia,372,GEO,2010,Grigol Vashadze,2008,2012,Q58102,Grigol Vashadze
Georgia,372,GEO,2011,Grigol Vashadze,2008,2012,Q58102,Grigol Vashadze
Georgia,372,GEO,2012,Maia Panjikidze,2012,2014,Q322893,Maia Panjikidze
Georgia,372,GEO,2012,Grigol Vashadze,2008,2012,Q58102,Grigol Vashadze
Georgia,372,GEO,2013,Maia Panjikidze,2012,2014,Q322893,Maia Panjikidze
Georgia,372,GEO,2014,Maia Panjikidze,2012,2014,Q322893,Maia Panjikidze
Georgia,372,GEO,2014,Tamar Beruchashvili,2014,2015,Q18533321,Tamar Beruchashvili
Georgia,372,GEO,2015,Tamar Beruchashvili,2014,2015,Q18533321,Tamar Beruchashvili
Georgia,372,GEO,2015,Mikheil Janelidze,2015,2018,Q23005525,Mikheil Janelidze
Georgia,372,GEO,2015,Giorgi Kvirikashvili,2015,2015,Q15277881,Giorgi Kvirikashvili
Georgia,372,GEO,2016,Mikheil Janelidze,2015,2018,Q23005525,Mikheil Janelidze
Georgia,372,GEO,2017,Mikheil Janelidze,2015,2018,Q23005525,Mikheil Janelidze
Georgia,372,GEO,2018,Davit Zalkaliani,2018,2019,Q56152039,Davit Zalkaliani
Georgia,372,GEO,2018,Mikheil Janelidze,2015,2018,Q23005525,Mikheil Janelidze
Georgia,372,GEO,2019,Davit Zalkaliani,2018,2019,Q56152039,Davit Zalkaliani
Ghana,452,GHA,1957,Kwame Nkrumah,1957,1958,Q8620,Kwame Nkrumah
Ghana,452,GHA,1958,Kojo Botsio,1958,1959,Q1778897,Kojo Botsio
Ghana,452,GHA,1958,Kwame Nkrumah,1957,1958,Q8620,Kwame Nkrumah
Ghana,452,GHA,1959,Kojo Botsio,1958,1959,Q1778897,Kojo Botsio
Ghana,452,GHA,1959,Ebenezer Ako-Adjei,1959,1960,Q1278627,Ebenezer Ako-Adjei
Ghana,452,GHA,1960,Imoru Egala,1960,1961,Q1660216,Imoru Egala
Ghana,452,GHA,1960,Ebenezer Ako-Adjei,1959,1960,Q1278627,Ebenezer Ako-Adjei
Ghana,452,GHA,1961,Imoru Egala,1960,1961,Q1660216,Imoru Egala
Ghana,452,GHA,1961,Ebenezer Ako-Adjei,1961,1962,Q1278627,Ebenezer Ako-Adjei
Ghana,452,GHA,1962,Ebenezer Ako-Adjei,1961,1962,Q1278627,Ebenezer Ako-Adjei
Ghana,452,GHA,1962,Kwame Nkrumah,1962,1963,Q8620,Kwame Nkrumah
Ghana,452,GHA,1963,Kwame Nkrumah,1962,1963,Q8620,Kwame Nkrumah
Ghana,452,GHA,1963,Kojo Botsio,1963,1965,Q1778897,Kojo Botsio
Ghana,452,GHA,1964,Kojo Botsio,1963,1965,Q1778897,Kojo Botsio
Ghana,452,GHA,1965,Alex Quaison-Sackey,1965,1966,Q563212,Alex Quaison-Sackey
Ghana,452,GHA,1965,Kojo Botsio,1963,1965,Q1778897,Kojo Botsio
Ghana,452,GHA,1966,Joseph Ankrah,1966,1967,Q356728,Joseph Ankrah
Ghana,452,GHA,1966,Alex Quaison-Sackey,1965,1966,Q563212,Alex Quaison-Sackey
Ghana,452,GHA,1967,J.W.K. Harlley,1967,1968,Q1234869,
Ghana,452,GHA,1967,Joseph Ankrah,1966,1967,Q356728,Joseph Ankrah
Ghana,452,GHA,1968,J.W.K. Harlley,1967,1968,Q1234869,
Ghana,452,GHA,1969,Patrick Dankwa Anin,1969,1969,Q1647615,Patrick Dankwa Anin
Ghana,452,GHA,1969,Victor Owusu,1969,1971,Q1314093,Victor Owusu
Ghana,452,GHA,1969,Victor Owusu,1969,1969,Q1314093,Victor Owusu
Ghana,452,GHA,1970,Victor Owusu,1969,1971,Q1314093,Victor Owusu
Ghana,452,GHA,1971,William Ofori-Atta,1971,1972,Q2580160,
Ghana,452,GHA,1971,Victor Owusu,1969,1971,Q1314093,Victor Owusu
Ghana,452,GHA,1972,William Ofori-Atta,1971,1972,Q2580160,
Ghana,452,GHA,1972,Kwame R.M. Baah,1972,1975,Q1794905,
Ghana,452,GHA,1972,Nathan Apea Aferi,1972,1972,Q1966455,Nathan Apea Aferi
Ghana,452,GHA,1973,Kwame R.M. Baah,1972,1975,Q1794905,
Ghana,452,GHA,1974,Kwame R.M. Baah,1972,1975,Q1794905,
Ghana,452,GHA,1975,Roger Felli,1975,1979,Q1585764,
Ghana,452,GHA,1975,Kwame R.M. Baah,1972,1975,Q1794905,
Ghana,452,GHA,1976,Roger Felli,1975,1979,Q1585764,
Ghana,452,GHA,1977,Roger Felli,1975,1979,Q1585764,
Ghana,452,GHA,1978,Roger Felli,1975,1979,Q1585764,
Ghana,452,GHA,1979,Roger Felli,1975,1979,Q1585764,
Ghana,452,GHA,1979,Gloria Amon Nikoi,1979,1979,Q1532050,Gloria Amon Nikoi
Ghana,452,GHA,1979,Isaac K. Chinebuah,1979,1981,Q1673371,
Ghana,452,GHA,1980,Isaac K. Chinebuah,1979,1981,Q1673371,
Ghana,452,GHA,1981,Isaac K. Chinebuah,1979,1981,Q1673371,
Ghana,452,GHA,1982,Obed Asamoah,1982,1997,Q1311287,
Ghana,452,GHA,1983,Obed Asamoah,1982,1997,Q1311287,
Ghana,452,GHA,1984,Obed Asamoah,1982,1997,Q1311287,
Ghana,452,GHA,1985,Obed Asamoah,1982,1997,Q1311287,
Ghana,452,GHA,1986,Obed Asamoah,1982,1997,Q1311287,
Ghana,452,GHA,1987,Obed Asamoah,1982,1997,Q1311287,
Ghana,452,GHA,1988,Obed Asamoah,1982,1997,Q1311287,
Ghana,452,GHA,1989,Obed Asamoah,1982,1997,Q1311287,
Ghana,452,GHA,1990,Obed Asamoah,1982,1997,Q1311287,
Ghana,452,GHA,1991,Obed Asamoah,1982,1997,Q1311287,
Ghana,452,GHA,1992,Obed Asamoah,1982,1997,Q1311287,
Ghana,452,GHA,1993,Obed Asamoah,1982,1997,Q1311287,
Ghana,452,GHA,1994,Obed Asamoah,1982,1997,Q1311287,
Ghana,452,GHA,1995,Obed Asamoah,1982,1997,Q1311287,
Ghana,452,GHA,1996,Obed Asamoah,1982,1997,Q1311287,
Ghana,452,GHA,1997,Victor Gbeho,1997,2001,Q674087,
Ghana,452,GHA,1997,Obed Asamoah,1982,1997,Q1311287,
Ghana,452,GHA,1997,Kwamena Ahwoi,1997,1997,Q1794910,Kwamena Ahwoi
Ghana,452,GHA,1998,Victor Gbeho,1997,2001,Q674087,
Ghana,452,GHA,1999,Victor Gbeho,1997,2001,Q674087,
Ghana,452,GHA,2000,Victor Gbeho,1997,2001,Q674087,
Ghana,452,GHA,2001,Hackman Owusu-Agyemang,2001,2003,Q1567260,
Ghana,452,GHA,2001,Victor Gbeho,1997,2001,Q674087,
Ghana,452,GHA,2002,Hackman Owusu-Agyemang,2001,2003,Q1567260,
Ghana,452,GHA,2003,Hackman Owusu-Agyemang,2001,2003,Q1567260,
Ghana,452,GHA,2003,Nana Addo Dankwa Akufo-Addo,2003,2007,Q718601,Nana Addo Dankwa Akufo-Addo
Ghana,452,GHA,2004,Nana Addo Dankwa Akufo-Addo,2003,2007,Q718601,Nana Addo Dankwa Akufo-Addo
Ghana,452,GHA,2005,Nana Addo Dankwa Akufo-Addo,2003,2007,Q718601,Nana Addo Dankwa Akufo-Addo
Ghana,452,GHA,2006,Nana Addo Dankwa Akufo-Addo,2003,2007,Q718601,Nana Addo Dankwa Akufo-Addo
Ghana,452,GHA,2007,Nana Addo Dankwa Akufo-Addo,2003,2007,Q718601,Nana Addo Dankwa Akufo-Addo
Ghana,452,GHA,2007,Akwasi Osei-Adjei,2007,2009,Q424369,Akwasi Osei-Adjei
Ghana,452,GHA,2008,Akwasi Osei-Adjei,2007,2009,Q424369,Akwasi Osei-Adjei
Ghana,452,GHA,2009,Akwasi Osei-Adjei,2007,2009,Q424369,Akwasi Osei-Adjei
Ghana,452,GHA,2009,Mohammed Mumuni,2009,2013,Q58327,Mohammed Mumuni
Ghana,452,GHA,2010,Mohammed Mumuni,2009,2013,Q58327,Mohammed Mumuni
Ghana,452,GHA,2011,Mohammed Mumuni,2009,2013,Q58327,Mohammed Mumuni
Ghana,452,GHA,2012,Mohammed Mumuni,2009,2013,Q58327,Mohammed Mumuni
Ghana,452,GHA,2013,Hanna Tetteh,2013,2017,Q5648740,Hanna Tetteh
Ghana,452,GHA,2013,Mohammed Mumuni,2009,2013,Q58327,Mohammed Mumuni
Ghana,452,GHA,2014,Hanna Tetteh,2013,2017,Q5648740,Hanna Tetteh
Ghana,452,GHA,2015,Hanna Tetteh,2013,2017,Q5648740,Hanna Tetteh
Ghana,452,GHA,2016,Hanna Tetteh,2013,2017,Q5648740,Hanna Tetteh
Ghana,452,GHA,2017,Shirley Ayorkor Botchway,2017,2019,Q26923626,Shirley Ayorkor Botchway
Ghana,452,GHA,2017,Hanna Tetteh,2013,2017,Q5648740,Hanna Tetteh
Ghana,452,GHA,2018,Shirley Ayorkor Botchway,2017,2019,Q26923626,Shirley Ayorkor Botchway
Ghana,452,GHA,2019,Shirley Ayorkor Botchway,2017,2019,Q26923626,Shirley Ayorkor Botchway
Greece,350,GRC,1946,Konstantinos Tsaldaris,1946,1950,Q728875,Konstantinos Tsaldaris
Greece,350,GRC,1947,Konstantinos Tsaldaris,1946,1950,Q728875,Konstantinos Tsaldaris
Greece,350,GRC,1948,Konstantinos Tsaldaris,1946,1950,Q728875,Konstantinos Tsaldaris
Greece,350,GRC,1949,Konstantinos Tsaldaris,1946,1950,Q728875,Konstantinos Tsaldaris
Greece,350,GRC,1950,Konstantinos Tsaldaris,1946,1950,Q728875,Konstantinos Tsaldaris
Greece,350,GRC,1950,Nikolaos Plastiras,1950,1950,Q449445,Nikolaos Plastiras
Greece,350,GRC,1950,Sophoklis Venizelos,1950,1950,Q708334,
Greece,350,GRC,1950,Sophoklis Venizelos,1950,1951,Q708334,
Greece,350,GRC,1950,Panagiotis Pipinelis,1950,1950,Q1371543,Panagiotis Pipinelis
Greece,350,GRC,1951,Sophoklis Venizelos,1950,1951,Q708334,
Greece,350,GRC,1951,Sophoklis Venizelos,1951,1952,Q708334,
Greece,350,GRC,1951,Ioannis Politis,1951,1951,Q47028,
Greece,350,GRC,1952,Philippos Dragoumis,1952,1952,Q12885704,
Greece,350,GRC,1952,Sophoklis Venizelos,1951,1952,Q708334,
Greece,350,GRC,1952,Stephanos Stephanopoulos,1952,1955,Q548647,
Greece,350,GRC,1953,Stephanos Stephanopoulos,1952,1955,Q548647,
Greece,350,GRC,1954,Stephanos Stephanopoulos,1952,1955,Q548647,
Greece,350,GRC,1955,Stephanos Stephanopoulos,1952,1955,Q548647,
Greece,350,GRC,1955,Spyros Theotokis,1955,1956,Q12884661,
Greece,350,GRC,1956,Spyros Theotokis,1955,1956,Q12884661,
Greece,350,GRC,1956,Evangelos Averoff-Tossizza,1956,1958,Q562162,
Greece,350,GRC,1957,Evangelos Averoff-Tossizza,1956,1958,Q562162,
Greece,350,GRC,1958,Michail Pesmazoglou,1958,1958,Q12881114,
Greece,350,GRC,1958,Evangelos Averoff-Tossizza,1956,1958,Q562162,
Greece,350,GRC,1958,Evangelos Averoff-Tossizza,1958,1961,Q562162,
Greece,350,GRC,1959,Evangelos Averoff-Tossizza,1958,1961,Q562162,
Greece,350,GRC,1960,Evangelos Averoff-Tossizza,1958,1961,Q562162,
Greece,350,GRC,1961,Evangelos Averoff-Tossizza,1958,1961,Q562162,
Greece,350,GRC,1961,Evangelos Averoff-Tossizza,1961,1963,Q562162,
Greece,350,GRC,1961,Michail Pesmazoglou,1961,1961,Q12881114,
Greece,350,GRC,1962,Evangelos Averoff-Tossizza,1961,1963,Q562162,
Greece,350,GRC,1963,Evangelos Averoff-Tossizza,1961,1963,Q562162,
Greece,350,GRC,1963,Panagiotis Pipinelis,1963,1963,Q1371543,Panagiotis Pipinelis
Greece,350,GRC,1963,Pavlos Oikonomou-Gouras,1963,1963,Q7155968,Pavlos Oikonomou-Gouras
Greece,350,GRC,1963,Sophoklis Venizelos,1963,1963,Q708334,
Greece,350,GRC,1964,Christos Xanthopoulos-Palamas,1964,1964,Q12886171,Christos Xanthopoulos-Palamas
Greece,350,GRC,1964,Stavros Kostopoulos,1964,1965,Q16512517,Stavros Kostopoulos
Greece,350,GRC,1965,Stavros Kostopoulos,1964,1965,Q16512517,Stavros Kostopoulos
Greece,350,GRC,1965,Ilias Tsirimokos,1965,1966,Q1371474,Ilias Tsirimokos
Greece,350,GRC,1965,Georgios Melas,1965,1965,Q16332465,Georgios Melas
Greece,350,GRC,1966,Ilias Tsirimokos,1965,1966,Q1371474,Ilias Tsirimokos
Greece,350,GRC,1966,Ioannis Toumpas,1966,1966,Q4465386,
Greece,350,GRC,1966,Pavlos Oikonomou-Gouras,1966,1967,Q7155968,Pavlos Oikonomou-Gouras
Greece,350,GRC,1966,Stephanos Stephanopoulos,1966,1966,Q548647,
Greece,350,GRC,1967,Panagiotis Pipinelis,1967,1970,Q1371543,Panagiotis Pipinelis
Greece,350,GRC,1967,Pavlos Oikonomou-Gouras,1967,1967,Q7155968,Pavlos Oikonomou-Gouras
Greece,350,GRC,1967,Pavlos Oikonomou-Gouras,1966,1967,Q7155968,Pavlos Oikonomou-Gouras
Greece,350,GRC,1967,Panagiotis Kanellopoulos,1967,1967,Q708364,Panagiotis Kanellopoulos
Greece,350,GRC,1967,Konstantinos Kollias,1967,1967,Q1370954,Konstantinos Kollias
Greece,350,GRC,1968,Panagiotis Pipinelis,1967,1970,Q1371543,Panagiotis Pipinelis
Greece,350,GRC,1969,Panagiotis Pipinelis,1967,1970,Q1371543,Panagiotis Pipinelis
Greece,350,GRC,1970,Panagiotis Pipinelis,1967,1970,Q1371543,Panagiotis Pipinelis
Greece,350,GRC,1970,Georgios Papadopoulos,1970,1973,Q156505,Georgios Papadopoulos
Greece,350,GRC,1971,Georgios Papadopoulos,1970,1973,Q156505,Georgios Papadopoulos
Greece,350,GRC,1972,Georgios Papadopoulos,1970,1973,Q156505,Georgios Papadopoulos
Greece,350,GRC,1973,Christos Xanthopoulos-Palamas,1973,1973,Q12886171,Christos Xanthopoulos-Palamas
Greece,350,GRC,1973,Spyridon Tetenes,1973,1974,Q7581782,
Greece,350,GRC,1973,Georgios Papadopoulos,1970,1973,Q156505,Georgios Papadopoulos
Greece,350,GRC,1974,Konstantinos Kypraios,1974,1974,,
Greece,350,GRC,1974,Spyridon Tetenes,1973,1974,Q7581782,
Greece,350,GRC,1974,Georgios Mavros,1974,1974,Q455293,Georgios Mavros
Greece,350,GRC,1974,Dimitrios Bitsios,1974,1977,Q12876016,Dimitrios Bitsios
Greece,350,GRC,1975,Dimitrios Bitsios,1974,1977,Q12876016,Dimitrios Bitsios
Greece,350,GRC,1976,Dimitrios Bitsios,1974,1977,Q12876016,Dimitrios Bitsios
Greece,350,GRC,1977,Dimitrios Bitsios,1974,1977,Q12876016,Dimitrios Bitsios
Greece,350,GRC,1977,Panagiotis Papaligouras,1977,1978,Q12236394,
Greece,350,GRC,1978,Georgios Rallis,1978,1980,Q252657,Georgios Rallis
Greece,350,GRC,1978,Panagiotis Papaligouras,1977,1978,Q12236394,
Greece,350,GRC,1979,Georgios Rallis,1978,1980,Q252657,Georgios Rallis
Greece,350,GRC,1980,Georgios Rallis,1978,1980,Q252657,Georgios Rallis
Greece,350,GRC,1980,Konstantinos Mitsotakis,1980,1981,Q312013,Konstantinos Mitsotakis
Greece,350,GRC,1981,Konstantinos Mitsotakis,1980,1981,Q312013,Konstantinos Mitsotakis
Greece,350,GRC,1981,Ioannis Charalampopoulos,1981,1985,Q701080,
Greece,350,GRC,1982,Ioannis Charalampopoulos,1981,1985,Q701080,
Greece,350,GRC,1983,Ioannis Charalampopoulos,1981,1985,Q701080,
Greece,350,GRC,1984,Ioannis Charalampopoulos,1981,1985,Q701080,
Greece,350,GRC,1985,Karolos Papoulias,1985,1989,Q57303,Karolos Papoulias
Greece,350,GRC,1985,Ioannis Charalampopoulos,1981,1985,Q701080,
Greece,350,GRC,1986,Karolos Papoulias,1985,1989,Q57303,Karolos Papoulias
Greece,350,GRC,1987,Karolos Papoulias,1985,1989,Q57303,Karolos Papoulias
Greece,350,GRC,1988,Karolos Papoulias,1985,1989,Q57303,Karolos Papoulias
Greece,350,GRC,1989,Antonis Samaras,1989,1990,Q57806,Antonis Samaras
Greece,350,GRC,1989,Georgios Papoulias,1989,1989,Q2475138,Georgios Papoulias
Greece,350,GRC,1989,Tzannis Tzannetakis,1989,1989,Q316235,Tzannis Tzannetakis
Greece,350,GRC,1989,Karolos Papoulias,1985,1989,Q57303,Karolos Papoulias
Greece,350,GRC,1990,Antonis Samaras,1989,1990,Q57806,Antonis Samaras
Greece,350,GRC,1990,Antonis Samaras,1990,1992,Q57806,Antonis Samaras
Greece,350,GRC,1990,Georgios Papoulias,1990,1990,Q2475138,Georgios Papoulias
Greece,350,GRC,1991,Antonis Samaras,1990,1992,Q57806,Antonis Samaras
Greece,350,GRC,1992,Michalis Papakonstantinou,1992,1993,Q983656,Michalis Papakonstantinou
Greece,350,GRC,1992,Antonis Samaras,1990,1992,Q57806,Antonis Samaras
Greece,350,GRC,1992,Konstantinos Mitsotakis,1992,1992,Q312013,Konstantinos Mitsotakis
Greece,350,GRC,1993,Michalis Papakonstantinou,1992,1993,Q983656,Michalis Papakonstantinou
Greece,350,GRC,1993,Karolos Papoulias,1993,1996,Q57303,Karolos Papoulias
Greece,350,GRC,1994,Karolos Papoulias,1993,1996,Q57303,Karolos Papoulias
Greece,350,GRC,1995,Karolos Papoulias,1993,1996,Q57303,Karolos Papoulias
Greece,350,GRC,1996,Theodoros Pangalos,1996,1999,Q462542,Theodoros Pangalos
Greece,350,GRC,1996,Karolos Papoulias,1993,1996,Q57303,Karolos Papoulias
Greece,350,GRC,1997,Theodoros Pangalos,1996,1999,Q462542,Theodoros Pangalos
Greece,350,GRC,1998,Theodoros Pangalos,1996,1999,Q462542,Theodoros Pangalos
Greece,350,GRC,1999,Theodoros Pangalos,1996,1999,Q462542,Theodoros Pangalos
Greece,350,GRC,1999,Georgios Papandreou,1999,2004,Q151917,Georgios Papandreou
Greece,350,GRC,2000,Georgios Papandreou,1999,2004,Q151917,Georgios Papandreou
Greece,350,GRC,2001,Georgios Papandreou,1999,2004,Q151917,Georgios Papandreou
Greece,350,GRC,2002,Georgios Papandreou,1999,2004,Q151917,Georgios Papandreou
Greece,350,GRC,2003,Georgios Papandreou,1999,2004,Q151917,Georgios Papandreou
Greece,350,GRC,2004,Georgios Papandreou,1999,2004,Q151917,Georgios Papandreou
Greece,350,GRC,2004,Petros Molyviatis,2004,2006,Q1252175,Petros Molyviatis
Greece,350,GRC,2004,Tassos Giannitsis,2004,2004,Q526202,
Greece,350,GRC,2005,Petros Molyviatis,2004,2006,Q1252175,Petros Molyviatis
Greece,350,GRC,2006,Petros Molyviatis,2004,2006,Q1252175,Petros Molyviatis
Greece,350,GRC,2006,Dora Bakoyannis,2006,2009,Q464862,
Greece,350,GRC,2007,Dora Bakoyannis,2006,2009,Q464862,
Greece,350,GRC,2008,Dora Bakoyannis,2006,2009,Q464862,
Greece,350,GRC,2009,Georgios Papandreou,2009,2010,Q151917,Georgios Papandreou
Greece,350,GRC,2009,Dora Bakoyannis,2006,2009,Q464862,
Greece,350,GRC,2010,Georgios Papandreou,2009,2010,Q151917,Georgios Papandreou
Greece,350,GRC,2010,Dimitrios Droutsas,2010,2011,Q58086,
Greece,350,GRC,2011,Stavros Lambrinidis,2011,2011,Q718976,Stavros Lambrinidis
Greece,350,GRC,2011,Dimitrios Droutsas,2010,2011,Q58086,
Greece,350,GRC,2011,Stavros Dimas,2011,2012,Q58091,Stavros Dimas
Greece,350,GRC,2012,Stavros Dimas,2011,2012,Q58091,Stavros Dimas
Greece,350,GRC,2012,Petros Molyviatis,2012,2012,Q1252175,Petros Molyviatis
Greece,350,GRC,2012,Dimitris Avramopoulos,2012,2013,Q983664,Dimitris Avramopoulos
Greece,350,GRC,2013,Dimitris Avramopoulos,2012,2013,Q983664,Dimitris Avramopoulos
Greece,350,GRC,2013,Evangelos Venizelos,2013,2015,Q312994,Evangelos Venizelos
Greece,350,GRC,2014,Evangelos Venizelos,2013,2015,Q312994,Evangelos Venizelos
Greece,350,GRC,2015,Evangelos Venizelos,2013,2015,Q312994,Evangelos Venizelos
Greece,350,GRC,2015,Nikos Kotzias,2015,2018,Q12881818,Nikos Kotzias
Greece,350,GRC,2015,Petros Molyviatis,2015,2015,Q1252175,Petros Molyviatis
Greece,350,GRC,2015,Nikos Kotzias,2015,2015,Q12881818,Nikos Kotzias
Greece,350,GRC,2016,Nikos Kotzias,2015,2018,Q12881818,Nikos Kotzias
Greece,350,GRC,2017,Nikos Kotzias,2015,2018,Q12881818,Nikos Kotzias
Greece,350,GRC,2018,Alexis Tsipras,2018,2019,Q312015,Alexis Tsipras
Greece,350,GRC,2018,Nikos Kotzias,2015,2018,Q12881818,Nikos Kotzias
Greece,350,GRC,2019,Giorgos Katrougkalos,2019,2019,Q17170708,
Greece,350,GRC,2019,Alexis Tsipras,2018,2019,Q312015,Alexis Tsipras
Greenland,10,GRL,2003,Josef Motzfeldt,2003,2007,Q4559599,Josef Motzfeldt
Greenland,10,GRL,2004,Josef Motzfeldt,2003,2007,Q4559599,Josef Motzfeldt
Greenland,10,GRL,2005,Josef Motzfeldt,2003,2007,Q4559599,Josef Motzfeldt
Greenland,10,GRL,2006,Josef Motzfeldt,2003,2007,Q4559599,Josef Motzfeldt
Greenland,10,GRL,2007,Josef Motzfeldt,2003,2007,Q4559599,Josef Motzfeldt
Greenland,10,GRL,2007,Aleqa Hammond,2007,2008,Q1796195,Aleqa Hammond
Greenland,10,GRL,2007,Lars Emil Johansen,2007,2007,Q468034,
Greenland,10,GRL,2008,Per Berthelsen,2008,2009,Q942364,Per Berthelsen
Greenland,10,GRL,2008,Aleqa Hammond,2007,2008,Q1796195,Aleqa Hammond
Greenland,10,GRL,2009,Per Berthelsen,2008,2009,Q942364,Per Berthelsen
Greenland,10,GRL,2009,Kuupik Kleist,2009,2013,Q317400,Kuupik Kleist
Greenland,10,GRL,2010,Kuupik Kleist,2009,2013,Q317400,Kuupik Kleist
Greenland,10,GRL,2011,Kuupik Kleist,2009,2013,Q317400,Kuupik Kleist
Greenland,10,GRL,2012,Kuupik Kleist,2009,2013,Q317400,Kuupik Kleist
Greenland,10,GRL,2013,Kuupik Kleist,2009,2013,Q317400,Kuupik Kleist
Greenland,10,GRL,2013,Aleqa Hammond,2013,2014,Q1796195,Aleqa Hammond
Greenland,10,GRL,2014,Vittus Qujaukitsoq,2014,2017,Q15944263,Vittus Qujaukitsoq
Greenland,10,GRL,2014,Aleqa Hammond,2013,2014,Q1796195,Aleqa Hammond
Greenland,10,GRL,2014,Kim Kielsen,2014,2014,Q10566620,Kim Kielsen
Greenland,10,GRL,2015,Vittus Qujaukitsoq,2014,2017,Q15944263,Vittus Qujaukitsoq
Greenland,10,GRL,2016,Vittus Qujaukitsoq,2014,2017,Q15944263,Vittus Qujaukitsoq
Greenland,10,GRL,2017,Vittus Qujaukitsoq,2014,2017,Q15944263,Vittus Qujaukitsoq
Greenland,10,GRL,2017,Suka K. Frederiksen,2017,2018,Q41804539,Suka K. Frederiksen
Greenland,10,GRL,2018,Vivian Motzfeldt,2018,2018,Q55808436,Vivian Motzfeldt
Greenland,10,GRL,2018,Ane Lone Bagger,2018,2019,Q66778033,Ane Lone Bagger
Greenland,10,GRL,2018,Suka K. Frederiksen,2017,2018,Q41804539,Suka K. Frederiksen
Greenland,10,GRL,2019,Ane Lone Bagger,2018,2019,Q66778033,Ane Lone Bagger
Grenada,55,GRD,1979,Maurice Bishop,1979,1981,Q468234,Maurice Bishop
Grenada,55,GRD,1980,Maurice Bishop,1979,1981,Q468234,Maurice Bishop
Grenada,55,GRD,1981,Maurice Bishop,1979,1981,Q468234,Maurice Bishop
Grenada,55,GRD,1981,Unison Whiteman,1981,1983,,
Grenada,55,GRD,1982,Unison Whiteman,1981,1983,,
Grenada,55,GRD,1983,Patrick Emmanuel,1983,1984,,
Grenada,55,GRD,1983,Unison Whiteman,1981,1983,,
Grenada,55,GRD,1984,Ben Jones,1984,1990,Q816529,Ben Jones
Grenada,55,GRD,1984,Patrick Emmanuel,1983,1984,,
Grenada,55,GRD,1985,Ben Jones,1984,1990,Q816529,Ben Jones
Grenada,55,GRD,1986,Ben Jones,1984,1990,Q816529,Ben Jones
Grenada,55,GRD,1987,Ben Jones,1984,1990,Q816529,Ben Jones
Grenada,55,GRD,1988,Ben Jones,1984,1990,Q816529,Ben Jones
Grenada,55,GRD,1989,Ben Jones,1984,1990,Q816529,Ben Jones
Grenada,55,GRD,1990,Nicholas Brathwaite,1990,1990,Q1984818,Nicholas Brathwaite
Grenada,55,GRD,1990,Ben Jones,1990,1991,Q816529,Ben Jones
Grenada,55,GRD,1990,Ben Jones,1984,1990,Q816529,Ben Jones
Grenada,55,GRD,1991,Nicholas Brathwaite,1991,1992,Q1984818,Nicholas Brathwaite
Grenada,55,GRD,1991,Ben Jones,1990,1991,Q816529,Ben Jones
Grenada,55,GRD,1992,Nicholas Brathwaite,1992,1995,Q1984818,Nicholas Brathwaite
Grenada,55,GRD,1992,Nicholas Brathwaite,1991,1992,Q1984818,Nicholas Brathwaite
Grenada,55,GRD,1992,Denis Noel,1992,1992,,
Grenada,55,GRD,1993,Nicholas Brathwaite,1992,1995,Q1984818,Nicholas Brathwaite
Grenada,55,GRD,1994,Nicholas Brathwaite,1992,1995,Q1984818,Nicholas Brathwaite
Grenada,55,GRD,1995,Keith Mitchell,1995,1997,Q370110,Keith Mitchell
Grenada,55,GRD,1995,Nicholas Brathwaite,1992,1995,Q1984818,Nicholas Brathwaite
Grenada,55,GRD,1995,Denis Noel,1995,1995,,
Grenada,55,GRD,1996,Keith Mitchell,1995,1997,Q370110,Keith Mitchell
Grenada,55,GRD,1997,Keith Mitchell,1995,1997,Q370110,Keith Mitchell
Grenada,55,GRD,1997,Raphael Fletcher,1997,1998,,
Grenada,55,GRD,1998,Raphael Fletcher,1997,1998,,
Grenada,55,GRD,1998,Mark Isaac,1998,1999,,
Grenada,55,GRD,1999,Mark Isaac,1998,1999,,
Grenada,55,GRD,1999,Keith Mitchell,1999,1999,Q370110,Keith Mitchell
Grenada,55,GRD,1999,Mark Isaac,1999,2000,,
Grenada,55,GRD,2000,Elvin Nimrod,2000,2008,Q58224,Elvin Nimrod
Grenada,55,GRD,2000,Mark Isaac,1999,2000,,
Grenada,55,GRD,2001,Elvin Nimrod,2000,2008,Q58224,Elvin Nimrod
Grenada,55,GRD,2002,Elvin Nimrod,2000,2008,Q58224,Elvin Nimrod
Grenada,55,GRD,2003,Elvin Nimrod,2000,2008,Q58224,Elvin Nimrod
Grenada,55,GRD,2004,Elvin Nimrod,2000,2008,Q58224,Elvin Nimrod
Grenada,55,GRD,2005,Elvin Nimrod,2000,2008,Q58224,Elvin Nimrod
Grenada,55,GRD,2006,Elvin Nimrod,2000,2008,Q58224,Elvin Nimrod
Grenada,55,GRD,2007,Elvin Nimrod,2000,2008,Q58224,Elvin Nimrod
Grenada,55,GRD,2008,Elvin Nimrod,2000,2008,Q58224,Elvin Nimrod
Grenada,55,GRD,2008,Peter David,2008,2010,Q58231,Peter David
Grenada,55,GRD,2009,Peter David,2008,2010,Q58231,Peter David
Grenada,55,GRD,2010,Karl Hood,2010,2012,Q6371912,Karl Hood
Grenada,55,GRD,2010,Peter David,2008,2010,Q58231,Peter David
Grenada,55,GRD,2011,Karl Hood,2010,2012,Q6371912,Karl Hood
Grenada,55,GRD,2012,Tillman Thomas,2012,2013,Q57796,Tillman Thomas
Grenada,55,GRD,2012,Karl Hood,2010,2012,Q6371912,Karl Hood
Grenada,55,GRD,2013,Nickolas Steele,2013,2014,Q40027841,
Grenada,55,GRD,2013,Tillman Thomas,2012,2013,Q57796,Tillman Thomas
Grenada,55,GRD,2014,Nickolas Steele,2013,2014,Q40027841,
Grenada,55,GRD,2014,Clarice Modeste,2014,2016,Q5126938,
Grenada,55,GRD,2015,Clarice Modeste,2014,2016,Q5126938,
Grenada,55,GRD,2016,Elvin Nimrod,2016,2018,Q58224,Elvin Nimrod
Grenada,55,GRD,2016,Clarice Modeste,2014,2016,Q5126938,
Grenada,55,GRD,2017,Elvin Nimrod,2016,2018,Q58224,Elvin Nimrod
Grenada,55,GRD,2018,Peter David,2018,2019,Q58231,Peter David
Grenada,55,GRD,2018,Elvin Nimrod,2016,2018,Q58224,Elvin Nimrod
Grenada,55,GRD,2019,Peter David,2018,2019,Q58231,Peter David
Guatemala,90,GTM,1949,Ismael González Arévalo,1949,1951,,
Guatemala,90,GTM,1950,Ismael González Arévalo,1949,1951,,
Guatemala,90,GTM,1951,Ismael González Arévalo,1949,1951,,
Guatemala,90,GTM,1951,Manuel Francisco Galich López,1951,1952,Q16598311,
Guatemala,90,GTM,1952,Manuel Francisco Galich López,1951,1952,Q16598311,
Guatemala,90,GTM,1952,José Raúl Osegueda Palala,1952,1954,,
Guatemala,90,GTM,1953,José Raúl Osegueda Palala,1952,1954,,
Guatemala,90,GTM,1954,Carlos Salazar Gatica,1954,1955,,
Guatemala,90,GTM,1954,Guillermo Toriello Garrido,1954,1954,Q1986756,
Guatemala,90,GTM,1954,José Raúl Osegueda Palala,1952,1954,,
Guatemala,90,GTM,1955,Domingo Goicolea Villacorta,1955,1956,,
Guatemala,90,GTM,1955,Carlos Salazar Gatica,1954,1955,,
Guatemala,90,GTM,1956,Jorge Skinner-Klée,1956,1957,,
Guatemala,90,GTM,1956,Domingo Goicolea Villacorta,1955,1956,,
Guatemala,90,GTM,1956,Ricardo Quiñónez Lemus,1956,1956,Q53477917,Ricardo Quiñónez Lemus
Guatemala,90,GTM,1957,Jorge Skinner-Klée,1956,1957,,
Guatemala,90,GTM,1957,Adolfo Molina Orantes,1957,1958,Q16054218,Adolfo Molina Orantes
Guatemala,90,GTM,1958,Adolfo Molina Orantes,1957,1958,Q16054218,Adolfo Molina Orantes
Guatemala,90,GTM,1958,Jesús Víctor Unda Murillo,1958,1963,,
Guatemala,90,GTM,1958,Carlos García Bauer,1958,1958,,
Guatemala,90,GTM,1959,Jesús Víctor Unda Murillo,1958,1963,,
Guatemala,90,GTM,1960,Jesús Víctor Unda Murillo,1958,1963,,
Guatemala,90,GTM,1961,Jesús Víctor Unda Murillo,1958,1963,,
Guatemala,90,GTM,1962,Jesús Víctor Unda Murillo,1958,1963,,
Guatemala,90,GTM,1963,Alberto Herrarte González,1963,1966,,
Guatemala,90,GTM,1963,Jesús Víctor Unda Murillo,1958,1963,,
Guatemala,90,GTM,1964,Alberto Herrarte González,1963,1966,,
Guatemala,90,GTM,1965,Alberto Herrarte González,1963,1966,,
Guatemala,90,GTM,1966,Alberto Herrarte González,1963,1966,,
Guatemala,90,GTM,1966,Emilio Arenales Catalán,1966,1969,Q644726,Emilio Arenales Catalán
Guatemala,90,GTM,1967,Emilio Arenales Catalán,1966,1969,Q644726,Emilio Arenales Catalán
Guatemala,90,GTM,1968,Emilio Arenales Catalán,1966,1969,Q644726,Emilio Arenales Catalán
Guatemala,90,GTM,1969,Emilio Arenales Catalán,1966,1969,Q644726,Emilio Arenales Catalán
Guatemala,90,GTM,1969,Alberto Fuentes Mohr,1969,1970,Q4712033,Alberto Fuentes Mohr
Guatemala,90,GTM,1970,Alberto Fuentes Mohr,1969,1970,Q4712033,Alberto Fuentes Mohr
Guatemala,90,GTM,1970,Roberto Herrera Ibargüen,1970,1972,Q7351739,
Guatemala,90,GTM,1971,Roberto Herrera Ibargüen,1970,1972,Q7351739,
Guatemala,90,GTM,1972,Jorge Arenales Catalán,1972,1974,,
Guatemala,90,GTM,1972,Roberto Herrera Ibargüen,1970,1972,Q7351739,
Guatemala,90,GTM,1973,Jorge Arenales Catalán,1972,1974,,
Guatemala,90,GTM,1974,Adolfo Molina Orantes,1974,1978,Q16054218,Adolfo Molina Orantes
Guatemala,90,GTM,1974,Jorge Arenales Catalán,1972,1974,,
Guatemala,90,GTM,1975,Adolfo Molina Orantes,1974,1978,Q16054218,Adolfo Molina Orantes
Guatemala,90,GTM,1976,Adolfo Molina Orantes,1974,1978,Q16054218,Adolfo Molina Orantes
Guatemala,90,GTM,1977,Adolfo Molina Orantes,1974,1978,Q16054218,Adolfo Molina Orantes
Guatemala,90,GTM,1978,Rafael Castillo Valdez,1978,1982,Q7282072,Rafael Castillo Valdez
Guatemala,90,GTM,1978,Adolfo Molina Orantes,1974,1978,Q16054218,Adolfo Molina Orantes
Guatemala,90,GTM,1979,Rafael Castillo Valdez,1978,1982,Q7282072,Rafael Castillo Valdez
Guatemala,90,GTM,1980,Rafael Castillo Valdez,1978,1982,Q7282072,Rafael Castillo Valdez
Guatemala,90,GTM,1981,Rafael Castillo Valdez,1978,1982,Q7282072,Rafael Castillo Valdez
Guatemala,90,GTM,1982,Eduardo Castillo Arriola,1982,1983,,
Guatemala,90,GTM,1982,Alfonso Alonso Lima,1982,1982,Q2644497,
Guatemala,90,GTM,1982,Rafael Castillo Valdez,1978,1982,Q7282072,Rafael Castillo Valdez
Guatemala,90,GTM,1983,Eduardo Castillo Arriola,1982,1983,,
Guatemala,90,GTM,1983,Fernando Andrade Díaz-Durán,1983,1986,,
Guatemala,90,GTM,1984,Fernando Andrade Díaz-Durán,1983,1986,,
Guatemala,90,GTM,1985,Fernando Andrade Díaz-Durán,1983,1986,,
Guatemala,90,GTM,1986,Fernando Andrade Díaz-Durán,1983,1986,,
Guatemala,90,GTM,1986,Mario Rafael Quiñónez Amezquita,1986,1987,,
Guatemala,90,GTM,1987,Alfonso Cabrera Hidalgo,1987,1989,,
Guatemala,90,GTM,1987,Mario Rafael Quiñónez Amezquita,1986,1987,,
Guatemala,90,GTM,1988,Alfonso Cabrera Hidalgo,1987,1989,,
Guatemala,90,GTM,1989,Mario Palencia Lainfiesta,1989,1989,,
Guatemala,90,GTM,1989,Ariel Rivera Irías,1989,1991,,
Guatemala,90,GTM,1989,Alfonso Cabrera Hidalgo,1987,1989,,
Guatemala,90,GTM,1990,Ariel Rivera Irías,1989,1991,,
Guatemala,90,GTM,1991,Álvaro Arzú Irigoyen,1991,1991,Q250834,
Guatemala,90,GTM,1991,Ariel Rivera Irías,1989,1991,,
Guatemala,90,GTM,1991,Gonzalo Menéndez Park,1991,1993,,
Guatemala,90,GTM,1992,Gonzalo Menéndez Park,1991,1993,,
Guatemala,90,GTM,1993,Gonzalo Menéndez Park,1991,1993,,
Guatemala,90,GTM,1993,Arturo Fajardo Maldonado,1993,1994,,
Guatemala,90,GTM,1994,Marithza Ruiz de Vielman,1994,1995,,
Guatemala,90,GTM,1994,Arturo Fajardo Maldonado,1993,1994,,
Guatemala,90,GTM,1995,Marithza Ruiz de Vielman,1994,1995,,
Guatemala,90,GTM,1995,Alejandro Maldonado Aguirre,1995,1996,Q19914009,Alejandro Maldonado Aguirre
Guatemala,90,GTM,1996,Eduardo Stein Barillas,1996,2000,Q15627573,
Guatemala,90,GTM,1996,Alejandro Maldonado Aguirre,1995,1996,Q19914009,Alejandro Maldonado Aguirre
Guatemala,90,GTM,1997,Eduardo Stein Barillas,1996,2000,Q15627573,
Guatemala,90,GTM,1998,Eduardo Stein Barillas,1996,2000,Q15627573,
Guatemala,90,GTM,1999,Eduardo Stein Barillas,1996,2000,Q15627573,
Guatemala,90,GTM,2000,Gabriel Orellana Rojas,2000,2002,,
Guatemala,90,GTM,2000,Eduardo Stein Barillas,1996,2000,Q15627573,
Guatemala,90,GTM,2001,Gabriel Orellana Rojas,2000,2002,,
Guatemala,90,GTM,2002,Edgar Armando Gutiérrez Girón,2002,2004,Q20018778,
Guatemala,90,GTM,2002,Gabriel Orellana Rojas,2000,2002,,
Guatemala,90,GTM,2003,Edgar Armando Gutiérrez Girón,2002,2004,Q20018778,
Guatemala,90,GTM,2004,Jorge Briz Abularach,2004,2006,Q2882145,Jorge Briz Abularach
Guatemala,90,GTM,2004,Edgar Armando Gutiérrez Girón,2002,2004,Q20018778,
Guatemala,90,GTM,2005,Jorge Briz Abularach,2004,2006,Q2882145,Jorge Briz Abularach
Guatemala,90,GTM,2006,Gert Rosenthal,2006,2008,Q685023,Gert Rosenthal
Guatemala,90,GTM,2006,Jorge Briz Abularach,2004,2006,Q2882145,Jorge Briz Abularach
Guatemala,90,GTM,2007,Gert Rosenthal,2006,2008,Q685023,Gert Rosenthal
Guatemala,90,GTM,2008,Haroldo Rodas,2008,2012,Q1585971,Haroldo Rodas
Guatemala,90,GTM,2008,Gert Rosenthal,2006,2008,Q685023,Gert Rosenthal
Guatemala,90,GTM,2009,Haroldo Rodas,2008,2012,Q1585971,Haroldo Rodas
Guatemala,90,GTM,2010,Haroldo Rodas,2008,2012,Q1585971,Haroldo Rodas
Guatemala,90,GTM,2011,Haroldo Rodas,2008,2012,Q1585971,Haroldo Rodas
Guatemala,90,GTM,2012,Harold Caballeros,2012,2013,Q5660266,Harold Caballeros
Guatemala,90,GTM,2012,Haroldo Rodas,2008,2012,Q1585971,Haroldo Rodas
Guatemala,90,GTM,2013,Fernando Carrera,2013,2014,Q15229597,
Guatemala,90,GTM,2013,Harold Caballeros,2012,2013,Q5660266,Harold Caballeros
Guatemala,90,GTM,2014,Fernando Carrera,2013,2014,Q15229597,
Guatemala,90,GTM,2014,Carlos Raúl Morales,2014,2017,Q18085289,
Guatemala,90,GTM,2015,Carlos Raúl Morales,2014,2017,Q18085289,
Guatemala,90,GTM,2016,Carlos Raúl Morales,2014,2017,Q18085289,
Guatemala,90,GTM,2017,Carlos Raúl Morales,2014,2017,Q18085289,
Guatemala,90,GTM,2017,Sandra Jovel,2017,2019,Q38058073,Sandra Jovel
Guatemala,90,GTM,2018,Sandra Jovel,2017,2019,Q38058073,Sandra Jovel
Guatemala,90,GTM,2019,Sandra Jovel,2017,2019,Q38058073,Sandra Jovel
Guinea,438,GIN,1958,Ahmed Sékou Touré,1958,1961,Q155402,Ahmed Sékou Touré
Guinea,438,GIN,1959,Ahmed Sékou Touré,1958,1961,Q155402,Ahmed Sékou Touré
Guinea,438,GIN,1960,Ahmed Sékou Touré,1958,1961,Q155402,Ahmed Sékou Touré
Guinea,438,GIN,1961,Louis Lansana Beavogui,1961,1969,Q718245,Louis Lansana Beavogui
Guinea,438,GIN,1961,Ahmed Sékou Touré,1958,1961,Q155402,Ahmed Sékou Touré
Guinea,438,GIN,1962,Louis Lansana Beavogui,1961,1969,Q718245,Louis Lansana Beavogui
Guinea,438,GIN,1963,Louis Lansana Beavogui,1961,1969,Q718245,Louis Lansana Beavogui
Guinea,438,GIN,1964,Louis Lansana Beavogui,1961,1969,Q718245,Louis Lansana Beavogui
Guinea,438,GIN,1965,Louis Lansana Beavogui,1961,1969,Q718245,Louis Lansana Beavogui
Guinea,438,GIN,1966,Louis Lansana Beavogui,1961,1969,Q718245,Louis Lansana Beavogui
Guinea,438,GIN,1967,Louis Lansana Beavogui,1961,1969,Q718245,Louis Lansana Beavogui
Guinea,438,GIN,1968,Louis Lansana Beavogui,1961,1969,Q718245,Louis Lansana Beavogui
Guinea,438,GIN,1969,Saifoulaye Diallo,1969,1972,Q2228616,Saifoulaye Diallo
Guinea,438,GIN,1969,Louis Lansana Beavogui,1961,1969,Q718245,Louis Lansana Beavogui
Guinea,438,GIN,1970,Saifoulaye Diallo,1969,1972,Q2228616,Saifoulaye Diallo
Guinea,438,GIN,1971,Saifoulaye Diallo,1969,1972,Q2228616,Saifoulaye Diallo
Guinea,438,GIN,1972,Fily Cissoko,1972,1979,,
Guinea,438,GIN,1972,Saifoulaye Diallo,1969,1972,Q2228616,Saifoulaye Diallo
Guinea,438,GIN,1973,Fily Cissoko,1972,1979,,
Guinea,438,GIN,1974,Fily Cissoko,1972,1979,,
Guinea,438,GIN,1975,Fily Cissoko,1972,1979,,
Guinea,438,GIN,1976,Fily Cissoko,1972,1979,,
Guinea,438,GIN,1977,Fily Cissoko,1972,1979,,
Guinea,438,GIN,1978,Fily Cissoko,1972,1979,,
Guinea,438,GIN,1979,Abdoulaye Touré,1979,1984,Q4665182,Abdoulaye Touré
Guinea,438,GIN,1979,Fily Cissoko,1972,1979,,
Guinea,438,GIN,1980,Abdoulaye Touré,1979,1984,Q4665182,Abdoulaye Touré
Guinea,438,GIN,1981,Abdoulaye Touré,1979,1984,Q4665182,Abdoulaye Touré
Guinea,438,GIN,1982,Abdoulaye Touré,1979,1984,Q4665182,Abdoulaye Touré
Guinea,438,GIN,1983,Abdoulaye Touré,1979,1984,Q4665182,Abdoulaye Touré
Guinea,438,GIN,1984,Abdoulaye Touré,1979,1984,Q4665182,Abdoulaye Touré
Guinea,438,GIN,1984,Facinet Touré,1984,1985,Q3064131,Facinet Touré
Guinea,438,GIN,1985,Facinet Touré,1984,1985,Q3064131,Facinet Touré
Guinea,438,GIN,1985,Jean Traoré,1985,1992,Q4462170,Jean Traoré
Guinea,438,GIN,1986,Jean Traoré,1985,1992,Q4462170,Jean Traoré
Guinea,438,GIN,1987,Jean Traoré,1985,1992,Q4462170,Jean Traoré
Guinea,438,GIN,1988,Jean Traoré,1985,1992,Q4462170,Jean Traoré
Guinea,438,GIN,1989,Jean Traoré,1985,1992,Q4462170,Jean Traoré
Guinea,438,GIN,1990,Jean Traoré,1985,1992,Q4462170,Jean Traoré
Guinea,438,GIN,1991,Jean Traoré,1985,1992,Q4462170,Jean Traoré
Guinea,438,GIN,1992,Jean Traoré,1985,1992,Q4462170,Jean Traoré
Guinea,438,GIN,1992,Ibrahima Sylla,1992,1994,,
Guinea,438,GIN,1993,Ibrahima Sylla,1992,1994,,
Guinea,438,GIN,1994,Ibrahima Sylla,1992,1994,,
Guinea,438,GIN,1994,Kozo Zoumanigui,1994,1996,,
Guinea,438,GIN,1995,Kozo Zoumanigui,1994,1996,,
Guinea,438,GIN,1996,Kozo Zoumanigui,1994,1996,,
Guinea,438,GIN,1996,Lamine Camara,1996,1999,Q63537079,Lamine Camara
Guinea,438,GIN,1997,Lamine Camara,1996,1999,Q63537079,Lamine Camara
Guinea,438,GIN,1998,Lamine Camara,1996,1999,Q63537079,Lamine Camara
Guinea,438,GIN,1999,Lamine Camara,1996,1999,Q63537079,Lamine Camara
Guinea,438,GIN,1999,Zainoul Abidine Sanoussi,1999,2000,,
Guinea,438,GIN,2000,Mahawa Bangoura,2000,2002,Q42814067,Mahawa Bangoura
Guinea,438,GIN,2000,Zainoul Abidine Sanoussi,1999,2000,,
Guinea,438,GIN,2001,Mahawa Bangoura,2000,2002,Q42814067,Mahawa Bangoura
Guinea,438,GIN,2002,Mahawa Bangoura,2000,2002,Q42814067,Mahawa Bangoura
Guinea,438,GIN,2002,François Lonseny Fall,2002,2004,Q1451112,François Lonseny Fall
Guinea,438,GIN,2003,François Lonseny Fall,2002,2004,Q1451112,François Lonseny Fall
Guinea,438,GIN,2004,François Lonseny Fall,2002,2004,Q1451112,François Lonseny Fall
Guinea,438,GIN,2004,Mamady Condé,2004,2005,Q3284885,Mamady Condé
Guinea,438,GIN,2005,Mamady Condé,2004,2005,Q3284885,Mamady Condé
Guinea,438,GIN,2005,Fatoumata Kaba,2005,2006,Q84731891,Fatoumata Kaba
Guinea,438,GIN,2006,Fatoumata Kaba,2005,2006,Q84731891,Fatoumata Kaba
Guinea,438,GIN,2006,Mamady Condé,2006,2007,Q3284885,Mamady Condé
Guinea,438,GIN,2007,Mamady Condé,2006,2007,Q3284885,Mamady Condé
Guinea,438,GIN,2007,Kabèlè Abdoul Camara,2007,2008,Q6344570,Kabèlè Abdoul Camara
Guinea,438,GIN,2008,Kabèlè Abdoul Camara,2007,2008,Q6344570,Kabèlè Abdoul Camara
Guinea,438,GIN,2008,Amadou Lamarana Bah,2008,2009,,
Guinea,438,GIN,2009,Amadou Lamarana Bah,2008,2009,,
Guinea,438,GIN,2009,Alexandre Cécé Loua,2009,2010,Q2643744,Alexandre Cécé Loua
Guinea,438,GIN,2010,Bakary Fofana,2010,2010,Q4849023,Bakary Fofana
Guinea,438,GIN,2010,Edouard Niankoye Lamah,2010,2012,,
Guinea,438,GIN,2010,Alexandre Cécé Loua,2009,2010,Q2643744,Alexandre Cécé Loua
Guinea,438,GIN,2011,Edouard Niankoye Lamah,2010,2012,,
Guinea,438,GIN,2012,François Lonseny Fall,2012,2016,Q1451112,François Lonseny Fall
Guinea,438,GIN,2012,Edouard Niankoye Lamah,2010,2012,,
Guinea,438,GIN,2013,François Lonseny Fall,2012,2016,Q1451112,François Lonseny Fall
Guinea,438,GIN,2014,François Lonseny Fall,2012,2016,Q1451112,François Lonseny Fall
Guinea,438,GIN,2015,François Lonseny Fall,2012,2016,Q1451112,François Lonseny Fall
Guinea,438,GIN,2016,Makalé Camara,2016,2017,Q29292695,Makalé Camara
Guinea,438,GIN,2016,François Lonseny Fall,2012,2016,Q1451112,François Lonseny Fall
Guinea,438,GIN,2017,Mamadi Touré,2017,2019,Q55098131,Mamadi Touré
Guinea,438,GIN,2017,Makalé Camara,2016,2017,Q29292695,Makalé Camara
Guinea,438,GIN,2018,Mamadi Touré,2017,2019,Q55098131,Mamadi Touré
Guinea,438,GIN,2019,Mamadi Touré,2017,2019,Q55098131,Mamadi Touré
Guinea-Bissau,404,GNB,1973,Victor Saúde Maria,1973,1982,Q2522591,Victor Saúde Maria
Guinea-Bissau,404,GNB,1974,Victor Saúde Maria,1973,1982,Q2522591,Victor Saúde Maria
Guinea-Bissau,404,GNB,1975,Victor Saúde Maria,1973,1982,Q2522591,Victor Saúde Maria
Guinea-Bissau,404,GNB,1976,Victor Saúde Maria,1973,1982,Q2522591,Victor Saúde Maria
Guinea-Bissau,404,GNB,1977,Victor Saúde Maria,1973,1982,Q2522591,Victor Saúde Maria
Guinea-Bissau,404,GNB,1978,Victor Saúde Maria,1973,1982,Q2522591,Victor Saúde Maria
Guinea-Bissau,404,GNB,1979,Victor Saúde Maria,1973,1982,Q2522591,Victor Saúde Maria
Guinea-Bissau,404,GNB,1980,Victor Saúde Maria,1973,1982,Q2522591,Victor Saúde Maria
Guinea-Bissau,404,GNB,1981,Victor Saúde Maria,1973,1982,Q2522591,Victor Saúde Maria
Guinea-Bissau,404,GNB,1982,Victor Saúde Maria,1973,1982,Q2522591,Victor Saúde Maria
Guinea-Bissau,404,GNB,1982,Samba Lamine Mané,1982,1983,Q28726076,Samba Lamine Mané
Guinea-Bissau,404,GNB,1983,Samba Lamine Mané,1982,1983,Q28726076,Samba Lamine Mané
Guinea-Bissau,404,GNB,1983,Fidélis Cabral d'Almada,1983,1984,,
Guinea-Bissau,404,GNB,1984,Júlio Semedo,1984,1992,,
Guinea-Bissau,404,GNB,1984,Fidélis Cabral d'Almada,1983,1984,,
Guinea-Bissau,404,GNB,1985,Júlio Semedo,1984,1992,,
Guinea-Bissau,404,GNB,1986,Júlio Semedo,1984,1992,,
Guinea-Bissau,404,GNB,1987,Júlio Semedo,1984,1992,,
Guinea-Bissau,404,GNB,1988,Júlio Semedo,1984,1992,,
Guinea-Bissau,404,GNB,1989,Júlio Semedo,1984,1992,,
Guinea-Bissau,404,GNB,1990,Júlio Semedo,1984,1992,,
Guinea-Bissau,404,GNB,1991,Júlio Semedo,1984,1992,,
Guinea-Bissau,404,GNB,1992,Júlio Semedo,1984,1992,,
Guinea-Bissau,404,GNB,1992,Bernardino Cardoso,1992,1994,,
Guinea-Bissau,404,GNB,1993,Bernardino Cardoso,1992,1994,,
Guinea-Bissau,404,GNB,1994,Bernardino Cardoso,1992,1994,,
Guinea-Bissau,404,GNB,1994,Ansumane Mané,1994,1996,Q570433,Ansumane Mané
Guinea-Bissau,404,GNB,1995,Ansumane Mané,1994,1996,Q570433,Ansumane Mané
Guinea-Bissau,404,GNB,1996,Ansumane Mané,1994,1996,Q570433,Ansumane Mané
Guinea-Bissau,404,GNB,1996,Fernando Delfim da Silva,1996,1999,Q97656345,
Guinea-Bissau,404,GNB,1997,Fernando Delfim da Silva,1996,1999,Q97656345,
Guinea-Bissau,404,GNB,1998,Fernando Delfim da Silva,1996,1999,Q97656345,
Guinea-Bissau,404,GNB,1999,José Pereira Baptista,1999,2000,,
Guinea-Bissau,404,GNB,1999,Hilia Barber,1999,1999,Q42948049,Hilia Barber
Guinea-Bissau,404,GNB,1999,Fernando Delfim da Silva,1996,1999,Q97656345,
Guinea-Bissau,404,GNB,2000,José Pereira Baptista,1999,2000,,
Guinea-Bissau,404,GNB,2000,Iaia Djaló,2000,2001,Q16728590,
Guinea-Bissau,404,GNB,2001,Malam Mané,2001,2001,,
Guinea-Bissau,404,GNB,2001,Antonieta Rosa Gomes,2001,2001,Q26857888,Antonieta Rosa Gomes
Guinea-Bissau,404,GNB,2001,Faustino Imbali,2001,2001,Q142540,Faustino Imbali
Guinea-Bissau,404,GNB,2001,Iaia Djaló,2000,2001,Q16728590,
Guinea-Bissau,404,GNB,2001,Filomena Mascarenhas Tipote,2001,2002,Q26858532,Filomena Mascarenhas Tipote
Guinea-Bissau,404,GNB,2002,Joãozinho Vieira Có,2002,2003,Q28726015,
Guinea-Bissau,404,GNB,2002,Filomena Mascarenhas Tipote,2001,2002,Q26858532,Filomena Mascarenhas Tipote
Guinea-Bissau,404,GNB,2003,João José Monteiro,2003,2004,,
Guinea-Bissau,404,GNB,2003,Fatumata Djau Baldé,2003,2003,Q22697132,Fatumata Djau Baldé
Guinea-Bissau,404,GNB,2003,Joãozinho Vieira Có,2002,2003,Q28726015,
Guinea-Bissau,404,GNB,2004,Soares Sambú,2004,2005,Q7549853,Soares Sambú
Guinea-Bissau,404,GNB,2004,João José Monteiro,2003,2004,,
Guinea-Bissau,404,GNB,2005,António Isaac Monteiro,2005,2007,Q4777565,António Isaac Monteiro
Guinea-Bissau,404,GNB,2005,Soares Sambú,2004,2005,Q7549853,Soares Sambú
Guinea-Bissau,404,GNB,2006,António Isaac Monteiro,2005,2007,Q4777565,António Isaac Monteiro
Guinea-Bissau,404,GNB,2007,Maria da Conceição Nobre Cabral,2007,2009,Q3291098,Maria da Conceição Nobre Cabral
Guinea-Bissau,404,GNB,2007,António Isaac Monteiro,2005,2007,Q4777565,António Isaac Monteiro
Guinea-Bissau,404,GNB,2008,Maria da Conceição Nobre Cabral,2007,2009,Q3291098,Maria da Conceição Nobre Cabral
Guinea-Bissau,404,GNB,2009,Maria da Conceição Nobre Cabral,2007,2009,Q3291098,Maria da Conceição Nobre Cabral
Guinea-Bissau,404,GNB,2009,Adelino Mano Quetá,2009,2011,Q4681978,Adelino Mano Quetá
Guinea-Bissau,404,GNB,2009,Adiato Djaló Nandigna,2009,2009,Q58164,Adiato Djaló Nandigna
Guinea-Bissau,404,GNB,2010,Adelino Mano Quetá,2009,2011,Q4681978,Adelino Mano Quetá
Guinea-Bissau,404,GNB,2011,Adelino Mano Quetá,2009,2011,Q4681978,Adelino Mano Quetá
Guinea-Bissau,404,GNB,2011,Mamadu Saliu Djaló Pires,2011,2012,Q6745389,Mamadu Saliu Djaló Pires
Guinea-Bissau,404,GNB,2012,Mamadu Saliu Djaló Pires,2011,2012,Q6745389,Mamadu Saliu Djaló Pires
Guinea-Bissau,404,GNB,2012,Faustino Imbali,2012,2013,Q142540,Faustino Imbali
Guinea-Bissau,404,GNB,2013,Fernando Delfim da Silva,2013,2014,Q97656345,
Guinea-Bissau,404,GNB,2013,Faustino Imbali,2012,2013,Q142540,Faustino Imbali
Guinea-Bissau,404,GNB,2014,Fernando Delfim da Silva,2013,2014,Q97656345,
Guinea-Bissau,404,GNB,2014,Mário Lopes da Rosa,2014,2015,Q97670983,
Guinea-Bissau,404,GNB,2015,Artur Silva,2015,2016,Q47527935,Artur Silva
Guinea-Bissau,404,GNB,2015,Rui Dia de Sousa,2015,2015,,
Guinea-Bissau,404,GNB,2015,Mário Lopes da Rosa,2014,2015,Q97670983,
Guinea-Bissau,404,GNB,2016,Artur Silva,2015,2016,Q47527935,Artur Silva
Guinea-Bissau,404,GNB,2016,Soares Sambú,2016,2016,Q7549853,Soares Sambú
Guinea-Bissau,404,GNB,2016,Jorge Malú,2016,2018,Q95980717,
Guinea-Bissau,404,GNB,2017,Jorge Malú,2016,2018,Q95980717,
Guinea-Bissau,404,GNB,2018,João Ribeiro Butiam Có,2018,2019,Q60082807,João Ribeiro Butiam Có
Guinea-Bissau,404,GNB,2018,Jorge Malú,2016,2018,Q95980717,
Guinea-Bissau,404,GNB,2019,João Ribeiro Butiam Có,2018,2019,Q60082807,João Ribeiro Butiam Có
Guyana,110,GUY,1966,Forbes Burnham,1966,1972,Q718256,Forbes Burnham
Guyana,110,GUY,1967,Forbes Burnham,1966,1972,Q718256,Forbes Burnham
Guyana,110,GUY,1968,Forbes Burnham,1966,1972,Q718256,Forbes Burnham
Guyana,110,GUY,1969,Forbes Burnham,1966,1972,Q718256,Forbes Burnham
Guyana,110,GUY,1970,Forbes Burnham,1966,1972,Q718256,Forbes Burnham
Guyana,110,GUY,1971,Forbes Burnham,1966,1972,Q718256,Forbes Burnham
Guyana,110,GUY,1972,Shridath Ramphal,1972,1975,Q958984,Shridath Ramphal
Guyana,110,GUY,1972,Forbes Burnham,1966,1972,Q718256,Forbes Burnham
Guyana,110,GUY,1973,Shridath Ramphal,1972,1975,Q958984,Shridath Ramphal
Guyana,110,GUY,1974,Shridath Ramphal,1972,1975,Q958984,Shridath Ramphal
Guyana,110,GUY,1975,Shridath Ramphal,1972,1975,Q958984,Shridath Ramphal
Guyana,110,GUY,1975,Fred Wills,1975,1978,Q16012910,
Guyana,110,GUY,1976,Fred Wills,1975,1978,Q16012910,
Guyana,110,GUY,1977,Fred Wills,1975,1978,Q16012910,
Guyana,110,GUY,1978,Fred Wills,1975,1978,Q16012910,
Guyana,110,GUY,1978,Rashleigh E. Jackson,1978,1990,,
Guyana,110,GUY,1979,Rashleigh E. Jackson,1978,1990,,
Guyana,110,GUY,1980,Rashleigh E. Jackson,1978,1990,,
Guyana,110,GUY,1981,Rashleigh E. Jackson,1978,1990,,
Guyana,110,GUY,1982,Rashleigh E. Jackson,1978,1990,,
Guyana,110,GUY,1983,Rashleigh E. Jackson,1978,1990,,
Guyana,110,GUY,1984,Rashleigh E. Jackson,1978,1990,,
Guyana,110,GUY,1985,Rashleigh E. Jackson,1978,1990,,
Guyana,110,GUY,1986,Rashleigh E. Jackson,1978,1990,,
Guyana,110,GUY,1987,Rashleigh E. Jackson,1978,1990,,
Guyana,110,GUY,1988,Rashleigh E. Jackson,1978,1990,,
Guyana,110,GUY,1989,Rashleigh E. Jackson,1978,1990,,
Guyana,110,GUY,1990,Rashleigh E. Jackson,1978,1990,,
Guyana,110,GUY,1990,Desmond Hoyte,1990,1992,Q887418,Desmond Hoyte
Guyana,110,GUY,1991,Desmond Hoyte,1990,1992,Q887418,Desmond Hoyte
Guyana,110,GUY,1992,Clement Rohee,1992,2001,Q2978877,Clement Rohee
Guyana,110,GUY,1992,Cheddi Jagan,1992,1992,Q724156,Cheddi Jagan
Guyana,110,GUY,1992,Desmond Hoyte,1990,1992,Q887418,Desmond Hoyte
Guyana,110,GUY,1993,Clement Rohee,1992,2001,Q2978877,Clement Rohee
Guyana,110,GUY,1994,Clement Rohee,1992,2001,Q2978877,Clement Rohee
Guyana,110,GUY,1995,Clement Rohee,1992,2001,Q2978877,Clement Rohee
Guyana,110,GUY,1996,Clement Rohee,1992,2001,Q2978877,Clement Rohee
Guyana,110,GUY,1997,Clement Rohee,1992,2001,Q2978877,Clement Rohee
Guyana,110,GUY,1998,Clement Rohee,1992,2001,Q2978877,Clement Rohee
Guyana,110,GUY,1999,Clement Rohee,1992,2001,Q2978877,Clement Rohee
Guyana,110,GUY,2000,Clement Rohee,1992,2001,Q2978877,Clement Rohee
Guyana,110,GUY,2001,Samuel R. Insanally,2001,2008,Q327918,
Guyana,110,GUY,2001,Clement Rohee,1992,2001,Q2978877,Clement Rohee
Guyana,110,GUY,2002,Samuel R. Insanally,2001,2008,Q327918,
Guyana,110,GUY,2003,Samuel R. Insanally,2001,2008,Q327918,
Guyana,110,GUY,2004,Samuel R. Insanally,2001,2008,Q327918,
Guyana,110,GUY,2005,Samuel R. Insanally,2001,2008,Q327918,
Guyana,110,GUY,2006,Samuel R. Insanally,2001,2008,Q327918,
Guyana,110,GUY,2007,Samuel R. Insanally,2001,2008,Q327918,
Guyana,110,GUY,2008,Carolyn Rodrigues,2008,2015,Q58238,Carolyn Rodrigues
Guyana,110,GUY,2008,Samuel R. Insanally,2001,2008,Q327918,
Guyana,110,GUY,2009,Carolyn Rodrigues,2008,2015,Q58238,Carolyn Rodrigues
Guyana,110,GUY,2010,Carolyn Rodrigues,2008,2015,Q58238,Carolyn Rodrigues
Guyana,110,GUY,2011,Carolyn Rodrigues,2008,2015,Q58238,Carolyn Rodrigues
Guyana,110,GUY,2012,Carolyn Rodrigues,2008,2015,Q58238,Carolyn Rodrigues
Guyana,110,GUY,2013,Carolyn Rodrigues,2008,2015,Q58238,Carolyn Rodrigues
Guyana,110,GUY,2014,Carolyn Rodrigues,2008,2015,Q58238,Carolyn Rodrigues
Guyana,110,GUY,2015,Carolyn Rodrigues,2008,2015,Q58238,Carolyn Rodrigues
Guyana,110,GUY,2015,Carl Greenidge,2015,2019,Q53848199,
Guyana,110,GUY,2016,Carl Greenidge,2015,2019,Q53848199,
Guyana,110,GUY,2017,Carl Greenidge,2015,2019,Q53848199,
Guyana,110,GUY,2018,Carl Greenidge,2015,2019,Q53848199,
Guyana,110,GUY,2019,Carl Greenidge,2015,2019,Q53848199,
Haiti,41,HTI,1949,Vilfort Beauvoir,1949,1950,Q20563590,Vilfort Beauvoir
Haiti,41,HTI,1950,Antoine Levelt,1950,1950,Q12887439,Antoine Levelt
Haiti,41,HTI,1950,Jacques Léger,1950,1952,Q12891761,Jacques Léger
Haiti,41,HTI,1950,Vilfort Beauvoir,1949,1950,Q20563590,Vilfort Beauvoir
Haiti,41,HTI,1951,Jacques Léger,1950,1952,Q12891761,Jacques Léger
Haiti,41,HTI,1952,Jacques Léger,1950,1952,Q12891761,Jacques Léger
Haiti,41,HTI,1952,Albert Ethéart,1952,1953,Q16945733,Albert Ethéart
Haiti,41,HTI,1953,Pierre Liautaud,1953,1954,Q20561106,Pierre Liautaud
Haiti,41,HTI,1953,Albert Ethéart,1952,1953,Q16945733,Albert Ethéart
Haiti,41,HTI,1954,Mauclair Zéphirin,1954,1955,,
Haiti,41,HTI,1954,Pierre Liautaud,1953,1954,Q20561106,Pierre Liautaud
Haiti,41,HTI,1955,Mauclair Zéphirin,1954,1955,,
Haiti,41,HTI,1955,Joseph D. Charles,1955,1956,Q47007992,
Haiti,41,HTI,1956,Joseph D. Charles,1955,1956,Q47007992,
Haiti,41,HTI,1956,Jean Price-Mars,1956,1957,Q3045911,Jean Price-Mars
Haiti,41,HTI,1957,Jean Price-Mars,1956,1957,Q3045911,Jean Price-Mars
Haiti,41,HTI,1957,Louis Roumain,1957,1957,Q23005529,Louis Roumain
Haiti,41,HTI,1957,Joseph Buteau,1957,1957,Q12892106,Joseph Buteau
Haiti,41,HTI,1957,Stuart Cambronne,1957,1957,Q12897507,Stuart Cambronne
Haiti,41,HTI,1957,Vilfort Beauvoir,1957,1958,Q20563590,Vilfort Beauvoir
Haiti,41,HTI,1957,Evremont Carrié,1957,1957,Q12890536,Evremont Carrié
Haiti,41,HTI,1958,Vilfort Beauvoir,1957,1958,Q20563590,Vilfort Beauvoir
Haiti,41,HTI,1958,Louis Mars,1958,1959,Q16946816,Louis Mars
Haiti,41,HTI,1959,Raymond A. Moise,1959,1960,,
Haiti,41,HTI,1959,Louis Mars,1958,1959,Q16946816,Louis Mars
Haiti,41,HTI,1960,Raymond A. Moise,1959,1960,,
Haiti,41,HTI,1960,Joseph D. Baguidy,1960,1961,,
Haiti,41,HTI,1961,René Chalmers,1961,1971,Q12896106,René Chalmers
Haiti,41,HTI,1961,Joseph D. Baguidy,1960,1961,,
Haiti,41,HTI,1962,René Chalmers,1961,1971,Q12896106,René Chalmers
Haiti,41,HTI,1963,René Chalmers,1961,1971,Q12896106,René Chalmers
Haiti,41,HTI,1964,René Chalmers,1961,1971,Q12896106,René Chalmers
Haiti,41,HTI,1965,René Chalmers,1961,1971,Q12896106,René Chalmers
Haiti,41,HTI,1966,René Chalmers,1961,1971,Q12896106,René Chalmers
Haiti,41,HTI,1967,René Chalmers,1961,1971,Q12896106,René Chalmers
Haiti,41,HTI,1968,René Chalmers,1961,1971,Q12896106,René Chalmers
Haiti,41,HTI,1969,René Chalmers,1961,1971,Q12896106,René Chalmers
Haiti,41,HTI,1970,René Chalmers,1961,1971,Q12896106,René Chalmers
Haiti,41,HTI,1971,René Chalmers,1961,1971,Q12896106,René Chalmers
Haiti,41,HTI,1971,Adrien Raymond,1971,1974,Q16945724,Adrien Raymond
Haiti,41,HTI,1972,Adrien Raymond,1971,1974,Q16945724,Adrien Raymond
Haiti,41,HTI,1973,Adrien Raymond,1971,1974,Q16945724,Adrien Raymond
Haiti,41,HTI,1974,Adrien Raymond,1971,1974,Q16945724,Adrien Raymond
Haiti,41,HTI,1974,Edner Brutus,1974,1978,Q3048185,Edner Brutus
Haiti,41,HTI,1975,Edner Brutus,1974,1978,Q3048185,Edner Brutus
Haiti,41,HTI,1976,Edner Brutus,1974,1978,Q3048185,Edner Brutus
Haiti,41,HTI,1977,Edner Brutus,1974,1978,Q3048185,Edner Brutus
Haiti,41,HTI,1978,Gérard Dorcély,1978,1979,Q16946434,
Haiti,41,HTI,1978,Edner Brutus,1974,1978,Q3048185,Edner Brutus
Haiti,41,HTI,1979,Gérard Dorcély,1978,1979,Q16946434,
Haiti,41,HTI,1979,Georges Salomon,1979,1981,Q12891003,Georges Salomon
Haiti,41,HTI,1980,Georges Salomon,1979,1981,Q12891003,Georges Salomon
Haiti,41,HTI,1981,Édouard Francisque,1981,1982,Q12889816,
Haiti,41,HTI,1981,Georges Salomon,1979,1981,Q12891003,Georges Salomon
Haiti,41,HTI,1982,Édouard Francisque,1981,1982,Q12889816,
Haiti,41,HTI,1982,Jean Robert Estimé,1982,1985,,
Haiti,41,HTI,1983,Jean Robert Estimé,1982,1985,,
Haiti,41,HTI,1984,Jean Robert Estimé,1982,1985,,
Haiti,41,HTI,1985,Georges Salomon,1985,1986,Q12891003,Georges Salomon
Haiti,41,HTI,1985,Jean Robert Estimé,1982,1985,,
Haiti,41,HTI,1986,Jacques François,1986,1986,Q63106208,Jacques François
Haiti,41,HTI,1986,Georges Salomon,1985,1986,Q12891003,Georges Salomon
Haiti,41,HTI,1986,Jean-Baptiste Hilaire,1986,1987,,
Haiti,41,HTI,1987,Hérard Abraham,1987,1988,Q887405,Hérard Abraham
Haiti,41,HTI,1987,Jean-Baptiste Hilaire,1986,1987,,
Haiti,41,HTI,1988,Gérard Latortue,1988,1988,Q560895,Gérard Latortue
Haiti,41,HTI,1988,Serge Élie Charles,1988,1989,Q20562642,Serge Élie Charles
Haiti,41,HTI,1988,Hérard Abraham,1987,1988,Q887405,Hérard Abraham
Haiti,41,HTI,1989,Serge Élie Charles,1988,1989,Q20562642,Serge Élie Charles
Haiti,41,HTI,1989,Yvon Perrier,1989,1990,Q12898456,Yvon Perrier
Haiti,41,HTI,1990,Paul Christian Latortue,1990,1991,Q20560756,Paul Christian Latortue
Haiti,41,HTI,1990,Yvon Perrier,1989,1990,Q12898456,Yvon Perrier
Haiti,41,HTI,1990,Alec Toussaint,1990,1990,,
Haiti,41,HTI,1990,Kesler Clermont,1990,1990,Q16946746,Kesler Clermont
Haiti,41,HTI,1991,Marie-Denise Fabien-Jean-Louis,1991,1991,Q20558868,Marie-Denise Fabien-Jean-Louis
Haiti,41,HTI,1991,Jean-Jacques Honorat,1991,1991,Q3166299,Jean-Jacques Honorat
Haiti,41,HTI,1991,Paul Christian Latortue,1990,1991,Q20560756,Paul Christian Latortue
Haiti,41,HTI,1991,Jean-Robert Simonise,1991,1992,Q16946641,Jean-Robert Simonise
Haiti,41,HTI,1991,Jean-Robert Sabalat,1991,1991,Q12891883,Jean-Robert Sabalat
Haiti,41,HTI,1992,Jean-Robert Simonise,1991,1992,Q16946641,Jean-Robert Simonise
Haiti,41,HTI,1992,François Benoît,1992,1993,Q12890790,François Benoît
Haiti,41,HTI,1993,François Benoît,1992,1993,Q12890790,François Benoît
Haiti,41,HTI,1993,Claudette Werleigh,1993,1994,Q450359,Claudette Werleigh
Haiti,41,HTI,1994,Charles David,1994,1994,,
Haiti,41,HTI,1994,Claudette Werleigh,1994,1995,Q450359,Claudette Werleigh
Haiti,41,HTI,1994,Claudette Werleigh,1993,1994,Q450359,Claudette Werleigh
Haiti,41,HTI,1995,Claudette Werleigh,1994,1995,Q450359,Claudette Werleigh
Haiti,41,HTI,1995,Fritz Longchamp,1995,2001,Q12890819,Fritz Longchamp
Haiti,41,HTI,1996,Fritz Longchamp,1995,2001,Q12890819,Fritz Longchamp
Haiti,41,HTI,1997,Fritz Longchamp,1995,2001,Q12890819,Fritz Longchamp
Haiti,41,HTI,1998,Fritz Longchamp,1995,2001,Q12890819,Fritz Longchamp
Haiti,41,HTI,1999,Fritz Longchamp,1995,2001,Q12890819,Fritz Longchamp
Haiti,41,HTI,2000,Fritz Longchamp,1995,2001,Q12890819,Fritz Longchamp
Haiti,41,HTI,2001,Fritz Longchamp,1995,2001,Q12890819,Fritz Longchamp
Haiti,41,HTI,2001,Joseph Philippe Antonio,2001,2004,Q12892120,Joseph Philippe Antonio
Haiti,41,HTI,2002,Joseph Philippe Antonio,2001,2004,Q12892120,Joseph Philippe Antonio
Haiti,41,HTI,2003,Joseph Philippe Antonio,2001,2004,Q12892120,Joseph Philippe Antonio
Haiti,41,HTI,2004,Joseph Philippe Antonio,2001,2004,Q12892120,Joseph Philippe Antonio
Haiti,41,HTI,2004,Yvon Siméon,2004,2005,Q3574161,Yvon Siméon
Haiti,41,HTI,2005,Hérard Abraham,2005,2006,Q887405,Hérard Abraham
Haiti,41,HTI,2005,Yvon Siméon,2004,2005,Q3574161,Yvon Siméon
Haiti,41,HTI,2006,Rénald Clérismé,2006,2008,Q3456201,Rénald Clérismé
Haiti,41,HTI,2006,Hérard Abraham,2005,2006,Q887405,Hérard Abraham
Haiti,41,HTI,2007,Rénald Clérismé,2006,2008,Q3456201,Rénald Clérismé
Haiti,41,HTI,2008,Alrich Nicolas,2008,2009,Q1111324,
Haiti,41,HTI,2008,Rénald Clérismé,2006,2008,Q3456201,Rénald Clérismé
Haiti,41,HTI,2009,Marie Michèle Rey,2009,2011,Q86979548,
Haiti,41,HTI,2009,Alrich Nicolas,2008,2009,Q1111324,
Haiti,41,HTI,2010,Marie Michèle Rey,2009,2011,Q86979548,
Haiti,41,HTI,2011,Laurent Lamothe,2011,2012,Q57854,Laurent Lamothe
Haiti,41,HTI,2011,Marie Michèle Rey,2009,2011,Q86979548,
Haiti,41,HTI,2012,Laurent Lamothe,2011,2012,Q57854,Laurent Lamothe
Haiti,41,HTI,2012,Pierre Richard Casimir,2012,2014,Q15635856,
Haiti,41,HTI,2013,Pierre Richard Casimir,2012,2014,Q15635856,
Haiti,41,HTI,2014,Duly Brutus,2014,2015,,
Haiti,41,HTI,2014,Pierre Richard Casimir,2012,2014,Q15635856,
Haiti,41,HTI,2015,Duly Brutus,2014,2015,,
Haiti,41,HTI,2015,Lener Renauld,2015,2016,,
Haiti,41,HTI,2016,Lener Renauld,2015,2016,,
Haiti,41,HTI,2016,Pierrot Delienne,2016,2017,,
Haiti,41,HTI,2017,Antonio Rodrigue,2017,2018,Q29563695,Antonio Rodrigue
Haiti,41,HTI,2017,Pierrot Delienne,2016,2017,,
Haiti,41,HTI,2018,Antonio Rodrigue,2017,2018,Q29563695,Antonio Rodrigue
Haiti,41,HTI,2018,Bocchit Edmond,2018,2019,Q56651422,
Haiti,41,HTI,2019,Bocchit Edmond,2018,2019,Q56651422,
Honduras,91,HND,1948,J. Edgardo Valenzuela,1948,1954,,
Honduras,91,HND,1949,J. Edgardo Valenzuela,1948,1954,,
Honduras,91,HND,1950,J. Edgardo Valenzuela,1948,1954,,
Honduras,91,HND,1951,J. Edgardo Valenzuela,1948,1954,,
Honduras,91,HND,1952,J. Edgardo Valenzuela,1948,1954,,
Honduras,91,HND,1953,J. Edgardo Valenzuela,1948,1954,,
Honduras,91,HND,1954,J. Edgardo Valenzuela,1948,1954,,
Honduras,91,HND,1954,Esteban Mendoza,1954,1956,,
Honduras,91,HND,1955,Esteban Mendoza,1954,1956,,
Honduras,91,HND,1956,Alejandro Alfaro Arriaga,1956,1957,,
Honduras,91,HND,1956,Esteban Mendoza,1954,1956,,
Honduras,91,HND,1957,Jorge Fidel Durón,1957,1957,,
Honduras,91,HND,1957,Andrés Alvarado Puerto,1957,1962,,
Honduras,91,HND,1957,Alejandro Alfaro Arriaga,1956,1957,,
Honduras,91,HND,1958,Andrés Alvarado Puerto,1957,1962,,
Honduras,91,HND,1959,Andrés Alvarado Puerto,1957,1962,,
Honduras,91,HND,1960,Andrés Alvarado Puerto,1957,1962,,
Honduras,91,HND,1961,Andrés Alvarado Puerto,1957,1962,,
Honduras,91,HND,1962,Roberto Perdomo Paredes,1962,1963,Q1478498,Roberto Perdomo Paredes
Honduras,91,HND,1962,Andrés Alvarado Puerto,1957,1962,,
Honduras,91,HND,1963,Jorge Fidel Durón,1963,1965,,
Honduras,91,HND,1963,Roberto Perdomo Paredes,1962,1963,Q1478498,Roberto Perdomo Paredes
Honduras,91,HND,1964,Jorge Fidel Durón,1963,1965,,
Honduras,91,HND,1965,Jorge Fidel Durón,1963,1965,,
Honduras,91,HND,1965,Tiburcio Carías Castillo,1965,1971,Q4551543,Tiburcio Carías Castillo
Honduras,91,HND,1965,José Ángel Ulloa Donaire,1965,1965,,
Honduras,91,HND,1966,Tiburcio Carías Castillo,1965,1971,Q4551543,Tiburcio Carías Castillo
Honduras,91,HND,1967,Tiburcio Carías Castillo,1965,1971,Q4551543,Tiburcio Carías Castillo
Honduras,91,HND,1968,Tiburcio Carías Castillo,1965,1971,Q4551543,Tiburcio Carías Castillo
Honduras,91,HND,1969,Tiburcio Carías Castillo,1965,1971,Q4551543,Tiburcio Carías Castillo
Honduras,91,HND,1970,Tiburcio Carías Castillo,1965,1971,Q4551543,Tiburcio Carías Castillo
Honduras,91,HND,1971,Andrés Alvarado Puerto,1971,1972,,
Honduras,91,HND,1971,Tiburcio Carías Castillo,1965,1971,Q4551543,Tiburcio Carías Castillo
Honduras,91,HND,1972,Andrés Alvarado Puerto,1971,1972,,
Honduras,91,HND,1972,César A. Batres,1972,1974,,
Honduras,91,HND,1973,César A. Batres,1972,1974,,
Honduras,91,HND,1974,Ricardo Pineda Milla,1974,1975,Q6108414,Ricardo Pineda Milla
Honduras,91,HND,1974,César A. Batres,1972,1974,,
Honduras,91,HND,1975,Virgilio Gálvez,1975,1976,,
Honduras,91,HND,1975,Ricardo Pineda Milla,1974,1975,Q6108414,Ricardo Pineda Milla
Honduras,91,HND,1976,Roberto Palma Gálvez,1976,1979,,
Honduras,91,HND,1976,Roberto Perdomo Paredes,1976,1976,Q1478498,Roberto Perdomo Paredes
Honduras,91,HND,1976,Virgilio Gálvez,1975,1976,,
Honduras,91,HND,1977,Roberto Palma Gálvez,1976,1979,,
Honduras,91,HND,1978,Roberto Palma Gálvez,1976,1979,,
Honduras,91,HND,1979,Eliseo Pérez Cadalso,1979,1980,,
Honduras,91,HND,1979,Roberto Palma Gálvez,1976,1979,,
Honduras,91,HND,1980,Eliseo Pérez Cadalso,1979,1980,,
Honduras,91,HND,1980,César Elvir Sierra,1980,1982,,
Honduras,91,HND,1981,César Elvir Sierra,1980,1982,,
Honduras,91,HND,1982,César Elvir Sierra,1980,1982,,
Honduras,91,HND,1982,Edgardo Paz Barnica,1982,1986,Q11856539,Edgardo Paz Barnica
Honduras,91,HND,1983,Edgardo Paz Barnica,1982,1986,Q11856539,Edgardo Paz Barnica
Honduras,91,HND,1984,Edgardo Paz Barnica,1982,1986,Q11856539,Edgardo Paz Barnica
Honduras,91,HND,1985,Edgardo Paz Barnica,1982,1986,Q11856539,Edgardo Paz Barnica
Honduras,91,HND,1986,Carlos López Contreras,1986,1990,Q1043023,Carlos López Contreras
Honduras,91,HND,1986,Edgardo Paz Barnica,1982,1986,Q11856539,Edgardo Paz Barnica
Honduras,91,HND,1987,Carlos López Contreras,1986,1990,Q1043023,Carlos López Contreras
Honduras,91,HND,1988,Carlos López Contreras,1986,1990,Q1043023,Carlos López Contreras
Honduras,91,HND,1989,Carlos López Contreras,1986,1990,Q1043023,Carlos López Contreras
Honduras,91,HND,1990,Carlos López Contreras,1986,1990,Q1043023,Carlos López Contreras
Honduras,91,HND,1990,Mario Carías Zapata,1990,1994,,
Honduras,91,HND,1991,Mario Carías Zapata,1990,1994,,
Honduras,91,HND,1992,Mario Carías Zapata,1990,1994,,
Honduras,91,HND,1993,Mario Carías Zapata,1990,1994,,
Honduras,91,HND,1994,Mario Carías Zapata,1990,1994,,
Honduras,91,HND,1994,Ernesto Paz Aguilar,1994,1995,,
Honduras,91,HND,1995,Delmer Urbizo Panting,1995,1998,,
Honduras,91,HND,1995,Ernesto Paz Aguilar,1994,1995,,
Honduras,91,HND,1996,Delmer Urbizo Panting,1995,1998,,
Honduras,91,HND,1997,Delmer Urbizo Panting,1995,1998,,
Honduras,91,HND,1998,Fernando Martínez Jiménez,1998,1999,,
Honduras,91,HND,1998,Delmer Urbizo Panting,1995,1998,,
Honduras,91,HND,1999,Fernando Martínez Jiménez,1998,1999,,
Honduras,91,HND,1999,Roberto Flores Bermúdez,1999,2002,Q16729025,Roberto Flores Bermúdez
Honduras,91,HND,2000,Roberto Flores Bermúdez,1999,2002,Q16729025,Roberto Flores Bermúdez
Honduras,91,HND,2001,Roberto Flores Bermúdez,1999,2002,Q16729025,Roberto Flores Bermúdez
Honduras,91,HND,2002,Guillermo Pérez Arias,2002,2003,,
Honduras,91,HND,2002,Roberto Flores Bermúdez,1999,2002,Q16729025,Roberto Flores Bermúdez
Honduras,91,HND,2003,Aníbal Quiñónez,2003,2003,,
Honduras,91,HND,2003,Leónidas Rosa Bautista,2003,2005,,
Honduras,91,HND,2003,Guillermo Pérez Arias,2002,2003,,
Honduras,91,HND,2004,Leónidas Rosa Bautista,2003,2005,,
Honduras,91,HND,2005,Leónidas Rosa Bautista,2003,2005,,
Honduras,91,HND,2005,Mario Fortín,2005,2006,,
Honduras,91,HND,2006,Milton Jiménez,2006,2008,Q1935907,Milton Jiménez
Honduras,91,HND,2006,Mario Fortín,2005,2006,,
Honduras,91,HND,2007,Milton Jiménez,2006,2008,Q1935907,Milton Jiménez
Honduras,91,HND,2008,Milton Jiménez,2006,2008,Q1935907,Milton Jiménez
Honduras,91,HND,2008,Ángel Edmundo Orellana,2008,2009,Q3577002,Ángel Edmundo Orellana
Honduras,91,HND,2009,Ángel Edmundo Orellana,2008,2009,Q3577002,Ángel Edmundo Orellana
Honduras,91,HND,2009,Patricia Isabel Rodas Baca,2009,2009,Q9056875,
Honduras,91,HND,2009,Enrique Ortez Colindres,2009,2009,Q443514,
Honduras,91,HND,2009,Carlos López Contreras,2009,2010,Q1043023,Carlos López Contreras
Honduras,91,HND,2010,Carlos López Contreras,2009,2010,Q1043023,Carlos López Contreras
Honduras,91,HND,2010,Mario Canahuati,2010,2011,Q11691071,Mario Canahuati
Honduras,91,HND,2011,Arturo Corrales,2011,2013,Q54848042,Arturo Corrales
Honduras,91,HND,2011,Mario Canahuati,2010,2011,Q11691071,Mario Canahuati
Honduras,91,HND,2011,Alden Rivera,2011,2011,,
Honduras,91,HND,2012,Arturo Corrales,2011,2013,Q54848042,Arturo Corrales
Honduras,91,HND,2013,Arturo Corrales,2011,2013,Q54848042,Arturo Corrales
Honduras,91,HND,2013,Mireya Agüero,2013,2015,Q22945571,Mireya Agüero
Honduras,91,HND,2014,Mireya Agüero,2013,2015,Q22945571,Mireya Agüero
Honduras,91,HND,2015,Arturo Corrales,2015,2016,Q54848042,Arturo Corrales
Honduras,91,HND,2015,Mireya Agüero,2013,2015,Q22945571,Mireya Agüero
Honduras,91,HND,2016,Arturo Corrales,2015,2016,Q54848042,Arturo Corrales
Honduras,91,HND,2016,María Dolores Agüero,2016,2019,Q29578471,
Honduras,91,HND,2017,María Dolores Agüero,2016,2019,Q29578471,
Honduras,91,HND,2018,María Dolores Agüero,2016,2019,Q29578471,
Honduras,91,HND,2019,María Dolores Agüero,2016,2019,Q29578471,
Hungary,310,HUN,1949,Gyula Kállai,1949,1951,Q1042495,Gyula Kállai
Hungary,310,HUN,1950,Gyula Kállai,1949,1951,Q1042495,Gyula Kállai
Hungary,310,HUN,1951,Gyula Kállai,1949,1951,Q1042495,Gyula Kállai
Hungary,310,HUN,1951,Károly Kiss,1951,1952,Q1111842,Károly Kiss
Hungary,310,HUN,1952,Erik Molnár,1952,1953,Q1178593,Erik Molnár
Hungary,310,HUN,1952,Károly Kiss,1951,1952,Q1111842,Károly Kiss
Hungary,310,HUN,1953,Erik Molnár,1952,1953,Q1178593,Erik Molnár
Hungary,310,HUN,1953,János Boldoczki,1953,1956,Q17123910,
Hungary,310,HUN,1954,János Boldoczki,1953,1956,Q17123910,
Hungary,310,HUN,1955,János Boldoczki,1953,1956,Q17123910,
Hungary,310,HUN,1956,Imre Horváth,1956,1958,Q6008311,Imre Horváth
Hungary,310,HUN,1956,Imre Horváth,1956,1956,Q6008311,Imre Horváth
Hungary,310,HUN,1956,János Boldoczki,1953,1956,Q17123910,
Hungary,310,HUN,1956,Imre Nagy,1956,1956,Q177917,Imre Nagy
Hungary,310,HUN,1957,Imre Horváth,1956,1958,Q6008311,Imre Horváth
Hungary,310,HUN,1958,Endre Sík,1958,1961,Q1315266,Endre Sík
Hungary,310,HUN,1958,Imre Horváth,1956,1958,Q6008311,Imre Horváth
Hungary,310,HUN,1959,Endre Sík,1958,1961,Q1315266,Endre Sík
Hungary,310,HUN,1960,Endre Sík,1958,1961,Q1315266,Endre Sík
Hungary,310,HUN,1961,Endre Sík,1958,1961,Q1315266,Endre Sík
Hungary,310,HUN,1961,János Péter,1961,1973,Q6319804,János Péter
Hungary,310,HUN,1962,János Péter,1961,1973,Q6319804,János Péter
Hungary,310,HUN,1963,János Péter,1961,1973,Q6319804,János Péter
Hungary,310,HUN,1964,János Péter,1961,1973,Q6319804,János Péter
Hungary,310,HUN,1965,János Péter,1961,1973,Q6319804,János Péter
Hungary,310,HUN,1966,János Péter,1961,1973,Q6319804,János Péter
Hungary,310,HUN,1967,János Péter,1961,1973,Q6319804,János Péter
Hungary,310,HUN,1968,János Péter,1961,1973,Q6319804,János Péter
Hungary,310,HUN,1969,János Péter,1961,1973,Q6319804,János Péter
Hungary,310,HUN,1970,János Péter,1961,1973,Q6319804,János Péter
Hungary,310,HUN,1971,János Péter,1961,1973,Q6319804,János Péter
Hungary,310,HUN,1972,János Péter,1961,1973,Q6319804,János Péter
Hungary,310,HUN,1973,Frigyes Puja,1973,1983,Q1241512,Frigyes Puja
Hungary,310,HUN,1973,János Péter,1961,1973,Q6319804,János Péter
Hungary,310,HUN,1974,Frigyes Puja,1973,1983,Q1241512,Frigyes Puja
Hungary,310,HUN,1975,Frigyes Puja,1973,1983,Q1241512,Frigyes Puja
Hungary,310,HUN,1976,Frigyes Puja,1973,1983,Q1241512,Frigyes Puja
Hungary,310,HUN,1977,Frigyes Puja,1973,1983,Q1241512,Frigyes Puja
Hungary,310,HUN,1978,Frigyes Puja,1973,1983,Q1241512,Frigyes Puja
Hungary,310,HUN,1979,Frigyes Puja,1973,1983,Q1241512,Frigyes Puja
Hungary,310,HUN,1980,Frigyes Puja,1973,1983,Q1241512,Frigyes Puja
Hungary,310,HUN,1981,Frigyes Puja,1973,1983,Q1241512,Frigyes Puja
Hungary,310,HUN,1982,Frigyes Puja,1973,1983,Q1241512,Frigyes Puja
Hungary,310,HUN,1983,Frigyes Puja,1973,1983,Q1241512,Frigyes Puja
Hungary,310,HUN,1983,Péter Várkonyi,1983,1989,Q596225,Péter Várkonyi
Hungary,310,HUN,1984,Péter Várkonyi,1983,1989,Q596225,Péter Várkonyi
Hungary,310,HUN,1985,Péter Várkonyi,1983,1989,Q596225,Péter Várkonyi
Hungary,310,HUN,1986,Péter Várkonyi,1983,1989,Q596225,Péter Várkonyi
Hungary,310,HUN,1987,Péter Várkonyi,1983,1989,Q596225,Péter Várkonyi
Hungary,310,HUN,1988,Péter Várkonyi,1983,1989,Q596225,Péter Várkonyi
Hungary,310,HUN,1989,Gyula Horn,1989,1990,Q155684,Gyula Horn
Hungary,310,HUN,1989,Péter Várkonyi,1983,1989,Q596225,Péter Várkonyi
Hungary,310,HUN,1990,Géza Jeszenszky,1990,1994,Q837814,Géza Jeszenszky
Hungary,310,HUN,1990,Gyula Horn,1989,1990,Q155684,Gyula Horn
Hungary,310,HUN,1991,Géza Jeszenszky,1990,1994,Q837814,Géza Jeszenszky
Hungary,310,HUN,1992,Géza Jeszenszky,1990,1994,Q837814,Géza Jeszenszky
Hungary,310,HUN,1993,Géza Jeszenszky,1990,1994,Q837814,Géza Jeszenszky
Hungary,310,HUN,1994,Géza Jeszenszky,1990,1994,Q837814,Géza Jeszenszky
Hungary,310,HUN,1994,László Kovács,1994,1998,Q345634,László Kovács
Hungary,310,HUN,1995,László Kovács,1994,1998,Q345634,László Kovács
Hungary,310,HUN,1996,László Kovács,1994,1998,Q345634,László Kovács
Hungary,310,HUN,1997,László Kovács,1994,1998,Q345634,László Kovács
Hungary,310,HUN,1998,László Kovács,1994,1998,Q345634,László Kovács
Hungary,310,HUN,1998,János Martonyi,1998,2002,Q58190,János Martonyi
Hungary,310,HUN,1999,János Martonyi,1998,2002,Q58190,János Martonyi
Hungary,310,HUN,2000,János Martonyi,1998,2002,Q58190,János Martonyi
Hungary,310,HUN,2001,János Martonyi,1998,2002,Q58190,János Martonyi
Hungary,310,HUN,2002,János Martonyi,1998,2002,Q58190,János Martonyi
Hungary,310,HUN,2002,László Kovács,2002,2004,Q345634,László Kovács
Hungary,310,HUN,2003,László Kovács,2002,2004,Q345634,László Kovács
Hungary,310,HUN,2004,Ferenc Somogyi,2004,2006,Q719381,Ferenc Somogyi
Hungary,310,HUN,2004,László Kovács,2002,2004,Q345634,László Kovács
Hungary,310,HUN,2005,Ferenc Somogyi,2004,2006,Q719381,Ferenc Somogyi
Hungary,310,HUN,2006,Ferenc Somogyi,2004,2006,Q719381,Ferenc Somogyi
Hungary,310,HUN,2006,Kinga Göncz,2006,2009,Q266208,Kinga Göncz
Hungary,310,HUN,2007,Kinga Göncz,2006,2009,Q266208,Kinga Göncz
Hungary,310,HUN,2008,Kinga Göncz,2006,2009,Q266208,Kinga Göncz
Hungary,310,HUN,2009,Péter Balázs,2009,2010,Q550142,Péter Balázs
Hungary,310,HUN,2009,Kinga Göncz,2006,2009,Q266208,Kinga Göncz
Hungary,310,HUN,2010,Péter Balázs,2009,2010,Q550142,Péter Balázs
Hungary,310,HUN,2010,János Martonyi,2010,2014,Q58190,János Martonyi
Hungary,310,HUN,2011,János Martonyi,2010,2014,Q58190,János Martonyi
Hungary,310,HUN,2012,János Martonyi,2010,2014,Q58190,János Martonyi
Hungary,310,HUN,2013,János Martonyi,2010,2014,Q58190,János Martonyi
Hungary,310,HUN,2014,Péter Szijjártó,2014,2019,Q685293,Péter Szijjártó
Hungary,310,HUN,2014,Tibor Navracsics,2014,2014,Q832221,Tibor Navracsics
Hungary,310,HUN,2014,János Martonyi,2010,2014,Q58190,János Martonyi
Hungary,310,HUN,2015,Péter Szijjártó,2014,2019,Q685293,Péter Szijjártó
Hungary,310,HUN,2016,Péter Szijjártó,2014,2019,Q685293,Péter Szijjártó
Hungary,310,HUN,2017,Péter Szijjártó,2014,2019,Q685293,Péter Szijjártó
Hungary,310,HUN,2018,Péter Szijjártó,2014,2019,Q685293,Péter Szijjártó
Hungary,310,HUN,2019,Péter Szijjártó,2014,2019,Q685293,Péter Szijjártó
Iceland,395,ISL,1947,Bjarni Benediktsson,1947,1953,Q561818,Bjarni Benediktsson
Iceland,395,ISL,1948,Bjarni Benediktsson,1947,1953,Q561818,Bjarni Benediktsson
Iceland,395,ISL,1949,Bjarni Benediktsson,1947,1953,Q561818,Bjarni Benediktsson
Iceland,395,ISL,1950,Bjarni Benediktsson,1947,1953,Q561818,Bjarni Benediktsson
Iceland,395,ISL,1951,Bjarni Benediktsson,1947,1953,Q561818,Bjarni Benediktsson
Iceland,395,ISL,1952,Bjarni Benediktsson,1947,1953,Q561818,Bjarni Benediktsson
Iceland,395,ISL,1953,Bjarni Benediktsson,1947,1953,Q561818,Bjarni Benediktsson
Iceland,395,ISL,1953,Kristinn Gudmundsson,1953,1956,Q21597658,
Iceland,395,ISL,1954,Kristinn Gudmundsson,1953,1956,Q21597658,
Iceland,395,ISL,1955,Kristinn Gudmundsson,1953,1956,Q21597658,
Iceland,395,ISL,1956,Emil Jónsson,1956,1956,Q631523,Emil Jónsson
Iceland,395,ISL,1956,Kristinn Gudmundsson,1953,1956,Q21597658,
Iceland,395,ISL,1956,Gudmundur Í. Gudmundsson,1956,1956,Q5623181,
Iceland,395,ISL,1956,Gudmundur Í. Gudmundsson,1956,1965,Q5623181,
Iceland,395,ISL,1957,Gudmundur Í. Gudmundsson,1956,1965,Q5623181,
Iceland,395,ISL,1958,Gudmundur Í. Gudmundsson,1956,1965,Q5623181,
Iceland,395,ISL,1959,Gudmundur Í. Gudmundsson,1956,1965,Q5623181,
Iceland,395,ISL,1960,Gudmundur Í. Gudmundsson,1956,1965,Q5623181,
Iceland,395,ISL,1961,Gudmundur Í. Gudmundsson,1956,1965,Q5623181,
Iceland,395,ISL,1962,Gudmundur Í. Gudmundsson,1956,1965,Q5623181,
Iceland,395,ISL,1963,Gudmundur Í. Gudmundsson,1956,1965,Q5623181,
Iceland,395,ISL,1964,Gudmundur Í. Gudmundsson,1956,1965,Q5623181,
Iceland,395,ISL,1965,Emil Jónsson,1965,1971,Q631523,Emil Jónsson
Iceland,395,ISL,1965,Gudmundur Í. Gudmundsson,1956,1965,Q5623181,
Iceland,395,ISL,1966,Emil Jónsson,1965,1971,Q631523,Emil Jónsson
Iceland,395,ISL,1967,Emil Jónsson,1965,1971,Q631523,Emil Jónsson
Iceland,395,ISL,1968,Emil Jónsson,1965,1971,Q631523,Emil Jónsson
Iceland,395,ISL,1969,Emil Jónsson,1965,1971,Q631523,Emil Jónsson
Iceland,395,ISL,1970,Emil Jónsson,1965,1971,Q631523,Emil Jónsson
Iceland,395,ISL,1971,Einar Ágústsson,1971,1978,Q4530056,Einar Ágústsson
Iceland,395,ISL,1971,Emil Jónsson,1965,1971,Q631523,Emil Jónsson
Iceland,395,ISL,1972,Einar Ágústsson,1971,1978,Q4530056,Einar Ágústsson
Iceland,395,ISL,1973,Einar Ágústsson,1971,1978,Q4530056,Einar Ágústsson
Iceland,395,ISL,1974,Einar Ágústsson,1971,1978,Q4530056,Einar Ágústsson
Iceland,395,ISL,1975,Einar Ágústsson,1971,1978,Q4530056,Einar Ágústsson
Iceland,395,ISL,1976,Einar Ágústsson,1971,1978,Q4530056,Einar Ágústsson
Iceland,395,ISL,1977,Einar Ágústsson,1971,1978,Q4530056,Einar Ágústsson
Iceland,395,ISL,1978,Benedikt Gröndal,1978,1980,Q712686,
Iceland,395,ISL,1978,Einar Ágústsson,1971,1978,Q4530056,Einar Ágústsson
Iceland,395,ISL,1979,Benedikt Gröndal,1978,1980,Q712686,
Iceland,395,ISL,1980,Benedikt Gröndal,1978,1980,Q712686,
Iceland,395,ISL,1980,Ólafur Jóhannesson,1980,1983,Q292994,Ólafur Jóhannesson
Iceland,395,ISL,1981,Ólafur Jóhannesson,1980,1983,Q292994,Ólafur Jóhannesson
Iceland,395,ISL,1982,Ólafur Jóhannesson,1980,1983,Q292994,Ólafur Jóhannesson
Iceland,395,ISL,1983,Ólafur Jóhannesson,1980,1983,Q292994,Ólafur Jóhannesson
Iceland,395,ISL,1983,Geir Hallgrímsson,1983,1986,Q962090,Geir Hallgrímsson
Iceland,395,ISL,1984,Geir Hallgrímsson,1983,1986,Q962090,Geir Hallgrímsson
Iceland,395,ISL,1985,Geir Hallgrímsson,1983,1986,Q962090,Geir Hallgrímsson
Iceland,395,ISL,1986,Geir Hallgrímsson,1983,1986,Q962090,Geir Hallgrímsson
Iceland,395,ISL,1986,Matthías Á. Mathiesen,1986,1987,Q3480662,Matthías Á. Mathiesen
Iceland,395,ISL,1987,Steingrímur Hermannsson,1987,1988,Q358173,Steingrímur Hermannsson
Iceland,395,ISL,1987,Matthías Á. Mathiesen,1986,1987,Q3480662,Matthías Á. Mathiesen
Iceland,395,ISL,1988,Steingrímur Hermannsson,1987,1988,Q358173,Steingrímur Hermannsson
Iceland,395,ISL,1988,Jón Baldvin Hannibalsson,1988,1995,Q1715045,Jón Baldvin Hannibalsson
Iceland,395,ISL,1989,Jón Baldvin Hannibalsson,1988,1995,Q1715045,Jón Baldvin Hannibalsson
Iceland,395,ISL,1990,Jón Baldvin Hannibalsson,1988,1995,Q1715045,Jón Baldvin Hannibalsson
Iceland,395,ISL,1991,Jón Baldvin Hannibalsson,1988,1995,Q1715045,Jón Baldvin Hannibalsson
Iceland,395,ISL,1992,Jón Baldvin Hannibalsson,1988,1995,Q1715045,Jón Baldvin Hannibalsson
Iceland,395,ISL,1993,Jón Baldvin Hannibalsson,1988,1995,Q1715045,Jón Baldvin Hannibalsson
Iceland,395,ISL,1994,Jón Baldvin Hannibalsson,1988,1995,Q1715045,Jón Baldvin Hannibalsson
Iceland,395,ISL,1995,Jón Baldvin Hannibalsson,1988,1995,Q1715045,Jón Baldvin Hannibalsson
Iceland,395,ISL,1995,Halldór Ásgrímsson,1995,2004,Q208879,Halldór Ásgrímsson
Iceland,395,ISL,1996,Halldór Ásgrímsson,1995,2004,Q208879,Halldór Ásgrímsson
Iceland,395,ISL,1997,Halldór Ásgrímsson,1995,2004,Q208879,Halldór Ásgrímsson
Iceland,395,ISL,1998,Halldór Ásgrímsson,1995,2004,Q208879,Halldór Ásgrímsson
Iceland,395,ISL,1999,Halldór Ásgrímsson,1995,2004,Q208879,Halldór Ásgrímsson
Iceland,395,ISL,2000,Halldór Ásgrímsson,1995,2004,Q208879,Halldór Ásgrímsson
Iceland,395,ISL,2001,Halldór Ásgrímsson,1995,2004,Q208879,Halldór Ásgrímsson
Iceland,395,ISL,2002,Halldór Ásgrímsson,1995,2004,Q208879,Halldór Ásgrímsson
Iceland,395,ISL,2003,Halldór Ásgrímsson,1995,2004,Q208879,Halldór Ásgrímsson
Iceland,395,ISL,2004,Davíd Oddsson,2004,2005,Q298030,Davíd Oddsson
Iceland,395,ISL,2004,Halldór Ásgrímsson,1995,2004,Q208879,Halldór Ásgrímsson
Iceland,395,ISL,2005,Davíd Oddsson,2004,2005,Q298030,Davíd Oddsson
Iceland,395,ISL,2005,Geir H. Haarde,2005,2006,Q202032,Geir H. Haarde
Iceland,395,ISL,2006,Geir H. Haarde,2005,2006,Q202032,Geir H. Haarde
Iceland,395,ISL,2006,Valgerdur Sverrisdóttir,2006,2007,Q467509,Valgerdur Sverrisdóttir
Iceland,395,ISL,2007,Ingibjörg Sólrún Gísladóttir,2007,2009,Q262299,Ingibjörg Sólrún Gísladóttir
Iceland,395,ISL,2007,Valgerdur Sverrisdóttir,2006,2007,Q467509,Valgerdur Sverrisdóttir
Iceland,395,ISL,2008,Ingibjörg Sólrún Gísladóttir,2007,2009,Q262299,Ingibjörg Sólrún Gísladóttir
Iceland,395,ISL,2009,Ingibjörg Sólrún Gísladóttir,2007,2009,Q262299,Ingibjörg Sólrún Gísladóttir
Iceland,395,ISL,2009,Össur Skarphédinsson,2009,2013,Q58123,Össur Skarphédinsson
Iceland,395,ISL,2010,Össur Skarphédinsson,2009,2013,Q58123,Össur Skarphédinsson
Iceland,395,ISL,2011,Össur Skarphédinsson,2009,2013,Q58123,Össur Skarphédinsson
Iceland,395,ISL,2012,Össur Skarphédinsson,2009,2013,Q58123,Össur Skarphédinsson
Iceland,395,ISL,2013,Össur Skarphédinsson,2009,2013,Q58123,Össur Skarphédinsson
Iceland,395,ISL,2013,Gunnar Bragi Sveinsson,2013,2016,Q5618945,Gunnar Bragi Sveinsson
Iceland,395,ISL,2014,Gunnar Bragi Sveinsson,2013,2016,Q5618945,Gunnar Bragi Sveinsson
Iceland,395,ISL,2015,Gunnar Bragi Sveinsson,2013,2016,Q5618945,Gunnar Bragi Sveinsson
Iceland,395,ISL,2016,Gunnar Bragi Sveinsson,2013,2016,Q5618945,Gunnar Bragi Sveinsson
Iceland,395,ISL,2016,Lilja Dögg Alfredsdóttir,2016,2017,Q23753778,Lilja Dögg Alfredsdóttir
Iceland,395,ISL,2017,Lilja Dögg Alfredsdóttir,2016,2017,Q23753778,Lilja Dögg Alfredsdóttir
Iceland,395,ISL,2017,Gudlaugur Thór Thórdarson,2017,2019,Q1557735,Gudlaugur Thór Thórdarson
Iceland,395,ISL,2018,Gudlaugur Thór Thórdarson,2017,2019,Q1557735,Gudlaugur Thór Thórdarson
Iceland,395,ISL,2019,Gudlaugur Thór Thórdarson,2017,2019,Q1557735,Gudlaugur Thór Thórdarson
India,750,IND,1947,Jawaharlal Nehru,1947,1964,Q1047,Jawaharlal Nehru
India,750,IND,1948,Jawaharlal Nehru,1947,1964,Q1047,Jawaharlal Nehru
India,750,IND,1949,Jawaharlal Nehru,1947,1964,Q1047,Jawaharlal Nehru
India,750,IND,1950,Jawaharlal Nehru,1947,1964,Q1047,Jawaharlal Nehru
India,750,IND,1951,Jawaharlal Nehru,1947,1964,Q1047,Jawaharlal Nehru
India,750,IND,1952,Jawaharlal Nehru,1947,1964,Q1047,Jawaharlal Nehru
India,750,IND,1953,Jawaharlal Nehru,1947,1964,Q1047,Jawaharlal Nehru
India,750,IND,1954,Jawaharlal Nehru,1947,1964,Q1047,Jawaharlal Nehru
India,750,IND,1955,Jawaharlal Nehru,1947,1964,Q1047,Jawaharlal Nehru
India,750,IND,1956,Jawaharlal Nehru,1947,1964,Q1047,Jawaharlal Nehru
India,750,IND,1957,Jawaharlal Nehru,1947,1964,Q1047,Jawaharlal Nehru
India,750,IND,1958,Jawaharlal Nehru,1947,1964,Q1047,Jawaharlal Nehru
India,750,IND,1959,Jawaharlal Nehru,1947,1964,Q1047,Jawaharlal Nehru
India,750,IND,1960,Jawaharlal Nehru,1947,1964,Q1047,Jawaharlal Nehru
India,750,IND,1961,Jawaharlal Nehru,1947,1964,Q1047,Jawaharlal Nehru
India,750,IND,1962,Jawaharlal Nehru,1947,1964,Q1047,Jawaharlal Nehru
India,750,IND,1963,Jawaharlal Nehru,1947,1964,Q1047,Jawaharlal Nehru
India,750,IND,1964,Sardar Swaran Singh,1964,1966,Q1034290,
India,750,IND,1964,Lal Bahadur Shastri,1964,1964,Q244689,Lal Bahadur Shastri
India,750,IND,1964,Gulzarilal Nanda,1964,1964,Q317769,Gulzarilal Nanda
India,750,IND,1964,Jawaharlal Nehru,1947,1964,Q1047,Jawaharlal Nehru
India,750,IND,1965,Sardar Swaran Singh,1964,1966,Q1034290,
India,750,IND,1966,Mahomedali Currim Chagla,1966,1967,Q3634250,
India,750,IND,1966,Sardar Swaran Singh,1964,1966,Q1034290,
India,750,IND,1967,Indira Gandhi,1967,1969,Q1149,Indira Gandhi
India,750,IND,1967,Mahomedali Currim Chagla,1966,1967,Q3634250,
India,750,IND,1968,Indira Gandhi,1967,1969,Q1149,Indira Gandhi
India,750,IND,1969,Indira Gandhi,1967,1969,Q1149,Indira Gandhi
India,750,IND,1969,Dinesh Singh,1969,1970,Q5278104,Dinesh Singh
India,750,IND,1970,Dinesh Singh,1969,1970,Q5278104,Dinesh Singh
India,750,IND,1970,Sardar Swaran Singh,1970,1974,Q1034290,
India,750,IND,1971,Sardar Swaran Singh,1970,1974,Q1034290,
India,750,IND,1972,Sardar Swaran Singh,1970,1974,Q1034290,
India,750,IND,1973,Sardar Swaran Singh,1970,1974,Q1034290,
India,750,IND,1974,Yashwantrao Balwantrao Chavan,1974,1977,Q1764541,
India,750,IND,1974,Sardar Swaran Singh,1970,1974,Q1034290,
India,750,IND,1975,Yashwantrao Balwantrao Chavan,1974,1977,Q1764541,
India,750,IND,1976,Yashwantrao Balwantrao Chavan,1974,1977,Q1764541,
India,750,IND,1977,Atal Bihari Vajpayee,1977,1979,Q233289,Atal Bihari Vajpayee
India,750,IND,1977,Yashwantrao Balwantrao Chavan,1974,1977,Q1764541,
India,750,IND,1978,Atal Bihari Vajpayee,1977,1979,Q233289,Atal Bihari Vajpayee
India,750,IND,1979,Atal Bihari Vajpayee,1977,1979,Q233289,Atal Bihari Vajpayee
India,750,IND,1979,Shyam Nandan Mishra,1979,1980,Q288528,
India,750,IND,1980,P.V. Narasimha Rao,1980,1984,Q275146,
India,750,IND,1980,Shyam Nandan Mishra,1979,1980,Q288528,
India,750,IND,1981,P.V. Narasimha Rao,1980,1984,Q275146,
India,750,IND,1982,P.V. Narasimha Rao,1980,1984,Q275146,
India,750,IND,1983,P.V. Narasimha Rao,1980,1984,Q275146,
India,750,IND,1984,P.V. Narasimha Rao,1980,1984,Q275146,
India,750,IND,1984,Rajiv Gandhi,1984,1985,Q4593,Rajiv Gandhi
India,750,IND,1984,Indira Gandhi,1984,1984,Q1149,Indira Gandhi
India,750,IND,1985,Rajiv Gandhi,1984,1985,Q4593,Rajiv Gandhi
India,750,IND,1985,Bali Ram Bhagat,1985,1986,Q2604943,Bali Ram Bhagat
India,750,IND,1986,Bali Ram Bhagat,1985,1986,Q2604943,Bali Ram Bhagat
India,750,IND,1986,P. Shiv Shanker,1986,1986,Q7117543,
India,750,IND,1986,Narain Dutt Tiwari,1986,1987,Q3520007,
India,750,IND,1987,Narain Dutt Tiwari,1986,1987,Q3520007,
India,750,IND,1987,Rajiv Gandhi,1987,1988,Q4593,Rajiv Gandhi
India,750,IND,1988,P.V. Narasimha Rao,1988,1989,Q275146,
India,750,IND,1988,Rajiv Gandhi,1987,1988,Q4593,Rajiv Gandhi
India,750,IND,1989,Inder Kumar Gujral,1989,1990,Q248484,Inder Kumar Gujral
India,750,IND,1989,P.V. Narasimha Rao,1988,1989,Q275146,
India,750,IND,1990,Inder Kumar Gujral,1989,1990,Q248484,Inder Kumar Gujral
India,750,IND,1990,Vidya Charan Shukla,1990,1991,Q7928167,Vidya Charan Shukla
India,750,IND,1991,Vidya Charan Shukla,1990,1991,Q7928167,Vidya Charan Shukla
India,750,IND,1991,Madhavsinh Solanki,1991,1992,Q6727271,
India,750,IND,1992,P.V. Narasimha Rao,1992,1993,Q275146,
India,750,IND,1992,Madhavsinh Solanki,1991,1992,Q6727271,
India,750,IND,1993,P.V. Narasimha Rao,1992,1993,Q275146,
India,750,IND,1993,Dinesh Singh,1993,1995,Q5278104,Dinesh Singh
India,750,IND,1994,Dinesh Singh,1993,1995,Q5278104,Dinesh Singh
India,750,IND,1995,Pranab Mukherjee,1995,1996,Q57446,Pranab Mukherjee
India,750,IND,1995,Dinesh Singh,1993,1995,Q5278104,Dinesh Singh
India,750,IND,1996,Sikander Bakht,1996,1996,Q3629904,Sikander Bakht
India,750,IND,1996,Pranab Mukherjee,1995,1996,Q57446,Pranab Mukherjee
India,750,IND,1996,Inder Kumar Gujral,1996,1998,Q248484,Inder Kumar Gujral
India,750,IND,1996,Atal Bihari Vajpayee,1996,1996,Q233289,Atal Bihari Vajpayee
India,750,IND,1997,Inder Kumar Gujral,1996,1998,Q248484,Inder Kumar Gujral
India,750,IND,1998,Atal Bihari Vajpayee,1998,1998,Q233289,Atal Bihari Vajpayee
India,750,IND,1998,Jaswant Singh,1998,2002,Q3518489,Jaswant Singh
India,750,IND,1998,Inder Kumar Gujral,1996,1998,Q248484,Inder Kumar Gujral
India,750,IND,1999,Jaswant Singh,1998,2002,Q3518489,Jaswant Singh
India,750,IND,2000,Jaswant Singh,1998,2002,Q3518489,Jaswant Singh
India,750,IND,2001,Jaswant Singh,1998,2002,Q3518489,Jaswant Singh
India,750,IND,2002,Yashwant Sinha,2002,2004,Q2723759,Yashwant Sinha
India,750,IND,2002,Jaswant Singh,1998,2002,Q3518489,Jaswant Singh
India,750,IND,2003,Yashwant Sinha,2002,2004,Q2723759,Yashwant Sinha
India,750,IND,2004,Yashwant Sinha,2002,2004,Q2723759,Yashwant Sinha
India,750,IND,2004,K. Natwar Singh,2004,2005,Q1285090,K. Natwar Singh
India,750,IND,2005,K. Natwar Singh,2004,2005,Q1285090,K. Natwar Singh
India,750,IND,2005,Manmohan Singh,2005,2006,Q41914,Manmohan Singh
India,750,IND,2006,Manmohan Singh,2005,2006,Q41914,Manmohan Singh
India,750,IND,2006,Pranab Mukherjee,2006,2009,Q57446,Pranab Mukherjee
India,750,IND,2007,Pranab Mukherjee,2006,2009,Q57446,Pranab Mukherjee
India,750,IND,2008,Pranab Mukherjee,2006,2009,Q57446,Pranab Mukherjee
India,750,IND,2009,Pranab Mukherjee,2006,2009,Q57446,Pranab Mukherjee
India,750,IND,2009,S.M. Krishna,2009,2012,Q58292,
India,750,IND,2010,S.M. Krishna,2009,2012,Q58292,
India,750,IND,2011,S.M. Krishna,2009,2012,Q58292,
India,750,IND,2012,S.M. Krishna,2009,2012,Q58292,
India,750,IND,2012,Salman Khurshid,2012,2014,Q313515,Salman Khurshid
India,750,IND,2013,Salman Khurshid,2012,2014,Q313515,Salman Khurshid
India,750,IND,2014,Salman Khurshid,2012,2014,Q313515,Salman Khurshid
India,750,IND,2014,Sushma Swaraj,2014,2019,Q1652493,Sushma Swaraj
India,750,IND,2015,Sushma Swaraj,2014,2019,Q1652493,Sushma Swaraj
India,750,IND,2016,Sushma Swaraj,2014,2019,Q1652493,Sushma Swaraj
India,750,IND,2017,Sushma Swaraj,2014,2019,Q1652493,Sushma Swaraj
India,750,IND,2018,Sushma Swaraj,2014,2019,Q1652493,Sushma Swaraj
India,750,IND,2019,Sushma Swaraj,2014,2019,Q1652493,Sushma Swaraj
Indonesia,850,IDN,1949,Mohammad Hatta,1949,1950,Q29050,Mohammad Hatta
Indonesia,850,IDN,1950,Mohammad Hatta,1949,1950,Q29050,Mohammad Hatta
Indonesia,850,IDN,1950,Mohammad Roem,1950,1951,Q2746664,Mohammad Roem
Indonesia,850,IDN,1951,Mohammad Roem,1950,1951,Q2746664,Mohammad Roem
Indonesia,850,IDN,1951,Ahmad Soebardjo,1951,1952,Q4250968,
Indonesia,850,IDN,1952,Ahmad Soebardjo,1951,1952,Q4250968,
Indonesia,850,IDN,1952,Mukarto Notowidigdo,1952,1953,Q12498729,
Indonesia,850,IDN,1953,Sunario,1953,1955,Q4446092,
Indonesia,850,IDN,1953,Mukarto Notowidigdo,1952,1953,Q12498729,
Indonesia,850,IDN,1954,Sunario,1953,1955,Q4446092,
Indonesia,850,IDN,1955,Ide Anak Agung Gde Agung,1955,1956,Q981536,Ide Anak Agung Gde Agung
Indonesia,850,IDN,1955,Sunario,1953,1955,Q4446092,
Indonesia,850,IDN,1956,Roeslan Abdulgani,1956,1957,Q967941,
Indonesia,850,IDN,1956,Ide Anak Agung Gde Agung,1955,1956,Q981536,Ide Anak Agung Gde Agung
Indonesia,850,IDN,1957,Roeslan Abdulgani,1956,1957,Q967941,
Indonesia,850,IDN,1957,Subandrio,1957,1966,Q1306699,Subandrio
Indonesia,850,IDN,1958,Subandrio,1957,1966,Q1306699,Subandrio
Indonesia,850,IDN,1958,Maludin Simbolon,1958,1961,Q56007580,
Indonesia,850,IDN,1959,Maludin Simbolon,1958,1961,Q56007580,
Indonesia,850,IDN,1959,Subandrio,1957,1966,Q1306699,Subandrio
Indonesia,850,IDN,1960,Maludin Simbolon,1958,1961,Q56007580,
Indonesia,850,IDN,1960,Subandrio,1957,1966,Q1306699,Subandrio
Indonesia,850,IDN,1961,Maludin Simbolon,1958,1961,Q56007580,
Indonesia,850,IDN,1961,Subandrio,1957,1966,Q1306699,Subandrio
Indonesia,850,IDN,1962,Subandrio,1957,1966,Q1306699,Subandrio
Indonesia,850,IDN,1963,Subandrio,1957,1966,Q1306699,Subandrio
Indonesia,850,IDN,1964,Subandrio,1957,1966,Q1306699,Subandrio
Indonesia,850,IDN,1965,Subandrio,1957,1966,Q1306699,Subandrio
Indonesia,850,IDN,1966,Subandrio,1957,1966,Q1306699,Subandrio
Indonesia,850,IDN,1966,Adam Malik,1966,1977,Q76297,Adam Malik
Indonesia,850,IDN,1967,Adam Malik,1966,1977,Q76297,Adam Malik
Indonesia,850,IDN,1968,Adam Malik,1966,1977,Q76297,Adam Malik
Indonesia,850,IDN,1969,Adam Malik,1966,1977,Q76297,Adam Malik
Indonesia,850,IDN,1970,Adam Malik,1966,1977,Q76297,Adam Malik
Indonesia,850,IDN,1971,Adam Malik,1966,1977,Q76297,Adam Malik
Indonesia,850,IDN,1972,Adam Malik,1966,1977,Q76297,Adam Malik
Indonesia,850,IDN,1973,Adam Malik,1966,1977,Q76297,Adam Malik
Indonesia,850,IDN,1974,Adam Malik,1966,1977,Q76297,Adam Malik
Indonesia,850,IDN,1975,Adam Malik,1966,1977,Q76297,Adam Malik
Indonesia,850,IDN,1976,Adam Malik,1966,1977,Q76297,Adam Malik
Indonesia,850,IDN,1977,Mochtar Kusumaatmadja,1977,1988,Q4200159,Mochtar Kusumaatmadja
Indonesia,850,IDN,1977,Syarif Thayeb,1977,1977,Q17411574,
Indonesia,850,IDN,1977,Adam Malik,1966,1977,Q76297,Adam Malik
Indonesia,850,IDN,1978,Mochtar Kusumaatmadja,1977,1988,Q4200159,Mochtar Kusumaatmadja
Indonesia,850,IDN,1979,Mochtar Kusumaatmadja,1977,1988,Q4200159,Mochtar Kusumaatmadja
Indonesia,850,IDN,1980,Mochtar Kusumaatmadja,1977,1988,Q4200159,Mochtar Kusumaatmadja
Indonesia,850,IDN,1981,Mochtar Kusumaatmadja,1977,1988,Q4200159,Mochtar Kusumaatmadja
Indonesia,850,IDN,1982,Mochtar Kusumaatmadja,1977,1988,Q4200159,Mochtar Kusumaatmadja
Indonesia,850,IDN,1983,Mochtar Kusumaatmadja,1977,1988,Q4200159,Mochtar Kusumaatmadja
Indonesia,850,IDN,1984,Mochtar Kusumaatmadja,1977,1988,Q4200159,Mochtar Kusumaatmadja
Indonesia,850,IDN,1985,Mochtar Kusumaatmadja,1977,1988,Q4200159,Mochtar Kusumaatmadja
Indonesia,850,IDN,1986,Mochtar Kusumaatmadja,1977,1988,Q4200159,Mochtar Kusumaatmadja
Indonesia,850,IDN,1987,Mochtar Kusumaatmadja,1977,1988,Q4200159,Mochtar Kusumaatmadja
Indonesia,850,IDN,1988,Mochtar Kusumaatmadja,1977,1988,Q4200159,Mochtar Kusumaatmadja
Indonesia,850,IDN,1988,Ali Alatas,1988,1999,Q957483,Ali Alatas
Indonesia,850,IDN,1989,Ali Alatas,1988,1999,Q957483,Ali Alatas
Indonesia,850,IDN,1990,Ali Alatas,1988,1999,Q957483,Ali Alatas
Indonesia,850,IDN,1991,Ali Alatas,1988,1999,Q957483,Ali Alatas
Indonesia,850,IDN,1992,Ali Alatas,1988,1999,Q957483,Ali Alatas
Indonesia,850,IDN,1993,Ali Alatas,1988,1999,Q957483,Ali Alatas
Indonesia,850,IDN,1994,Ali Alatas,1988,1999,Q957483,Ali Alatas
Indonesia,850,IDN,1995,Ali Alatas,1988,1999,Q957483,Ali Alatas
Indonesia,850,IDN,1996,Ali Alatas,1988,1999,Q957483,Ali Alatas
Indonesia,850,IDN,1997,Ali Alatas,1988,1999,Q957483,Ali Alatas
Indonesia,850,IDN,1998,Ali Alatas,1988,1999,Q957483,Ali Alatas
Indonesia,850,IDN,1999,Alwi Shihab,1999,2001,Q2840640,Alwi Shihab
Indonesia,850,IDN,1999,Ali Alatas,1988,1999,Q957483,Ali Alatas
Indonesia,850,IDN,2000,Alwi Shihab,1999,2001,Q2840640,Alwi Shihab
Indonesia,850,IDN,2001,Hassan Wirajuda,2001,2009,Q183581,Hassan Wirajuda
Indonesia,850,IDN,2001,Alwi Shihab,1999,2001,Q2840640,Alwi Shihab
Indonesia,850,IDN,2002,Hassan Wirajuda,2001,2009,Q183581,Hassan Wirajuda
Indonesia,850,IDN,2003,Hassan Wirajuda,2001,2009,Q183581,Hassan Wirajuda
Indonesia,850,IDN,2004,Hassan Wirajuda,2001,2009,Q183581,Hassan Wirajuda
Indonesia,850,IDN,2005,Hassan Wirajuda,2001,2009,Q183581,Hassan Wirajuda
Indonesia,850,IDN,2006,Hassan Wirajuda,2001,2009,Q183581,Hassan Wirajuda
Indonesia,850,IDN,2007,Hassan Wirajuda,2001,2009,Q183581,Hassan Wirajuda
Indonesia,850,IDN,2008,Hassan Wirajuda,2001,2009,Q183581,Hassan Wirajuda
Indonesia,850,IDN,2009,Marty Natalegawa,2009,2014,Q58290,Marty Natalegawa
Indonesia,850,IDN,2009,Hassan Wirajuda,2001,2009,Q183581,Hassan Wirajuda
Indonesia,850,IDN,2010,Marty Natalegawa,2009,2014,Q58290,Marty Natalegawa
Indonesia,850,IDN,2011,Marty Natalegawa,2009,2014,Q58290,Marty Natalegawa
Indonesia,850,IDN,2012,Marty Natalegawa,2009,2014,Q58290,Marty Natalegawa
Indonesia,850,IDN,2013,Marty Natalegawa,2009,2014,Q58290,Marty Natalegawa
Indonesia,850,IDN,2014,Retno Marsudi,2014,2019,Q18342668,Retno Marsudi
Indonesia,850,IDN,2014,Marty Natalegawa,2009,2014,Q58290,Marty Natalegawa
Indonesia,850,IDN,2015,Retno Marsudi,2014,2019,Q18342668,Retno Marsudi
Indonesia,850,IDN,2016,Retno Marsudi,2014,2019,Q18342668,Retno Marsudi
Indonesia,850,IDN,2017,Retno Marsudi,2014,2019,Q18342668,Retno Marsudi
Indonesia,850,IDN,2018,Retno Marsudi,2014,2019,Q18342668,Retno Marsudi
Indonesia,850,IDN,2019,Retno Marsudi,2014,2019,Q18342668,Retno Marsudi
Iran,630,IRN,1950,Mohsen Rais,1950,1951,Q1668822,Mohsen Rais
Iran,630,IRN,1950,Mahmud Salahi,1950,1950,,
Iran,630,IRN,1950,Hossein Ala,1950,1950,Q698713,
Iran,630,IRN,1951,Baqir Kazemi,1951,1952,Q799907,
Iran,630,IRN,1951,Abdollah Entezam,1951,1951,Q317600,
Iran,630,IRN,1951,Mohsen Rais,1950,1951,Q1668822,Mohsen Rais
Iran,630,IRN,1952,Baqir Kazemi,1951,1952,Q799907,
Iran,630,IRN,1952,Hossein Navab,1952,1952,Q16250468,Hossein Navab
Iran,630,IRN,1952,Hossein Fatemi,1952,1953,Q607154,Hossein Fatemi
Iran,630,IRN,1953,Abdollah Entezam,1953,1955,Q317600,
Iran,630,IRN,1953,Abul Hossein Meftah,1953,1953,,
Iran,630,IRN,1953,Fazlollah Zahedi,1953,1953,Q1396878,Fazlollah Zahedi
Iran,630,IRN,1953,Hossein Fatemi,1952,1953,Q607154,Hossein Fatemi
Iran,630,IRN,1954,Abdollah Entezam,1953,1955,Q317600,
Iran,630,IRN,1955,Ali Gholi Ardalan,1955,1958,Q2646676,Ali Gholi Ardalan
Iran,630,IRN,1955,Abdollah Entezam,1953,1955,Q317600,
Iran,630,IRN,1956,Ali Gholi Ardalan,1955,1958,Q2646676,Ali Gholi Ardalan
Iran,630,IRN,1957,Ali Gholi Ardalan,1955,1958,Q2646676,Ali Gholi Ardalan
Iran,630,IRN,1958,Ali Asghar Hekmat,1958,1959,Q6566527,
Iran,630,IRN,1958,Ali Gholi Ardalan,1955,1958,Q2646676,Ali Gholi Ardalan
Iran,630,IRN,1959,Djalal Abdoh,1959,1959,Q5955377,
Iran,630,IRN,1959,Ali Asghar Hekmat,1958,1959,Q6566527,
Iran,630,IRN,1959,Abbas Aram,1959,1960,Q5957118,Abbas Aram
Iran,630,IRN,1960,Jaafar Sharif-Emami,1960,1961,Q951044,
Iran,630,IRN,1960,Abbas Aram,1959,1960,Q5957118,Abbas Aram
Iran,630,IRN,1961,Hossein Ghods Nakhai,1961,1962,Q3140995,
Iran,630,IRN,1961,Jaafar Sharif-Emami,1960,1961,Q951044,
Iran,630,IRN,1962,Abbas Aram,1962,1967,Q5957118,Abbas Aram
Iran,630,IRN,1962,Hossein Ghods Nakhai,1961,1962,Q3140995,
Iran,630,IRN,1963,Abbas Aram,1962,1967,Q5957118,Abbas Aram
Iran,630,IRN,1964,Abbas Aram,1962,1967,Q5957118,Abbas Aram
Iran,630,IRN,1965,Abbas Aram,1962,1967,Q5957118,Abbas Aram
Iran,630,IRN,1966,Abbas Aram,1962,1967,Q5957118,Abbas Aram
Iran,630,IRN,1967,Ardeshir Zahedi,1967,1971,Q2860731,Ardeshir Zahedi
Iran,630,IRN,1967,Abbas Aram,1962,1967,Q5957118,Abbas Aram
Iran,630,IRN,1968,Ardeshir Zahedi,1967,1971,Q2860731,Ardeshir Zahedi
Iran,630,IRN,1969,Ardeshir Zahedi,1967,1971,Q2860731,Ardeshir Zahedi
Iran,630,IRN,1970,Ardeshir Zahedi,1967,1971,Q2860731,Ardeshir Zahedi
Iran,630,IRN,1971,Ardeshir Zahedi,1967,1971,Q2860731,Ardeshir Zahedi
Iran,630,IRN,1971,Abbas Ali Khalatbari,1971,1978,Q305860,Abbas Ali Khalatbari
Iran,630,IRN,1972,Abbas Ali Khalatbari,1971,1978,Q305860,Abbas Ali Khalatbari
Iran,630,IRN,1973,Abbas Ali Khalatbari,1971,1978,Q305860,Abbas Ali Khalatbari
Iran,630,IRN,1974,Abbas Ali Khalatbari,1971,1978,Q305860,Abbas Ali Khalatbari
Iran,630,IRN,1975,Abbas Ali Khalatbari,1971,1978,Q305860,Abbas Ali Khalatbari
Iran,630,IRN,1976,Abbas Ali Khalatbari,1971,1978,Q305860,Abbas Ali Khalatbari
Iran,630,IRN,1977,Abbas Ali Khalatbari,1971,1978,Q305860,Abbas Ali Khalatbari
Iran,630,IRN,1978,Amir Khosrow Afshar,1978,1979,Q472050,Amir Khosrow Afshar
Iran,630,IRN,1978,Abbas Ali Khalatbari,1971,1978,Q305860,Abbas Ali Khalatbari
Iran,630,IRN,1979,Abolhassan Bani-Sadr,1979,1979,Q273866,
Iran,630,IRN,1979,Karim Sanjabi,1979,1979,Q6370654,Karim Sanjabi
Iran,630,IRN,1979,Ahmad Salamatian,1979,1979,Q5684765,Ahmad Salamatian
Iran,630,IRN,1979,Ahmad Mirfendereski,1979,1979,Q5771526,Ahmad Mirfendereski
Iran,630,IRN,1979,Ebrahim Yazdi,1979,1979,Q981844,Ebrahim Yazdi
Iran,630,IRN,1979,Mehdi Bazargan,1979,1979,Q382369,Mehdi Bazargan
Iran,630,IRN,1979,Amir Khosrow Afshar,1978,1979,Q472050,Amir Khosrow Afshar
Iran,630,IRN,1979,Sadegh Ghotbzadeh,1979,1980,Q722527,Sadegh Ghotbzadeh
Iran,630,IRN,1980,Mohammad Karim Khodapanahi,1980,1981,Q15723568,
Iran,630,IRN,1980,Sadegh Ghotbzadeh,1979,1980,Q722527,Sadegh Ghotbzadeh
Iran,630,IRN,1981,Ali Akbar Velayati,1981,1997,Q439354,Ali Akbar Velayati
Iran,630,IRN,1981,Mir Hossein Moussavi,1981,1981,Q217154,
Iran,630,IRN,1981,Mohammad Karim Khodapanahi,1980,1981,Q15723568,
Iran,630,IRN,1982,Ali Akbar Velayati,1981,1997,Q439354,Ali Akbar Velayati
Iran,630,IRN,1983,Ali Akbar Velayati,1981,1997,Q439354,Ali Akbar Velayati
Iran,630,IRN,1984,Ali Akbar Velayati,1981,1997,Q439354,Ali Akbar Velayati
Iran,630,IRN,1985,Ali Akbar Velayati,1981,1997,Q439354,Ali Akbar Velayati
Iran,630,IRN,1986,Ali Akbar Velayati,1981,1997,Q439354,Ali Akbar Velayati
Iran,630,IRN,1987,Ali Akbar Velayati,1981,1997,Q439354,Ali Akbar Velayati
Iran,630,IRN,1988,Ali Akbar Velayati,1981,1997,Q439354,Ali Akbar Velayati
Iran,630,IRN,1989,Ali Akbar Velayati,1981,1997,Q439354,Ali Akbar Velayati
Iran,630,IRN,1990,Ali Akbar Velayati,1981,1997,Q439354,Ali Akbar Velayati
Iran,630,IRN,1991,Ali Akbar Velayati,1981,1997,Q439354,Ali Akbar Velayati
Iran,630,IRN,1992,Ali Akbar Velayati,1981,1997,Q439354,Ali Akbar Velayati
Iran,630,IRN,1993,Ali Akbar Velayati,1981,1997,Q439354,Ali Akbar Velayati
Iran,630,IRN,1994,Ali Akbar Velayati,1981,1997,Q439354,Ali Akbar Velayati
Iran,630,IRN,1995,Ali Akbar Velayati,1981,1997,Q439354,Ali Akbar Velayati
Iran,630,IRN,1996,Ali Akbar Velayati,1981,1997,Q439354,Ali Akbar Velayati
Iran,630,IRN,1997,Ali Akbar Velayati,1981,1997,Q439354,Ali Akbar Velayati
Iran,630,IRN,1997,Kamal Kharrazi,1997,2005,Q435799,
Iran,630,IRN,1998,Kamal Kharrazi,1997,2005,Q435799,
Iran,630,IRN,1999,Kamal Kharrazi,1997,2005,Q435799,
Iran,630,IRN,2000,Kamal Kharrazi,1997,2005,Q435799,
Iran,630,IRN,2001,Kamal Kharrazi,1997,2005,Q435799,
Iran,630,IRN,2002,Kamal Kharrazi,1997,2005,Q435799,
Iran,630,IRN,2003,Kamal Kharrazi,1997,2005,Q435799,
Iran,630,IRN,2004,Kamal Kharrazi,1997,2005,Q435799,
Iran,630,IRN,2005,Manouchehr Mottaki,2005,2010,Q374481,Manouchehr Mottaki
Iran,630,IRN,2005,Kamal Kharrazi,1997,2005,Q435799,
Iran,630,IRN,2006,Manouchehr Mottaki,2005,2010,Q374481,Manouchehr Mottaki
Iran,630,IRN,2007,Manouchehr Mottaki,2005,2010,Q374481,Manouchehr Mottaki
Iran,630,IRN,2008,Manouchehr Mottaki,2005,2010,Q374481,Manouchehr Mottaki
Iran,630,IRN,2009,Manouchehr Mottaki,2005,2010,Q374481,Manouchehr Mottaki
Iran,630,IRN,2010,Ali Akbar Salehi,2010,2013,Q283201,Ali Akbar Salehi
Iran,630,IRN,2010,Manouchehr Mottaki,2005,2010,Q374481,Manouchehr Mottaki
Iran,630,IRN,2011,Ali Akbar Salehi,2010,2013,Q283201,Ali Akbar Salehi
Iran,630,IRN,2012,Ali Akbar Salehi,2010,2013,Q283201,Ali Akbar Salehi
Iran,630,IRN,2013,Ali Akbar Salehi,2010,2013,Q283201,Ali Akbar Salehi
Iran,630,IRN,2013,Mohammad Javad Zarif,2013,2019,Q10296812,
Iran,630,IRN,2014,Mohammad Javad Zarif,2013,2019,Q10296812,
Iran,630,IRN,2015,Mohammad Javad Zarif,2013,2019,Q10296812,
Iran,630,IRN,2016,Mohammad Javad Zarif,2013,2019,Q10296812,
Iran,630,IRN,2017,Mohammad Javad Zarif,2013,2019,Q10296812,
Iran,630,IRN,2018,Mohammad Javad Zarif,2013,2019,Q10296812,
Iran,630,IRN,2019,Mohammad Javad Zarif,2013,2019,Q10296812,
Iraq,645,IRQ,1949,Muzahim al-Pachachi,1949,1950,Q2891051,Muzahim al-Pachachi
Iraq,645,IRQ,1950,Shakir al-Wadi,1950,1951,Q29512354,
Iraq,645,IRQ,1950,Muzahim al-Pachachi,1949,1950,Q2891051,Muzahim al-Pachachi
Iraq,645,IRQ,1950,Tawfiq al-Suwaidi,1950,1950,Q2915050,Tawfiq al-Suwaidi
Iraq,645,IRQ,1951,Shakir al-Wadi,1951,1952,Q29512354,
Iraq,645,IRQ,1951,Shakir al-Wadi,1950,1951,Q29512354,
Iraq,645,IRQ,1951,Tawfiq al-Suwaidi,1951,1951,Q2915050,Tawfiq al-Suwaidi
Iraq,645,IRQ,1952,Shakir al-Wadi,1951,1952,Q29512354,
Iraq,645,IRQ,1952,Muhammad Fadhel al-Jamali,1952,1952,Q12240882,Muhammad Fadhel al-Jamali
Iraq,645,IRQ,1953,Tawfiq al-Suwaidi,1953,1953,Q2915050,Tawfiq al-Suwaidi
Iraq,645,IRQ,1953,Abdullah Bakr,1953,1954,Q56000989,
Iraq,645,IRQ,1954,Musa al-Shahbander,1954,1955,Q56000984,Musa al-Shahbander
Iraq,645,IRQ,1954,Muhammad Fadhel al-Jamali,1954,1954,Q12240882,Muhammad Fadhel al-Jamali
Iraq,645,IRQ,1954,Abdullah Bakr,1953,1954,Q56000989,
Iraq,645,IRQ,1954,Musa al-Shahbander,1954,1954,Q56000984,Musa al-Shahbander
Iraq,645,IRQ,1955,Burhanuddin Bashayan,1955,1957,Q55620292,
Iraq,645,IRQ,1955,Musa al-Shahbander,1954,1955,Q56000984,Musa al-Shahbander
Iraq,645,IRQ,1956,Burhanuddin Bashayan,1955,1957,Q55620292,
Iraq,645,IRQ,1957,Ali Jawdat al-Aiyubi,1957,1957,Q3596201,Ali Jawdat al-Aiyubi
Iraq,645,IRQ,1957,Burhanuddin Bashayan,1957,1958,Q55620292,
Iraq,645,IRQ,1957,Burhanuddin Bashayan,1955,1957,Q55620292,
Iraq,645,IRQ,1958,Burhanuddin Bashayan,1957,1958,Q55620292,
Iraq,645,IRQ,1958,Abdul Jabbar Jomard,1958,1959,Q6812563,
Iraq,645,IRQ,1958,Muhammad Fadhel al-Jamali,1958,1958,Q12240882,Muhammad Fadhel al-Jamali
Iraq,645,IRQ,1958,Tawfiq al-Suwaidi,1958,1958,Q2915050,Tawfiq al-Suwaidi
Iraq,645,IRQ,1959,Abdul Jabbar Jomard,1958,1959,Q6812563,
Iraq,645,IRQ,1959,Hashem Jawad,1959,1963,Q55418745,Hashem Jawad
Iraq,645,IRQ,1960,Hashem Jawad,1959,1963,Q55418745,Hashem Jawad
Iraq,645,IRQ,1961,Hashem Jawad,1959,1963,Q55418745,Hashem Jawad
Iraq,645,IRQ,1962,Hashem Jawad,1959,1963,Q55418745,Hashem Jawad
Iraq,645,IRQ,1963,Hashem Jawad,1959,1963,Q55418745,Hashem Jawad
Iraq,645,IRQ,1963,Subhi Abdul Hamid,1963,1964,Q6808573,
Iraq,645,IRQ,1963,Saleh Mahdi Ammash,1963,1963,Q12219666,
Iraq,645,IRQ,1963,Talib Shabib,1963,1963,Q2390296,
Iraq,645,IRQ,1964,Naji Talib,1964,1965,Q1388998,Naji Talib
Iraq,645,IRQ,1964,Subhi Abdul Hamid,1963,1964,Q6808573,
Iraq,645,IRQ,1965,Naji Talib,1964,1965,Q1388998,Naji Talib
Iraq,645,IRQ,1965,Adnan Pachachi,1965,1967,Q359766,Adnan Pachachi
Iraq,645,IRQ,1965,Abdul Rahman al-Bazzaz,1965,1965,Q307459,Abdul Rahman al-Bazzaz
Iraq,645,IRQ,1966,Adnan Pachachi,1965,1967,Q359766,Adnan Pachachi
Iraq,645,IRQ,1967,Adnan Pachachi,1965,1967,Q359766,Adnan Pachachi
Iraq,645,IRQ,1967,Ismail Khairallah,1967,1968,Q56161331,Ismail Khairallah
Iraq,645,IRQ,1968,Abdul Karim al-Shaikhly,1968,1971,Q56161046,
Iraq,645,IRQ,1968,Ismail Khairallah,1967,1968,Q56161331,Ismail Khairallah
Iraq,645,IRQ,1968,Nasser al-Hani,1968,1968,Q42155842,Nasser al-Hani
Iraq,645,IRQ,1969,Abdul Karim al-Shaikhly,1968,1971,Q56161046,
Iraq,645,IRQ,1970,Abdul Karim al-Shaikhly,1968,1971,Q56161046,
Iraq,645,IRQ,1971,Abdul Karim al-Shaikhly,1968,1971,Q56161046,
Iraq,645,IRQ,1971,Murtada Said Abdel Baki al-Hadithi,1971,1974,Q56160911,Murtada Said Abdel Baki al-Hadithi
Iraq,645,IRQ,1971,Rashid al-Rifai,1971,1971,Q7294935,Rashid al-Rifai
Iraq,645,IRQ,1972,Murtada Said Abdel Baki al-Hadithi,1971,1974,Q56160911,Murtada Said Abdel Baki al-Hadithi
Iraq,645,IRQ,1973,Murtada Said Abdel Baki al-Hadithi,1971,1974,Q56160911,Murtada Said Abdel Baki al-Hadithi
Iraq,645,IRQ,1974,Murtada Said Abdel Baki al-Hadithi,1971,1974,Q56160911,Murtada Said Abdel Baki al-Hadithi
Iraq,645,IRQ,1974,Hisham al-Shawi,1974,1974,Q56160681,
Iraq,645,IRQ,1974,Chazel Taka,1974,1974,Q7490643,
Iraq,645,IRQ,1974,Saadun Hammadi,1974,1983,Q711468,
Iraq,645,IRQ,1975,Saadun Hammadi,1974,1983,Q711468,
Iraq,645,IRQ,1976,Saadun Hammadi,1974,1983,Q711468,
Iraq,645,IRQ,1977,Saadun Hammadi,1974,1983,Q711468,
Iraq,645,IRQ,1978,Saadun Hammadi,1974,1983,Q711468,
Iraq,645,IRQ,1979,Saadun Hammadi,1974,1983,Q711468,
Iraq,645,IRQ,1980,Saadun Hammadi,1974,1983,Q711468,
Iraq,645,IRQ,1981,Saadun Hammadi,1974,1983,Q711468,
Iraq,645,IRQ,1982,Saadun Hammadi,1974,1983,Q711468,
Iraq,645,IRQ,1983,Tariq Aziz,1983,1991,Q315214,Tariq Aziz
Iraq,645,IRQ,1983,Saadun Hammadi,1974,1983,Q711468,
Iraq,645,IRQ,1984,Tariq Aziz,1983,1991,Q315214,Tariq Aziz
Iraq,645,IRQ,1985,Tariq Aziz,1983,1991,Q315214,Tariq Aziz
Iraq,645,IRQ,1986,Tariq Aziz,1983,1991,Q315214,Tariq Aziz
Iraq,645,IRQ,1987,Tariq Aziz,1983,1991,Q315214,Tariq Aziz
Iraq,645,IRQ,1988,Tariq Aziz,1983,1991,Q315214,Tariq Aziz
Iraq,645,IRQ,1989,Tariq Aziz,1983,1991,Q315214,Tariq Aziz
Iraq,645,IRQ,1990,Tariq Aziz,1983,1991,Q315214,Tariq Aziz
Iraq,645,IRQ,1991,Ahmad Hussein Khudayir al-Samarrai,1991,1992,Q4695340,
Iraq,645,IRQ,1991,Tariq Aziz,1983,1991,Q315214,Tariq Aziz
Iraq,645,IRQ,1992,Ahmad Hussein Khudayir al-Samarrai,1991,1992,Q4695340,
Iraq,645,IRQ,1992,Muhammad Saeed al-Sahhaf,1992,2001,Q360015,Muhammad Saeed al-Sahhaf
Iraq,645,IRQ,1993,Muhammad Saeed al-Sahhaf,1992,2001,Q360015,Muhammad Saeed al-Sahhaf
Iraq,645,IRQ,1994,Muhammad Saeed al-Sahhaf,1992,2001,Q360015,Muhammad Saeed al-Sahhaf
Iraq,645,IRQ,1995,Muhammad Saeed al-Sahhaf,1992,2001,Q360015,Muhammad Saeed al-Sahhaf
Iraq,645,IRQ,1996,Muhammad Saeed al-Sahhaf,1992,2001,Q360015,Muhammad Saeed al-Sahhaf
Iraq,645,IRQ,1997,Muhammad Saeed al-Sahhaf,1992,2001,Q360015,Muhammad Saeed al-Sahhaf
Iraq,645,IRQ,1998,Muhammad Saeed al-Sahhaf,1992,2001,Q360015,Muhammad Saeed al-Sahhaf
Iraq,645,IRQ,1999,Muhammad Saeed al-Sahhaf,1992,2001,Q360015,Muhammad Saeed al-Sahhaf
Iraq,645,IRQ,2000,Muhammad Saeed al-Sahhaf,1992,2001,Q360015,Muhammad Saeed al-Sahhaf
Iraq,645,IRQ,2001,Tariq Aziz,2001,2001,Q315214,Tariq Aziz
Iraq,645,IRQ,2001,Muhammad Saeed al-Sahhaf,1992,2001,Q360015,Muhammad Saeed al-Sahhaf
Iraq,645,IRQ,2001,Naji Sabri,2001,2003,Q4115698,Naji Sabri
Iraq,645,IRQ,2002,Naji Sabri,2001,2003,Q4115698,Naji Sabri
Iraq,645,IRQ,2003,Naji Sabri,2001,2003,Q4115698,Naji Sabri
Iraq,645,IRQ,2003,Ghassan Hussein,2003,2003,Q5555859,
Iraq,645,IRQ,2003,Muhammad Amin Ahmad,2003,2003,,
Iraq,645,IRQ,2003,Hoshyar Zebari,2003,2014,Q982410,Hoshyar Zebari
Iraq,645,IRQ,2004,Hoshyar Zebari,2003,2014,Q982410,Hoshyar Zebari
Iraq,645,IRQ,2005,Hoshyar Zebari,2003,2014,Q982410,Hoshyar Zebari
Iraq,645,IRQ,2006,Hoshyar Zebari,2003,2014,Q982410,Hoshyar Zebari
Iraq,645,IRQ,2007,Hoshyar Zebari,2003,2014,Q982410,Hoshyar Zebari
Iraq,645,IRQ,2008,Hoshyar Zebari,2003,2014,Q982410,Hoshyar Zebari
Iraq,645,IRQ,2009,Hoshyar Zebari,2003,2014,Q982410,Hoshyar Zebari
Iraq,645,IRQ,2010,Hoshyar Zebari,2003,2014,Q982410,Hoshyar Zebari
Iraq,645,IRQ,2011,Hoshyar Zebari,2003,2014,Q982410,Hoshyar Zebari
Iraq,645,IRQ,2012,Hoshyar Zebari,2003,2014,Q982410,Hoshyar Zebari
Iraq,645,IRQ,2013,Hoshyar Zebari,2003,2014,Q982410,Hoshyar Zebari
Iraq,645,IRQ,2014,Hoshyar Zebari,2003,2014,Q982410,Hoshyar Zebari
Iraq,645,IRQ,2014,Ibrahim al-Jaafari,2014,2018,Q316495,Ibrahim al-Jaafari
Iraq,645,IRQ,2014,Hussein al-Shahristani,2014,2014,Q1351888,
Iraq,645,IRQ,2015,Ibrahim al-Jaafari,2014,2018,Q316495,Ibrahim al-Jaafari
Iraq,645,IRQ,2016,Ibrahim al-Jaafari,2014,2018,Q316495,Ibrahim al-Jaafari
Iraq,645,IRQ,2017,Ibrahim al-Jaafari,2014,2018,Q316495,Ibrahim al-Jaafari
Iraq,645,IRQ,2018,Mohamed Ali al-Hakim,2018,2019,Q23043300,
Iraq,645,IRQ,2018,Ibrahim al-Jaafari,2014,2018,Q316495,Ibrahim al-Jaafari
Iraq,645,IRQ,2019,Mohamed Ali al-Hakim,2018,2019,Q23043300,
Ireland,205,IRL,1948,Seán MacBride,1948,1951,Q244395,Seán MacBride
Ireland,205,IRL,1949,Seán MacBride,1948,1951,Q244395,Seán MacBride
Ireland,205,IRL,1950,Seán MacBride,1948,1951,Q244395,Seán MacBride
Ireland,205,IRL,1951,Seán MacBride,1948,1951,Q244395,Seán MacBride
Ireland,205,IRL,1951,Frank Aiken,1951,1954,Q454169,Frank Aiken
Ireland,205,IRL,1952,Frank Aiken,1951,1954,Q454169,Frank Aiken
Ireland,205,IRL,1953,Frank Aiken,1951,1954,Q454169,Frank Aiken
Ireland,205,IRL,1954,Liam Cosgrave,1954,1957,Q381661,Liam Cosgrave
Ireland,205,IRL,1954,Frank Aiken,1951,1954,Q454169,Frank Aiken
Ireland,205,IRL,1955,Liam Cosgrave,1954,1957,Q381661,Liam Cosgrave
Ireland,205,IRL,1956,Liam Cosgrave,1954,1957,Q381661,Liam Cosgrave
Ireland,205,IRL,1957,Frank Aiken,1957,1969,Q454169,Frank Aiken
Ireland,205,IRL,1957,Liam Cosgrave,1954,1957,Q381661,Liam Cosgrave
Ireland,205,IRL,1958,Frank Aiken,1957,1969,Q454169,Frank Aiken
Ireland,205,IRL,1959,Frank Aiken,1957,1969,Q454169,Frank Aiken
Ireland,205,IRL,1960,Frank Aiken,1957,1969,Q454169,Frank Aiken
Ireland,205,IRL,1961,Frank Aiken,1957,1969,Q454169,Frank Aiken
Ireland,205,IRL,1962,Frank Aiken,1957,1969,Q454169,Frank Aiken
Ireland,205,IRL,1963,Frank Aiken,1957,1969,Q454169,Frank Aiken
Ireland,205,IRL,1964,Frank Aiken,1957,1969,Q454169,Frank Aiken
Ireland,205,IRL,1965,Frank Aiken,1957,1969,Q454169,Frank Aiken
Ireland,205,IRL,1966,Frank Aiken,1957,1969,Q454169,Frank Aiken
Ireland,205,IRL,1967,Frank Aiken,1957,1969,Q454169,Frank Aiken
Ireland,205,IRL,1968,Frank Aiken,1957,1969,Q454169,Frank Aiken
Ireland,205,IRL,1969,Patrick J. Hillery,1969,1973,Q310994,
Ireland,205,IRL,1969,Frank Aiken,1957,1969,Q454169,Frank Aiken
Ireland,205,IRL,1970,Patrick J. Hillery,1969,1973,Q310994,
Ireland,205,IRL,1971,Patrick J. Hillery,1969,1973,Q310994,
Ireland,205,IRL,1972,Patrick J. Hillery,1969,1973,Q310994,
Ireland,205,IRL,1973,Garret FitzGerald,1973,1977,Q1425313,Garret FitzGerald
Ireland,205,IRL,1973,Brian Lenihan,1973,1973,Q912542,
Ireland,205,IRL,1973,Patrick J. Hillery,1969,1973,Q310994,
Ireland,205,IRL,1974,Garret FitzGerald,1973,1977,Q1425313,Garret FitzGerald
Ireland,205,IRL,1975,Garret FitzGerald,1973,1977,Q1425313,Garret FitzGerald
Ireland,205,IRL,1976,Garret FitzGerald,1973,1977,Q1425313,Garret FitzGerald
Ireland,205,IRL,1977,Garret FitzGerald,1973,1977,Q1425313,Garret FitzGerald
Ireland,205,IRL,1977,Michael O'Kennedy,1977,1979,Q1399304,Michael O'Kennedy
Ireland,205,IRL,1978,Michael O'Kennedy,1977,1979,Q1399304,Michael O'Kennedy
Ireland,205,IRL,1979,Brian Lenihan,1979,1981,Q912542,
Ireland,205,IRL,1979,Michael O'Kennedy,1977,1979,Q1399304,Michael O'Kennedy
Ireland,205,IRL,1980,Brian Lenihan,1979,1981,Q912542,
Ireland,205,IRL,1981,Brian Lenihan,1979,1981,Q912542,
Ireland,205,IRL,1981,James Dooge,1981,1982,Q946973,James Dooge
Ireland,205,IRL,1981,John Kelly,1981,1981,Q1671033,John Kelly
Ireland,205,IRL,1982,James Dooge,1981,1982,Q946973,James Dooge
Ireland,205,IRL,1982,Gerard Collins,1982,1982,Q446685,
Ireland,205,IRL,1982,Peter Barry,1982,1987,Q2073804,Peter Barry
Ireland,205,IRL,1983,Peter Barry,1982,1987,Q2073804,Peter Barry
Ireland,205,IRL,1984,Peter Barry,1982,1987,Q2073804,Peter Barry
Ireland,205,IRL,1985,Peter Barry,1982,1987,Q2073804,Peter Barry
Ireland,205,IRL,1986,Peter Barry,1982,1987,Q2073804,Peter Barry
Ireland,205,IRL,1987,Brian Lenihan,1987,1989,Q912542,
Ireland,205,IRL,1987,Peter Barry,1982,1987,Q2073804,Peter Barry
Ireland,205,IRL,1988,Brian Lenihan,1987,1989,Q912542,
Ireland,205,IRL,1989,Brian Lenihan,1987,1989,Q912542,
Ireland,205,IRL,1989,Gerard Collins,1989,1992,Q446685,
Ireland,205,IRL,1990,Gerard Collins,1989,1992,Q446685,
Ireland,205,IRL,1991,Gerard Collins,1989,1992,Q446685,
Ireland,205,IRL,1992,Gerard Collins,1989,1992,Q446685,
Ireland,205,IRL,1992,David Andrews,1992,1993,Q1111220,David Andrews
Ireland,205,IRL,1993,David Andrews,1992,1993,Q1111220,David Andrews
Ireland,205,IRL,1993,Dick Spring,1993,1994,Q356460,Dick Spring
Ireland,205,IRL,1994,Albert Reynolds,1994,1994,Q380182,Albert Reynolds
Ireland,205,IRL,1994,Dick Spring,1994,1997,Q356460,Dick Spring
Ireland,205,IRL,1994,Dick Spring,1993,1994,Q356460,Dick Spring
Ireland,205,IRL,1995,Dick Spring,1994,1997,Q356460,Dick Spring
Ireland,205,IRL,1996,Dick Spring,1994,1997,Q356460,Dick Spring
Ireland,205,IRL,1997,Dick Spring,1994,1997,Q356460,Dick Spring
Ireland,205,IRL,1997,Ray Burke,1997,1997,Q2133871,Ray Burke
Ireland,205,IRL,1997,David Andrews,1997,2000,Q1111220,David Andrews
Ireland,205,IRL,1998,David Andrews,1997,2000,Q1111220,David Andrews
Ireland,205,IRL,1999,David Andrews,1997,2000,Q1111220,David Andrews
Ireland,205,IRL,2000,David Andrews,1997,2000,Q1111220,David Andrews
Ireland,205,IRL,2000,Brian Cowen,2000,2004,Q185272,Brian Cowen
Ireland,205,IRL,2001,Brian Cowen,2000,2004,Q185272,Brian Cowen
Ireland,205,IRL,2002,Brian Cowen,2000,2004,Q185272,Brian Cowen
Ireland,205,IRL,2003,Brian Cowen,2000,2004,Q185272,Brian Cowen
Ireland,205,IRL,2004,Brian Cowen,2000,2004,Q185272,Brian Cowen
Ireland,205,IRL,2004,Dermot Ahern,2004,2008,Q974143,Dermot Ahern
Ireland,205,IRL,2005,Dermot Ahern,2004,2008,Q974143,Dermot Ahern
Ireland,205,IRL,2006,Dermot Ahern,2004,2008,Q974143,Dermot Ahern
Ireland,205,IRL,2007,Dermot Ahern,2004,2008,Q974143,Dermot Ahern
Ireland,205,IRL,2008,Micheál Martin,2008,2011,Q920403,Micheál Martin
Ireland,205,IRL,2008,Dermot Ahern,2004,2008,Q974143,Dermot Ahern
Ireland,205,IRL,2009,Micheál Martin,2008,2011,Q920403,Micheál Martin
Ireland,205,IRL,2010,Micheál Martin,2008,2011,Q920403,Micheál Martin
Ireland,205,IRL,2011,Brian Cowen,2011,2011,Q185272,Brian Cowen
Ireland,205,IRL,2011,Eamon Gilmore,2011,2014,Q982225,Eamon Gilmore
Ireland,205,IRL,2011,Micheál Martin,2008,2011,Q920403,Micheál Martin
Ireland,205,IRL,2012,Eamon Gilmore,2011,2014,Q982225,Eamon Gilmore
Ireland,205,IRL,2013,Eamon Gilmore,2011,2014,Q982225,Eamon Gilmore
Ireland,205,IRL,2014,Eamon Gilmore,2011,2014,Q982225,Eamon Gilmore
Ireland,205,IRL,2014,Charlie Flanagan,2014,2017,Q1064368,
Ireland,205,IRL,2015,Charlie Flanagan,2014,2017,Q1064368,
Ireland,205,IRL,2016,Charlie Flanagan,2014,2017,Q1064368,
Ireland,205,IRL,2017,Charlie Flanagan,2014,2017,Q1064368,
Ireland,205,IRL,2017,Simon Coveney,2017,2019,Q1670096,Simon Coveney
Ireland,205,IRL,2018,Simon Coveney,2017,2019,Q1670096,Simon Coveney
Ireland,205,IRL,2019,Simon Coveney,2017,2019,Q1670096,Simon Coveney
Israel,666,ISR,1948,Moshe Shertok,1948,1956,Q208477,
Israel,666,ISR,1949,Moshe Shertok,1948,1956,Q208477,
Israel,666,ISR,1950,Moshe Shertok,1948,1956,Q208477,
Israel,666,ISR,1951,Moshe Shertok,1948,1956,Q208477,
Israel,666,ISR,1952,Moshe Shertok,1948,1956,Q208477,
Israel,666,ISR,1953,Moshe Shertok,1948,1956,Q208477,
Israel,666,ISR,1954,Moshe Shertok,1948,1956,Q208477,
Israel,666,ISR,1955,Moshe Shertok,1948,1956,Q208477,
Israel,666,ISR,1956,Golda Myerson,1956,1966,Q42992,
Israel,666,ISR,1956,Moshe Shertok,1948,1956,Q208477,
Israel,666,ISR,1957,Golda Myerson,1956,1966,Q42992,
Israel,666,ISR,1958,Golda Myerson,1956,1966,Q42992,
Israel,666,ISR,1959,Golda Myerson,1956,1966,Q42992,
Israel,666,ISR,1960,Golda Myerson,1956,1966,Q42992,
Israel,666,ISR,1961,Golda Myerson,1956,1966,Q42992,
Israel,666,ISR,1962,Golda Myerson,1956,1966,Q42992,
Israel,666,ISR,1963,Golda Myerson,1956,1966,Q42992,
Israel,666,ISR,1964,Golda Myerson,1956,1966,Q42992,
Israel,666,ISR,1965,Golda Myerson,1956,1966,Q42992,
Israel,666,ISR,1966,Abba Eban,1966,1974,Q305776,Abba Eban
Israel,666,ISR,1966,Golda Myerson,1956,1966,Q42992,
Israel,666,ISR,1967,Abba Eban,1966,1974,Q305776,Abba Eban
Israel,666,ISR,1968,Abba Eban,1966,1974,Q305776,Abba Eban
Israel,666,ISR,1969,Abba Eban,1966,1974,Q305776,Abba Eban
Israel,666,ISR,1970,Abba Eban,1966,1974,Q305776,Abba Eban
Israel,666,ISR,1971,Abba Eban,1966,1974,Q305776,Abba Eban
Israel,666,ISR,1972,Abba Eban,1966,1974,Q305776,Abba Eban
Israel,666,ISR,1973,Abba Eban,1966,1974,Q305776,Abba Eban
Israel,666,ISR,1974,Abba Eban,1966,1974,Q305776,Abba Eban
Israel,666,ISR,1974,Yigal Allon,1974,1977,Q319015,Yigal Allon
Israel,666,ISR,1975,Yigal Allon,1974,1977,Q319015,Yigal Allon
Israel,666,ISR,1976,Yigal Allon,1974,1977,Q319015,Yigal Allon
Israel,666,ISR,1977,Moshe Dayan,1977,1979,Q188783,Moshe Dayan
Israel,666,ISR,1977,Yigal Allon,1974,1977,Q319015,Yigal Allon
Israel,666,ISR,1978,Moshe Dayan,1977,1979,Q188783,Moshe Dayan
Israel,666,ISR,1979,Moshe Dayan,1977,1979,Q188783,Moshe Dayan
Israel,666,ISR,1979,Menachem Begin,1979,1980,Q130873,Menachem Begin
Israel,666,ISR,1980,Yitzhak Shamir,1980,1986,Q184351,Yitzhak Shamir
Israel,666,ISR,1980,Menachem Begin,1979,1980,Q130873,Menachem Begin
Israel,666,ISR,1981,Yitzhak Shamir,1980,1986,Q184351,Yitzhak Shamir
Israel,666,ISR,1982,Yitzhak Shamir,1980,1986,Q184351,Yitzhak Shamir
Israel,666,ISR,1983,Yitzhak Shamir,1980,1986,Q184351,Yitzhak Shamir
Israel,666,ISR,1984,Yitzhak Shamir,1980,1986,Q184351,Yitzhak Shamir
Israel,666,ISR,1985,Yitzhak Shamir,1980,1986,Q184351,Yitzhak Shamir
Israel,666,ISR,1986,Shimon Peres,1986,1988,Q57410,Shimon Peres
Israel,666,ISR,1986,Yitzhak Shamir,1980,1986,Q184351,Yitzhak Shamir
Israel,666,ISR,1987,Shimon Peres,1986,1988,Q57410,Shimon Peres
Israel,666,ISR,1988,Moshe Arens,1988,1990,Q548185,Moshe Arens
Israel,666,ISR,1988,Shimon Peres,1986,1988,Q57410,Shimon Peres
Israel,666,ISR,1989,Moshe Arens,1988,1990,Q548185,Moshe Arens
Israel,666,ISR,1990,David Levy,1990,1992,Q1175220,David Levy
Israel,666,ISR,1990,Moshe Arens,1988,1990,Q548185,Moshe Arens
Israel,666,ISR,1991,David Levy,1990,1992,Q1175220,David Levy
Israel,666,ISR,1992,Shimon Peres,1992,1995,Q57410,Shimon Peres
Israel,666,ISR,1992,David Levy,1990,1992,Q1175220,David Levy
Israel,666,ISR,1993,Shimon Peres,1992,1995,Q57410,Shimon Peres
Israel,666,ISR,1994,Shimon Peres,1992,1995,Q57410,Shimon Peres
Israel,666,ISR,1995,Ehud Barak,1995,1996,Q125731,Ehud Barak
Israel,666,ISR,1995,Yossi Beilin,1995,1995,Q548964,Yossi Beilin
Israel,666,ISR,1995,Shimon Peres,1992,1995,Q57410,Shimon Peres
Israel,666,ISR,1996,Ehud Barak,1995,1996,Q125731,Ehud Barak
Israel,666,ISR,1996,David Levy,1996,1998,Q1175220,David Levy
Israel,666,ISR,1997,David Levy,1996,1998,Q1175220,David Levy
Israel,666,ISR,1998,Ariel Sharon,1998,1999,Q60206,Ariel Sharon
Israel,666,ISR,1998,Benjamin Netanyahu,1998,1998,Q43723,Benjamin Netanyahu
Israel,666,ISR,1998,David Levy,1996,1998,Q1175220,David Levy
Israel,666,ISR,1999,Ariel Sharon,1998,1999,Q60206,Ariel Sharon
Israel,666,ISR,1999,David Levy,1999,2000,Q1175220,David Levy
Israel,666,ISR,2000,Ehud Barak,2000,2000,Q125731,Ehud Barak
Israel,666,ISR,2000,Shlomo Ben-Ami,2000,2001,Q559208,Shlomo Ben-Ami
Israel,666,ISR,2000,David Levy,1999,2000,Q1175220,David Levy
Israel,666,ISR,2001,Shlomo Ben-Ami,2000,2001,Q559208,Shlomo Ben-Ami
Israel,666,ISR,2001,Shimon Peres,2001,2002,Q57410,Shimon Peres
Israel,666,ISR,2002,Benjamin Netanyahu,2002,2003,Q43723,Benjamin Netanyahu
Israel,666,ISR,2002,Ariel Sharon,2002,2002,Q60206,Ariel Sharon
Israel,666,ISR,2002,Shimon Peres,2001,2002,Q57410,Shimon Peres
Israel,666,ISR,2003,Benjamin Netanyahu,2002,2003,Q43723,Benjamin Netanyahu
Israel,666,ISR,2003,Silvan Shalom,2003,2006,Q553567,Silvan Shalom
Israel,666,ISR,2004,Silvan Shalom,2003,2006,Q553567,Silvan Shalom
Israel,666,ISR,2005,Silvan Shalom,2003,2006,Q553567,Silvan Shalom
Israel,666,ISR,2006,Silvan Shalom,2003,2006,Q553567,Silvan Shalom
Israel,666,ISR,2006,Tzipi Livni,2006,2009,Q151796,Tzipi Livni
Israel,666,ISR,2007,Tzipi Livni,2006,2009,Q151796,Tzipi Livni
Israel,666,ISR,2008,Tzipi Livni,2006,2009,Q151796,Tzipi Livni
Israel,666,ISR,2009,Avigdor Lieberman,2009,2012,Q58311,Avigdor Lieberman
Israel,666,ISR,2009,Tzipi Livni,2006,2009,Q151796,Tzipi Livni
Israel,666,ISR,2010,Avigdor Lieberman,2009,2012,Q58311,Avigdor Lieberman
Israel,666,ISR,2011,Avigdor Lieberman,2009,2012,Q58311,Avigdor Lieberman
Israel,666,ISR,2012,Avigdor Lieberman,2009,2012,Q58311,Avigdor Lieberman
Israel,666,ISR,2012,Benjamin Netanyahu,2012,2013,Q43723,Benjamin Netanyahu
Israel,666,ISR,2013,Avigdor Lieberman,2013,2015,Q58311,Avigdor Lieberman
Israel,666,ISR,2013,Benjamin Netanyahu,2012,2013,Q43723,Benjamin Netanyahu
Israel,666,ISR,2014,Avigdor Lieberman,2013,2015,Q58311,Avigdor Lieberman
Israel,666,ISR,2015,Avigdor Lieberman,2013,2015,Q58311,Avigdor Lieberman
Israel,666,ISR,2015,Benjamin Netanyahu,2015,2019,Q43723,Benjamin Netanyahu
Israel,666,ISR,2016,Benjamin Netanyahu,2015,2019,Q43723,Benjamin Netanyahu
Israel,666,ISR,2017,Benjamin Netanyahu,2015,2019,Q43723,Benjamin Netanyahu
Israel,666,ISR,2018,Benjamin Netanyahu,2015,2019,Q43723,Benjamin Netanyahu
Israel,666,ISR,2019,Yisrael Katz,2019,2019,Q487304,Yisrael Katz
Israel,666,ISR,2019,Benjamin Netanyahu,2015,2019,Q43723,Benjamin Netanyahu
Italy,325,ITA,1947,Carlo Sforza,1947,1951,Q463243,Carlo Sforza
Italy,325,ITA,1948,Carlo Sforza,1947,1951,Q463243,Carlo Sforza
Italy,325,ITA,1949,Carlo Sforza,1947,1951,Q463243,Carlo Sforza
Italy,325,ITA,1950,Carlo Sforza,1947,1951,Q463243,Carlo Sforza
Italy,325,ITA,1951,Alcide De Gasperi,1951,1953,Q153832,Alcide De Gasperi
Italy,325,ITA,1951,Carlo Sforza,1947,1951,Q463243,Carlo Sforza
Italy,325,ITA,1952,Alcide De Gasperi,1951,1953,Q153832,Alcide De Gasperi
Italy,325,ITA,1953,Alcide De Gasperi,1951,1953,Q153832,Alcide De Gasperi
Italy,325,ITA,1953,Giuseppe Pella,1953,1954,Q320963,Giuseppe Pella
Italy,325,ITA,1954,Attilio Piccioni,1954,1954,Q343323,Attilio Piccioni
Italy,325,ITA,1954,Gaetano Martino,1954,1957,Q139055,Gaetano Martino
Italy,325,ITA,1954,Giuseppe Pella,1953,1954,Q320963,Giuseppe Pella
Italy,325,ITA,1955,Gaetano Martino,1954,1957,Q139055,Gaetano Martino
Italy,325,ITA,1956,Gaetano Martino,1954,1957,Q139055,Gaetano Martino
Italy,325,ITA,1957,Giuseppe Pella,1957,1958,Q320963,Giuseppe Pella
Italy,325,ITA,1957,Gaetano Martino,1954,1957,Q139055,Gaetano Martino
Italy,325,ITA,1958,Amintore Fanfani,1958,1959,Q273228,Amintore Fanfani
Italy,325,ITA,1958,Giuseppe Pella,1957,1958,Q320963,Giuseppe Pella
Italy,325,ITA,1959,Amintore Fanfani,1958,1959,Q273228,Amintore Fanfani
Italy,325,ITA,1959,Giuseppe Pella,1959,1960,Q320963,Giuseppe Pella
Italy,325,ITA,1960,Antonio Segni,1960,1962,Q1240,Antonio Segni
Italy,325,ITA,1960,Giuseppe Pella,1959,1960,Q320963,Giuseppe Pella
Italy,325,ITA,1961,Antonio Segni,1960,1962,Q1240,Antonio Segni
Italy,325,ITA,1962,Antonio Segni,1960,1962,Q1240,Antonio Segni
Italy,325,ITA,1962,Attilio Piccioni,1962,1963,Q343323,Attilio Piccioni
Italy,325,ITA,1962,Amintore Fanfani,1962,1962,Q273228,Amintore Fanfani
Italy,325,ITA,1963,Attilio Piccioni,1962,1963,Q343323,Attilio Piccioni
Italy,325,ITA,1963,Giuseppe Saragat,1963,1964,Q1238,Giuseppe Saragat
Italy,325,ITA,1964,Aldo Moro,1964,1965,Q171834,Aldo Moro
Italy,325,ITA,1964,Giuseppe Saragat,1963,1964,Q1238,Giuseppe Saragat
Italy,325,ITA,1965,Aldo Moro,1965,1966,Q171834,Aldo Moro
Italy,325,ITA,1965,Aldo Moro,1964,1965,Q171834,Aldo Moro
Italy,325,ITA,1965,Amintore Fanfani,1965,1965,Q273228,Amintore Fanfani
Italy,325,ITA,1966,Aldo Moro,1965,1966,Q171834,Aldo Moro
Italy,325,ITA,1966,Amintore Fanfani,1966,1968,Q273228,Amintore Fanfani
Italy,325,ITA,1967,Amintore Fanfani,1966,1968,Q273228,Amintore Fanfani
Italy,325,ITA,1968,Pietro Nenni,1968,1969,Q539486,Pietro Nenni
Italy,325,ITA,1968,Aldo Moro,1968,1968,Q171834,Aldo Moro
Italy,325,ITA,1968,Amintore Fanfani,1966,1968,Q273228,Amintore Fanfani
Italy,325,ITA,1968,Giuseppe Medici,1968,1968,Q323998,Giuseppe Medici
Italy,325,ITA,1969,Pietro Nenni,1968,1969,Q539486,Pietro Nenni
Italy,325,ITA,1969,Aldo Moro,1969,1972,Q171834,Aldo Moro
Italy,325,ITA,1970,Aldo Moro,1969,1972,Q171834,Aldo Moro
Italy,325,ITA,1971,Aldo Moro,1969,1972,Q171834,Aldo Moro
Italy,325,ITA,1972,Giuseppe Medici,1972,1973,Q323998,Giuseppe Medici
Italy,325,ITA,1972,Aldo Moro,1969,1972,Q171834,Aldo Moro
Italy,325,ITA,1973,Aldo Moro,1973,1974,Q171834,Aldo Moro
Italy,325,ITA,1973,Giuseppe Medici,1972,1973,Q323998,Giuseppe Medici
Italy,325,ITA,1974,Mariano Rumor,1974,1976,Q316288,Mariano Rumor
Italy,325,ITA,1974,Aldo Moro,1973,1974,Q171834,Aldo Moro
Italy,325,ITA,1975,Mariano Rumor,1974,1976,Q316288,Mariano Rumor
Italy,325,ITA,1976,Mariano Rumor,1974,1976,Q316288,Mariano Rumor
Italy,325,ITA,1976,Arnaldo Forlani,1976,1979,Q434786,Arnaldo Forlani
Italy,325,ITA,1977,Arnaldo Forlani,1976,1979,Q434786,Arnaldo Forlani
Italy,325,ITA,1978,Arnaldo Forlani,1976,1979,Q434786,Arnaldo Forlani
Italy,325,ITA,1979,Arnaldo Forlani,1976,1979,Q434786,Arnaldo Forlani
Italy,325,ITA,1979,Franco Maria Malfatti,1979,1980,Q469478,Franco Maria Malfatti
Italy,325,ITA,1980,Franco Maria Malfatti,1979,1980,Q469478,Franco Maria Malfatti
Italy,325,ITA,1980,Attilio Ruffini,1980,1980,Q492720,Attilio Ruffini
Italy,325,ITA,1980,Emilio Colombo,1980,1983,Q312058,Emilio Colombo
Italy,325,ITA,1981,Emilio Colombo,1980,1983,Q312058,Emilio Colombo
Italy,325,ITA,1982,Emilio Colombo,1980,1983,Q312058,Emilio Colombo
Italy,325,ITA,1983,Giulio Andreotti,1983,1989,Q50005,Giulio Andreotti
Italy,325,ITA,1983,Emilio Colombo,1980,1983,Q312058,Emilio Colombo
Italy,325,ITA,1984,Giulio Andreotti,1983,1989,Q50005,Giulio Andreotti
Italy,325,ITA,1985,Giulio Andreotti,1983,1989,Q50005,Giulio Andreotti
Italy,325,ITA,1986,Giulio Andreotti,1983,1989,Q50005,Giulio Andreotti
Italy,325,ITA,1987,Giulio Andreotti,1983,1989,Q50005,Giulio Andreotti
Italy,325,ITA,1988,Giulio Andreotti,1983,1989,Q50005,Giulio Andreotti
Italy,325,ITA,1989,Gianni De Michelis,1989,1992,Q902439,Gianni De Michelis
Italy,325,ITA,1989,Giulio Andreotti,1983,1989,Q50005,Giulio Andreotti
Italy,325,ITA,1990,Gianni De Michelis,1989,1992,Q902439,Gianni De Michelis
Italy,325,ITA,1991,Gianni De Michelis,1989,1992,Q902439,Gianni De Michelis
Italy,325,ITA,1992,Emilio Colombo,1992,1993,Q312058,Emilio Colombo
Italy,325,ITA,1992,Gianni De Michelis,1989,1992,Q902439,Gianni De Michelis
Italy,325,ITA,1992,Giuliano Amato,1992,1992,Q202209,Giuliano Amato
Italy,325,ITA,1992,Vincenzo Scotti,1992,1992,Q1695842,Vincenzo Scotti
Italy,325,ITA,1993,Emilio Colombo,1992,1993,Q312058,Emilio Colombo
Italy,325,ITA,1993,Beniamino Andreatta,1993,1994,Q734294,Beniamino Andreatta
Italy,325,ITA,1994,Leopoldo Elia,1994,1994,Q1384236,Leopoldo Elia
Italy,325,ITA,1994,Beniamino Andreatta,1993,1994,Q734294,Beniamino Andreatta
Italy,325,ITA,1994,Antonio Martino,1994,1995,Q603390,Antonio Martino
Italy,325,ITA,1995,Susanna Agnelli,1995,1996,Q276023,Susanna Agnelli
Italy,325,ITA,1995,Antonio Martino,1994,1995,Q603390,Antonio Martino
Italy,325,ITA,1996,Lamberto Dini,1996,2001,Q208100,Lamberto Dini
Italy,325,ITA,1996,Susanna Agnelli,1995,1996,Q276023,Susanna Agnelli
Italy,325,ITA,1997,Lamberto Dini,1996,2001,Q208100,Lamberto Dini
Italy,325,ITA,1998,Lamberto Dini,1996,2001,Q208100,Lamberto Dini
Italy,325,ITA,1999,Lamberto Dini,1996,2001,Q208100,Lamberto Dini
Italy,325,ITA,2000,Lamberto Dini,1996,2001,Q208100,Lamberto Dini
Italy,325,ITA,2001,Renato Ruggiero,2001,2002,Q956652,Renato Ruggiero
Italy,325,ITA,2001,Lamberto Dini,1996,2001,Q208100,Lamberto Dini
Italy,325,ITA,2002,Franco Frattini,2002,2004,Q333833,Franco Frattini
Italy,325,ITA,2002,Silvio Berlusconi,2002,2002,Q11860,Silvio Berlusconi
Italy,325,ITA,2002,Renato Ruggiero,2001,2002,Q956652,Renato Ruggiero
Italy,325,ITA,2003,Franco Frattini,2002,2004,Q333833,Franco Frattini
Italy,325,ITA,2004,Gianfranco Fini,2004,2006,Q47583,Gianfranco Fini
Italy,325,ITA,2004,Franco Frattini,2002,2004,Q333833,Franco Frattini
Italy,325,ITA,2005,Gianfranco Fini,2004,2006,Q47583,Gianfranco Fini
Italy,325,ITA,2006,Gianfranco Fini,2004,2006,Q47583,Gianfranco Fini
Italy,325,ITA,2006,Massimo D'Alema,2006,2008,Q47602,Massimo D'Alema
Italy,325,ITA,2007,Massimo D'Alema,2006,2008,Q47602,Massimo D'Alema
Italy,325,ITA,2008,Franco Frattini,2008,2011,Q333833,Franco Frattini
Italy,325,ITA,2008,Massimo D'Alema,2006,2008,Q47602,Massimo D'Alema
Italy,325,ITA,2009,Franco Frattini,2008,2011,Q333833,Franco Frattini
Italy,325,ITA,2010,Franco Frattini,2008,2011,Q333833,Franco Frattini
Italy,325,ITA,2011,Franco Frattini,2008,2011,Q333833,Franco Frattini
Italy,325,ITA,2011,Giulio Terzi,2011,2013,Q58078,
Italy,325,ITA,2012,Giulio Terzi,2011,2013,Q58078,
Italy,325,ITA,2013,Emma Bonino,2013,2014,Q50002,Emma Bonino
Italy,325,ITA,2013,Mario Monti,2013,2013,Q47904,Mario Monti
Italy,325,ITA,2013,Giulio Terzi,2011,2013,Q58078,
Italy,325,ITA,2014,Emma Bonino,2013,2014,Q50002,Emma Bonino
Italy,325,ITA,2014,Federica Mogherini,2014,2014,Q3741557,Federica Mogherini
Italy,325,ITA,2014,Paolo Gentiloni,2014,2016,Q1071031,Paolo Gentiloni
Italy,325,ITA,2015,Paolo Gentiloni,2014,2016,Q1071031,Paolo Gentiloni
Italy,325,ITA,2016,Paolo Gentiloni,2014,2016,Q1071031,Paolo Gentiloni
Italy,325,ITA,2016,Angelino Alfano,2016,2018,Q535055,Angelino Alfano
Italy,325,ITA,2017,Angelino Alfano,2016,2018,Q535055,Angelino Alfano
Italy,325,ITA,2018,Angelino Alfano,2016,2018,Q535055,Angelino Alfano
Italy,325,ITA,2018,Enzo Moavero Milanesi,2018,2019,Q1657794,Enzo Moavero Milanesi
Italy,325,ITA,2019,Enzo Moavero Milanesi,2018,2019,Q1657794,Enzo Moavero Milanesi
Jamaica,51,JAM,1962,Sir Alexander Bustamante,1962,1967,Q265034,
Jamaica,51,JAM,1963,Sir Alexander Bustamante,1962,1967,Q265034,
Jamaica,51,JAM,1964,Sir Alexander Bustamante,1962,1967,Q265034,
Jamaica,51,JAM,1965,Sir Alexander Bustamante,1962,1967,Q265034,
Jamaica,51,JAM,1966,Sir Alexander Bustamante,1962,1967,Q265034,
Jamaica,51,JAM,1967,Sir Alexander Bustamante,1962,1967,Q265034,
Jamaica,51,JAM,1967,Hugh Lawson Shearer,1967,1972,Q982324,
Jamaica,51,JAM,1968,Hugh Lawson Shearer,1967,1972,Q982324,
Jamaica,51,JAM,1969,Hugh Lawson Shearer,1967,1972,Q982324,
Jamaica,51,JAM,1970,Hugh Lawson Shearer,1967,1972,Q982324,
Jamaica,51,JAM,1971,Hugh Lawson Shearer,1967,1972,Q982324,
Jamaica,51,JAM,1972,Michael Manley,1972,1975,Q365395,Michael Manley
Jamaica,51,JAM,1972,Hugh Lawson Shearer,1967,1972,Q982324,
Jamaica,51,JAM,1973,Michael Manley,1972,1975,Q365395,Michael Manley
Jamaica,51,JAM,1974,Michael Manley,1972,1975,Q365395,Michael Manley
Jamaica,51,JAM,1975,Dudley Thompson,1975,1977,Q1263771,Dudley Thompson
Jamaica,51,JAM,1975,Michael Manley,1972,1975,Q365395,Michael Manley
Jamaica,51,JAM,1976,Dudley Thompson,1975,1977,Q1263771,Dudley Thompson
Jamaica,51,JAM,1977,Dudley Thompson,1975,1977,Q1263771,Dudley Thompson
Jamaica,51,JAM,1977,P.J. Patterson,1977,1980,Q109130,
Jamaica,51,JAM,1978,P.J. Patterson,1977,1980,Q109130,
Jamaica,51,JAM,1979,P.J. Patterson,1977,1980,Q109130,
Jamaica,51,JAM,1980,P.J. Patterson,1977,1980,Q109130,
Jamaica,51,JAM,1980,Hugh Lawson Shearer,1980,1989,Q982324,
Jamaica,51,JAM,1981,Hugh Lawson Shearer,1980,1989,Q982324,
Jamaica,51,JAM,1982,Hugh Lawson Shearer,1980,1989,Q982324,
Jamaica,51,JAM,1983,Hugh Lawson Shearer,1980,1989,Q982324,
Jamaica,51,JAM,1984,Hugh Lawson Shearer,1980,1989,Q982324,
Jamaica,51,JAM,1985,Hugh Lawson Shearer,1980,1989,Q982324,
Jamaica,51,JAM,1986,Hugh Lawson Shearer,1980,1989,Q982324,
Jamaica,51,JAM,1987,Hugh Lawson Shearer,1980,1989,Q982324,
Jamaica,51,JAM,1988,Hugh Lawson Shearer,1980,1989,Q982324,
Jamaica,51,JAM,1989,Hugh Lawson Shearer,1980,1989,Q982324,
Jamaica,51,JAM,1989,David Coore,1989,1993,Q1174060,
Jamaica,51,JAM,1990,David Coore,1989,1993,Q1174060,
Jamaica,51,JAM,1991,David Coore,1989,1993,Q1174060,
Jamaica,51,JAM,1992,David Coore,1989,1993,Q1174060,
Jamaica,51,JAM,1993,Paul Robertson,1993,1995,,
Jamaica,51,JAM,1993,David Coore,1989,1993,Q1174060,
Jamaica,51,JAM,1994,Paul Robertson,1993,1995,,
Jamaica,51,JAM,1995,Paul Robertson,1993,1995,,
Jamaica,51,JAM,1995,Seymour Mullings,1995,2000,Q15634451,Seymour Mullings
Jamaica,51,JAM,1996,Seymour Mullings,1995,2000,Q15634451,Seymour Mullings
Jamaica,51,JAM,1997,Seymour Mullings,1995,2000,Q15634451,Seymour Mullings
Jamaica,51,JAM,1998,Seymour Mullings,1995,2000,Q15634451,Seymour Mullings
Jamaica,51,JAM,1999,Seymour Mullings,1995,2000,Q15634451,Seymour Mullings
Jamaica,51,JAM,2000,Seymour Mullings,1995,2000,Q15634451,Seymour Mullings
Jamaica,51,JAM,2000,Paul Robertson,2000,2001,,
Jamaica,51,JAM,2001,Paul Robertson,2000,2001,,
Jamaica,51,JAM,2001,Keith Desmond Knight,2001,2006,,
Jamaica,51,JAM,2002,Keith Desmond Knight,2001,2006,,
Jamaica,51,JAM,2003,Keith Desmond Knight,2001,2006,,
Jamaica,51,JAM,2004,Keith Desmond Knight,2001,2006,,
Jamaica,51,JAM,2005,Keith Desmond Knight,2001,2006,,
Jamaica,51,JAM,2006,Anthony Hylton,2006,2007,Q2852879,Anthony Hylton
Jamaica,51,JAM,2006,Keith Desmond Knight,2001,2006,,
Jamaica,51,JAM,2007,Anthony Hylton,2006,2007,Q2852879,Anthony Hylton
Jamaica,51,JAM,2007,Kenneth Baugh,2007,2012,Q951744,Kenneth Baugh
Jamaica,51,JAM,2008,Kenneth Baugh,2007,2012,Q951744,Kenneth Baugh
Jamaica,51,JAM,2009,Kenneth Baugh,2007,2012,Q951744,Kenneth Baugh
Jamaica,51,JAM,2010,Kenneth Baugh,2007,2012,Q951744,Kenneth Baugh
Jamaica,51,JAM,2011,Kenneth Baugh,2007,2012,Q951744,Kenneth Baugh
Jamaica,51,JAM,2012,A.J. Nicholson,2012,2016,Q695520,
Jamaica,51,JAM,2012,Kenneth Baugh,2007,2012,Q951744,Kenneth Baugh
Jamaica,51,JAM,2013,A.J. Nicholson,2012,2016,Q695520,
Jamaica,51,JAM,2014,A.J. Nicholson,2012,2016,Q695520,
Jamaica,51,JAM,2015,A.J. Nicholson,2012,2016,Q695520,
Jamaica,51,JAM,2016,Kamina Johnson Smith,2016,2019,Q28225536,
Jamaica,51,JAM,2016,A.J. Nicholson,2012,2016,Q695520,
Jamaica,51,JAM,2017,Kamina Johnson Smith,2016,2019,Q28225536,
Jamaica,51,JAM,2018,Kamina Johnson Smith,2016,2019,Q28225536,
Jamaica,51,JAM,2019,Kamina Johnson Smith,2016,2019,Q28225536,
Japan,740,JPN,1948,Shigeru Yoshida,1948,1952,Q301804,Shigeru Yoshida
Japan,740,JPN,1949,Shigeru Yoshida,1948,1952,Q301804,Shigeru Yoshida
Japan,740,JPN,1950,Shigeru Yoshida,1948,1952,Q301804,Shigeru Yoshida
Japan,740,JPN,1951,Shigeru Yoshida,1948,1952,Q301804,Shigeru Yoshida
Japan,740,JPN,1952,Shigeru Yoshida,1948,1952,Q301804,Shigeru Yoshida
Japan,740,JPN,1952,Katsuo Okazaki,1952,1954,Q5367855,Katsuo Okazaki
Japan,740,JPN,1953,Katsuo Okazaki,1952,1954,Q5367855,Katsuo Okazaki
Japan,740,JPN,1954,Mamoru Shigemitsu,1954,1956,Q447077,Mamoru Shigemitsu
Japan,740,JPN,1954,Katsuo Okazaki,1952,1954,Q5367855,Katsuo Okazaki
Japan,740,JPN,1955,Mamoru Shigemitsu,1954,1956,Q447077,Mamoru Shigemitsu
Japan,740,JPN,1956,Mamoru Shigemitsu,1954,1956,Q447077,Mamoru Shigemitsu
Japan,740,JPN,1956,Nobusuke Kishi,1956,1957,Q315572,Nobusuke Kishi
Japan,740,JPN,1957,Aiichiro Fujiyama,1957,1960,Q455325,Aiichiro Fujiyama
Japan,740,JPN,1957,Nobusuke Kishi,1956,1957,Q315572,Nobusuke Kishi
Japan,740,JPN,1958,Aiichiro Fujiyama,1957,1960,Q455325,Aiichiro Fujiyama
Japan,740,JPN,1959,Aiichiro Fujiyama,1957,1960,Q455325,Aiichiro Fujiyama
Japan,740,JPN,1960,Zentaro Kosaka,1960,1962,Q5463671,Zentaro Kosaka
Japan,740,JPN,1960,Aiichiro Fujiyama,1957,1960,Q455325,Aiichiro Fujiyama
Japan,740,JPN,1961,Zentaro Kosaka,1960,1962,Q5463671,Zentaro Kosaka
Japan,740,JPN,1962,Zentaro Kosaka,1960,1962,Q5463671,Zentaro Kosaka
Japan,740,JPN,1962,Masayoshi Ohira,1962,1964,Q315568,
Japan,740,JPN,1963,Masayoshi Ohira,1962,1964,Q315568,
Japan,740,JPN,1964,Etsusaburo Shiina,1964,1966,Q509600,
Japan,740,JPN,1964,Masayoshi Ohira,1962,1964,Q315568,
Japan,740,JPN,1965,Etsusaburo Shiina,1964,1966,Q509600,
Japan,740,JPN,1966,Takeo Miki,1966,1968,Q317675,Takeo Miki
Japan,740,JPN,1966,Etsusaburo Shiina,1964,1966,Q509600,
Japan,740,JPN,1967,Takeo Miki,1966,1968,Q317675,Takeo Miki
Japan,740,JPN,1968,Takeo Miki,1966,1968,Q317675,Takeo Miki
Japan,740,JPN,1968,Eisaku Sato,1968,1968,Q179871,Eisaku Sato
Japan,740,JPN,1968,Kiichi Aichi,1968,1971,Q403684,Kiichi Aichi
Japan,740,JPN,1969,Kiichi Aichi,1968,1971,Q403684,Kiichi Aichi
Japan,740,JPN,1970,Kiichi Aichi,1968,1971,Q403684,Kiichi Aichi
Japan,740,JPN,1971,Takeo Fukuda,1971,1972,Q315584,Takeo Fukuda
Japan,740,JPN,1971,Kiichi Aichi,1968,1971,Q403684,Kiichi Aichi
Japan,740,JPN,1972,Masayoshi Ohira,1972,1974,Q315568,
Japan,740,JPN,1972,Takeo Fukuda,1971,1972,Q315584,Takeo Fukuda
Japan,740,JPN,1973,Masayoshi Ohira,1972,1974,Q315568,
Japan,740,JPN,1974,Kiichi Miyazawa,1974,1976,Q315565,Kiichi Miyazawa
Japan,740,JPN,1974,Masayoshi Ohira,1972,1974,Q315568,
Japan,740,JPN,1974,Toshio Kimura,1974,1974,Q6143541,Toshio Kimura
Japan,740,JPN,1975,Kiichi Miyazawa,1974,1976,Q315565,Kiichi Miyazawa
Japan,740,JPN,1976,Zentaro Kosaka,1976,1976,Q5463671,Zentaro Kosaka
Japan,740,JPN,1976,Kiichi Miyazawa,1974,1976,Q315565,Kiichi Miyazawa
Japan,740,JPN,1976,Iichiro Hatoyama,1976,1977,Q1155062,Iichiro Hatoyama
Japan,740,JPN,1977,Sunao Sonoda,1977,1979,Q4388117,Sunao Sonoda
Japan,740,JPN,1977,Iichiro Hatoyama,1976,1977,Q1155062,Iichiro Hatoyama
Japan,740,JPN,1978,Sunao Sonoda,1977,1979,Q4388117,Sunao Sonoda
Japan,740,JPN,1979,Saburo Okita,1979,1980,Q855629,Saburo Okita
Japan,740,JPN,1979,Sunao Sonoda,1977,1979,Q4388117,Sunao Sonoda
Japan,740,JPN,1980,Masayoshi Ito,1980,1981,Q744989,Masayoshi Ito
Japan,740,JPN,1980,Saburo Okita,1979,1980,Q855629,Saburo Okita
Japan,740,JPN,1981,Yoshio Sakurauchi,1981,1982,Q5367427,Yoshio Sakurauchi
Japan,740,JPN,1981,Masayoshi Ito,1980,1981,Q744989,Masayoshi Ito
Japan,740,JPN,1981,Sunao Sonoda,1981,1981,Q4388117,Sunao Sonoda
Japan,740,JPN,1982,Shintaro Abe,1982,1986,Q318209,
Japan,740,JPN,1982,Yoshio Sakurauchi,1981,1982,Q5367427,Yoshio Sakurauchi
Japan,740,JPN,1983,Shintaro Abe,1982,1986,Q318209,
Japan,740,JPN,1984,Shintaro Abe,1982,1986,Q318209,
Japan,740,JPN,1985,Shintaro Abe,1982,1986,Q318209,
Japan,740,JPN,1986,Shintaro Abe,1982,1986,Q318209,
Japan,740,JPN,1986,Tadashi Kuranari,1986,1987,Q5367526,Tadashi Kuranari
Japan,740,JPN,1987,Tadashi Kuranari,1986,1987,Q5367526,Tadashi Kuranari
Japan,740,JPN,1987,Sosuke Uno,1987,1989,Q315591,Sosuke Uno
Japan,740,JPN,1988,Sosuke Uno,1987,1989,Q315591,Sosuke Uno
Japan,740,JPN,1989,Sosuke Uno,1987,1989,Q315591,Sosuke Uno
Japan,740,JPN,1989,Hiroshi Mitsuzuka,1989,1989,Q854691,Hiroshi Mitsuzuka
Japan,740,JPN,1989,Taro Nakayama,1989,1991,Q5367903,Taro Nakayama
Japan,740,JPN,1990,Taro Nakayama,1989,1991,Q5367903,Taro Nakayama
Japan,740,JPN,1991,Michio Watanabe,1991,1993,Q321776,Michio Watanabe
Japan,740,JPN,1991,Taro Nakayama,1989,1991,Q5367903,Taro Nakayama
Japan,740,JPN,1992,Michio Watanabe,1991,1993,Q321776,Michio Watanabe
Japan,740,JPN,1993,Tsutomu Hata,1993,1994,Q315720,Tsutomu Hata
Japan,740,JPN,1993,Michio Watanabe,1991,1993,Q321776,Michio Watanabe
Japan,740,JPN,1993,Kabun Muto,1993,1993,Q939576,
Japan,740,JPN,1994,Tsutomu Hata,1993,1994,Q315720,Tsutomu Hata
Japan,740,JPN,1994,Koji Kakizawa,1994,1994,Q1042848,Koji Kakizawa
Japan,740,JPN,1994,Yohei Kono,1994,1996,Q186146,Yohei Kono
Japan,740,JPN,1995,Yohei Kono,1994,1996,Q186146,Yohei Kono
Japan,740,JPN,1996,Yohei Kono,1994,1996,Q186146,Yohei Kono
Japan,740,JPN,1996,Yukihiko Ikeda,1996,1997,Q366114,Yukihiko Ikeda
Japan,740,JPN,1997,Keizo Obuchi,1997,1998,Q313339,Keizo Obuchi
Japan,740,JPN,1997,Yukihiko Ikeda,1996,1997,Q366114,Yukihiko Ikeda
Japan,740,JPN,1998,Keizo Obuchi,1997,1998,Q313339,Keizo Obuchi
Japan,740,JPN,1998,Masahiko Komura,1998,1999,Q697969,Masahiko Komura
Japan,740,JPN,1999,Masahiko Komura,1998,1999,Q697969,Masahiko Komura
Japan,740,JPN,1999,Yohei Kono,1999,2001,Q186146,Yohei Kono
Japan,740,JPN,2000,Yohei Kono,1999,2001,Q186146,Yohei Kono
Japan,740,JPN,2001,Makiko Tanaka,2001,2002,Q465217,Makiko Tanaka
Japan,740,JPN,2001,Yohei Kono,1999,2001,Q186146,Yohei Kono
Japan,740,JPN,2002,Junichiro Koizumi,2002,2002,Q130852,Junichiro Koizumi
Japan,740,JPN,2002,Yoriko Kawaguchi,2002,2004,Q444899,Yoriko Kawaguchi
Japan,740,JPN,2002,Makiko Tanaka,2001,2002,Q465217,Makiko Tanaka
Japan,740,JPN,2003,Yoriko Kawaguchi,2002,2004,Q444899,Yoriko Kawaguchi
Japan,740,JPN,2004,Nobutaka Machimura,2004,2005,Q697258,Nobutaka Machimura
Japan,740,JPN,2004,Yoriko Kawaguchi,2002,2004,Q444899,Yoriko Kawaguchi
Japan,740,JPN,2005,Taro Aso,2005,2007,Q132596,Taro Aso
Japan,740,JPN,2005,Nobutaka Machimura,2004,2005,Q697258,Nobutaka Machimura
Japan,740,JPN,2006,Taro Aso,2005,2007,Q132596,Taro Aso
Japan,740,JPN,2007,Masahiko Komura,2007,2008,Q697969,Masahiko Komura
Japan,740,JPN,2007,Taro Aso,2005,2007,Q132596,Taro Aso
Japan,740,JPN,2007,Nobutaka Machimura,2007,2007,Q697258,Nobutaka Machimura
Japan,740,JPN,2008,Hirofumi Nakasone,2008,2009,Q937682,Hirofumi Nakasone
Japan,740,JPN,2008,Masahiko Komura,2007,2008,Q697969,Masahiko Komura
Japan,740,JPN,2009,Hirofumi Nakasone,2008,2009,Q937682,Hirofumi Nakasone
Japan,740,JPN,2009,Katsuya Okada,2009,2010,Q513317,Katsuya Okada
Japan,740,JPN,2010,Katsuya Okada,2009,2010,Q513317,Katsuya Okada
Japan,740,JPN,2010,Seiji Maehara,2010,2011,Q132280,Seiji Maehara
Japan,740,JPN,2011,Yukio Edano,2011,2011,Q732087,Yukio Edano
Japan,740,JPN,2011,Koichiro Genba,2011,2012,Q58213,Koichiro Genba
Japan,740,JPN,2011,Seiji Maehara,2010,2011,Q132280,Seiji Maehara
Japan,740,JPN,2011,Takeaki Matsumoto,2011,2011,Q1315762,Takeaki Matsumoto
Japan,740,JPN,2012,Koichiro Genba,2011,2012,Q58213,Koichiro Genba
Japan,740,JPN,2012,Fumio Kishida,2012,2017,Q359480,Fumio Kishida
Japan,740,JPN,2013,Fumio Kishida,2012,2017,Q359480,Fumio Kishida
Japan,740,JPN,2014,Fumio Kishida,2012,2017,Q359480,Fumio Kishida
Japan,740,JPN,2015,Fumio Kishida,2012,2017,Q359480,Fumio Kishida
Japan,740,JPN,2016,Fumio Kishida,2012,2017,Q359480,Fumio Kishida
Japan,740,JPN,2017,Taro Kono,2017,2019,Q1161024,Taro Kono
Japan,740,JPN,2017,Fumio Kishida,2012,2017,Q359480,Fumio Kishida
Japan,740,JPN,2018,Taro Kono,2017,2019,Q1161024,Taro Kono
Japan,740,JPN,2019,Taro Kono,2017,2019,Q1161024,Taro Kono
Jordan,663,JOR,1949,Samir Pasha al-Rifai,1949,1950,Q2096713,
Jordan,663,JOR,1950,Samir Pasha al-Rifai,1950,1951,Q454863,
Jordan,663,JOR,1950,Ruhi Pasha Abdul Hadi,1950,1950,,
Jordan,663,JOR,1950,Muhammad Pasha al-Shuraiki,1950,1950,,
Jordan,663,JOR,1950,Samir Pasha al-Rifai,1949,1950,Q2096713,
Jordan,663,JOR,1951,Samir Pasha al-Rifai,1950,1951,Q454863,
Jordan,663,JOR,1951,Anastas Bey Hananiya,1951,1951,,
Jordan,663,JOR,1951,Ahmad Toukan,1951,1951,Q400824,Ahmad Toukan
Jordan,663,JOR,1951,Tawfiq Pasha Abul-Huda,1951,1953,Q2096713,
Jordan,663,JOR,1952,Tawfiq Pasha Abul-Huda,1951,1953,Q2096713,
Jordan,663,JOR,1953,Tawfiq Pasha Abul-Huda,1951,1953,Q2096713,
Jordan,663,JOR,1953,Hussein Khalidi,1953,1954,Q2509312,
Jordan,663,JOR,1954,Jamal Toukan,1954,1954,,
Jordan,663,JOR,1954,Walid Salah,1954,1955,,
Jordan,663,JOR,1954,Hussein Khalidi,1953,1954,Q2509312,
Jordan,663,JOR,1954,Tawfiq Abul-Huda,1954,1954,Q2096713,
Jordan,663,JOR,1955,Samir al-Rifai,1955,1956,Q454863,Samir al-Rifai
Jordan,663,JOR,1955,Sa`id al-Mufti,1955,1955,Q979812,Sa`id al-Mufti
Jordan,663,JOR,1955,Hazza` al-Majali,1955,1955,Q4166555,
Jordan,663,JOR,1955,Walid Salah,1954,1955,,
Jordan,663,JOR,1956,Awni Abdul Hadi,1956,1956,Q2874705,
Jordan,663,JOR,1956,Sulayman al-Nabulsi,1956,1957,Q524678,Sulayman al-Nabulsi
Jordan,663,JOR,1956,Hussein Khalidi,1956,1956,Q2509312,
Jordan,663,JOR,1956,Fawzi al-Mulki,1956,1956,Q3432643,Fawzi al-Mulki
Jordan,663,JOR,1956,Sulayman al-Nabulsi,1956,1956,Q524678,Sulayman al-Nabulsi
Jordan,663,JOR,1956,Samir al-Rifai,1956,1956,Q454863,Samir al-Rifai
Jordan,663,JOR,1956,Samir al-Rifai,1955,1956,Q454863,Samir al-Rifai
Jordan,663,JOR,1957,Samir al-Rifai,1957,1958,Q454863,Samir al-Rifai
Jordan,663,JOR,1957,Sulayman al-Nabulsi,1956,1957,Q524678,Sulayman al-Nabulsi
Jordan,663,JOR,1958,Khulusi al-Khayri,1958,1959,,
Jordan,663,JOR,1958,Samir al-Rifai,1957,1958,Q454863,Samir al-Rifai
Jordan,663,JOR,1959,Khulusi al-Khayri,1958,1959,,
Jordan,663,JOR,1959,Musa Nasir,1959,1961,Q6033049,Musa Nasir
Jordan,663,JOR,1959,Hazza` al-Majali,1959,1959,Q4166555,
Jordan,663,JOR,1960,Musa Nasir,1959,1961,Q6033049,Musa Nasir
Jordan,663,JOR,1961,Rafi al-Husseini,1961,1962,,
Jordan,663,JOR,1961,Bahjat al-Talhouni,1961,1961,Q514356,
Jordan,663,JOR,1961,Musa Nasir,1959,1961,Q6033049,Musa Nasir
Jordan,663,JOR,1962,Hazem Nusseibeh,1962,1963,Q28717129,
Jordan,663,JOR,1962,Rafi al-Husseini,1961,1962,,
Jordan,663,JOR,1963,Hazem Nusseibeh,1962,1963,Q28717129,
Jordan,663,JOR,1963,Sharif Hussein ibn Nasir,1963,1963,Q4502514,
Jordan,663,JOR,1963,Amin Husseini,1963,1963,Q27825221,
Jordan,663,JOR,1963,Anton Atallah,1963,1964,,
Jordan,663,JOR,1964,Amin Husseini,1964,1964,Q27825221,
Jordan,663,JOR,1964,Kadri Toukan,1964,1965,,
Jordan,663,JOR,1964,Anton Atallah,1963,1964,,
Jordan,663,JOR,1965,Kadri Toukan,1964,1965,,
Jordan,663,JOR,1965,Hazem Nusseibeh,1965,1966,Q28717129,
Jordan,663,JOR,1966,Hazem Nusseibeh,1965,1966,Q28717129,
Jordan,663,JOR,1966,Akram Zuaiter,1966,1966,,
Jordan,663,JOR,1966,Abdullah Salah,1966,1967,Q102228052,Abdullah Salah
Jordan,663,JOR,1967,Abdullah Salah,1966,1967,Q102228052,Abdullah Salah
Jordan,663,JOR,1967,Ahmad Toukan,1967,1967,Q400824,Ahmad Toukan
Jordan,663,JOR,1967,Muhammad Adib al-Amiri,1967,1967,,
Jordan,663,JOR,1967,Bahjat al-Talhouni,1967,1968,Q514356,
Jordan,663,JOR,1968,Bahjat al-Talhouni,1967,1968,Q514356,
Jordan,663,JOR,1968,Abdul Munim al-Rifai,1968,1969,Q307318,
Jordan,663,JOR,1969,Abdul Munim al-Rifai,1969,1970,Q307318,
Jordan,663,JOR,1969,Abdul Munim al-Rifai,1968,1969,Q307318,
Jordan,663,JOR,1969,Ahmad Toukan,1969,1969,Q400824,Ahmad Toukan
Jordan,663,JOR,1970,Muhammad Daoud,1970,1970,Q4308812,
Jordan,663,JOR,1970,Abdullah Salah,1970,1972,Q102228052,Abdullah Salah
Jordan,663,JOR,1970,Anton Atallah,1970,1970,,
Jordan,663,JOR,1970,Abdul Munim al-Rifai,1969,1970,Q307318,
Jordan,663,JOR,1971,Abdullah Salah,1970,1972,Q102228052,Abdullah Salah
Jordan,663,JOR,1972,Salah Abu Zaid,1972,1973,Q59184021,
Jordan,663,JOR,1972,Abdullah Salah,1970,1972,Q102228052,Abdullah Salah
Jordan,663,JOR,1973,Zaid al-Rifai,1973,1976,Q144271,Zaid al-Rifai
Jordan,663,JOR,1973,Salah Abu Zaid,1972,1973,Q59184021,
Jordan,663,JOR,1974,Zaid al-Rifai,1973,1976,Q144271,Zaid al-Rifai
Jordan,663,JOR,1975,Zaid al-Rifai,1973,1976,Q144271,Zaid al-Rifai
Jordan,663,JOR,1976,Zaid al-Rifai,1973,1976,Q144271,Zaid al-Rifai
Jordan,663,JOR,1976,Mudar Badran,1976,1979,Q696952,Mudar Badran
Jordan,663,JOR,1977,Mudar Badran,1976,1979,Q696952,Mudar Badran
Jordan,663,JOR,1978,Mudar Badran,1976,1979,Q696952,Mudar Badran
Jordan,663,JOR,1979,Mudar Badran,1976,1979,Q696952,Mudar Badran
Jordan,663,JOR,1979,Sharif Abdul Hamid Sharaf,1979,1980,Q4054452,
Jordan,663,JOR,1980,Marwan al-Qasim,1980,1984,Q102314898,Marwan al-Qasim
Jordan,663,JOR,1980,Sharif Abdul Hamid Sharaf,1979,1980,Q4054452,
Jordan,663,JOR,1981,Marwan al-Qasim,1980,1984,Q102314898,Marwan al-Qasim
Jordan,663,JOR,1982,Marwan al-Qasim,1980,1984,Q102314898,Marwan al-Qasim
Jordan,663,JOR,1983,Marwan al-Qasim,1980,1984,Q102314898,Marwan al-Qasim
Jordan,663,JOR,1984,Marwan al-Qasim,1980,1984,Q102314898,Marwan al-Qasim
Jordan,663,JOR,1984,Taher al-Masri,1984,1988,Q2067182,Taher al-Masri
Jordan,663,JOR,1985,Taher al-Masri,1984,1988,Q2067182,Taher al-Masri
Jordan,663,JOR,1986,Taher al-Masri,1984,1988,Q2067182,Taher al-Masri
Jordan,663,JOR,1987,Taher al-Masri,1984,1988,Q2067182,Taher al-Masri
Jordan,663,JOR,1988,Taher al-Masri,1984,1988,Q2067182,Taher al-Masri
Jordan,663,JOR,1988,Marwan al-Qasim,1988,1991,Q102314898,Marwan al-Qasim
Jordan,663,JOR,1989,Marwan al-Qasim,1988,1991,Q102314898,Marwan al-Qasim
Jordan,663,JOR,1990,Marwan al-Qasim,1988,1991,Q102314898,Marwan al-Qasim
Jordan,663,JOR,1991,Taher al-Masri,1991,1991,Q2067182,Taher al-Masri
Jordan,663,JOR,1991,Kamel Abu Jaber,1991,1993,Q59164000,
Jordan,663,JOR,1991,Abdullah Ensour,1991,1991,Q34426,Abdullah Ensour
Jordan,663,JOR,1991,Marwan al-Qasim,1988,1991,Q102314898,Marwan al-Qasim
Jordan,663,JOR,1992,Kamel Abu Jaber,1991,1993,Q59164000,
Jordan,663,JOR,1993,Abdul Salam al-Majali,1993,1995,Q2663816,
Jordan,663,JOR,1993,Kamel Abu Jaber,1991,1993,Q59164000,
Jordan,663,JOR,1994,Abdul Salam al-Majali,1993,1995,Q2663816,
Jordan,663,JOR,1995,Abdul Karim al-Kabariti,1995,1997,Q2067696,Abdul Karim al-Kabariti
Jordan,663,JOR,1995,Abdul Salam al-Majali,1993,1995,Q2663816,
Jordan,663,JOR,1996,Abdul Karim al-Kabariti,1995,1997,Q2067696,Abdul Karim al-Kabariti
Jordan,663,JOR,1997,Fayez Tarawneh,1997,1998,Q512535,
Jordan,663,JOR,1997,Abdul Karim al-Kabariti,1995,1997,Q2067696,Abdul Karim al-Kabariti
Jordan,663,JOR,1998,Abdul Ilah Khatib,1998,2002,Q317276,Abdul Ilah Khatib
Jordan,663,JOR,1998,Jawad Anani,1998,1998,Q24565849,Jawad Anani
Jordan,663,JOR,1998,Fayez Tarawneh,1997,1998,Q512535,
Jordan,663,JOR,1999,Abdul Ilah Khatib,1998,2002,Q317276,Abdul Ilah Khatib
Jordan,663,JOR,2000,Abdul Ilah Khatib,1998,2002,Q317276,Abdul Ilah Khatib
Jordan,663,JOR,2001,Abdul Ilah Khatib,1998,2002,Q317276,Abdul Ilah Khatib
Jordan,663,JOR,2002,Marwan Muasher,2002,2004,Q6778558,
Jordan,663,JOR,2002,Abdul Ilah Khatib,1998,2002,Q317276,Abdul Ilah Khatib
Jordan,663,JOR,2003,Marwan Muasher,2002,2004,Q6778558,
Jordan,663,JOR,2004,Hani Mulki,2004,2005,Q5648173,
Jordan,663,JOR,2004,Marwan Muasher,2002,2004,Q6778558,
Jordan,663,JOR,2005,Hani Mulki,2004,2005,Q5648173,
Jordan,663,JOR,2005,Farouk Kasrawi,2005,2005,Q5436181,
Jordan,663,JOR,2005,Abdul Ilah Khatib,2005,2007,Q317276,Abdul Ilah Khatib
Jordan,663,JOR,2006,Abdul Ilah Khatib,2005,2007,Q317276,Abdul Ilah Khatib
Jordan,663,JOR,2007,Abdul Ilah Khatib,2005,2007,Q317276,Abdul Ilah Khatib
Jordan,663,JOR,2007,Salah Bashir,2007,2009,Q3469508,Salah Bashir
Jordan,663,JOR,2008,Salah Bashir,2007,2009,Q3469508,Salah Bashir
Jordan,663,JOR,2009,Salah Bashir,2007,2009,Q3469508,Salah Bashir
Jordan,663,JOR,2009,Nasser Judeh,2009,2017,Q617089,Nasser Judeh
Jordan,663,JOR,2010,Nasser Judeh,2009,2017,Q617089,Nasser Judeh
Jordan,663,JOR,2011,Nasser Judeh,2009,2017,Q617089,Nasser Judeh
Jordan,663,JOR,2012,Nasser Judeh,2009,2017,Q617089,Nasser Judeh
Jordan,663,JOR,2013,Nasser Judeh,2009,2017,Q617089,Nasser Judeh
Jordan,663,JOR,2014,Nasser Judeh,2009,2017,Q617089,Nasser Judeh
Jordan,663,JOR,2015,Nasser Judeh,2009,2017,Q617089,Nasser Judeh
Jordan,663,JOR,2016,Nasser Judeh,2009,2017,Q617089,Nasser Judeh
Jordan,663,JOR,2017,Nasser Judeh,2009,2017,Q617089,Nasser Judeh
Jordan,663,JOR,2017,Ayman Safadi,2017,2019,Q28336737,Ayman Safadi
Jordan,663,JOR,2018,Ayman Safadi,2017,2019,Q28336737,Ayman Safadi
Jordan,663,JOR,2019,Ayman Safadi,2017,2019,Q28336737,Ayman Safadi
Kazakhstan,705,KAZ,1944,Tulegen Tazhibayev,1944,1953,Q4449726,
Kazakhstan,705,KAZ,1945,Tulegen Tazhibayev,1944,1953,Q4449726,
Kazakhstan,705,KAZ,1946,Tulegen Tazhibayev,1944,1953,Q4449726,
Kazakhstan,705,KAZ,1947,Tulegen Tazhibayev,1944,1953,Q4449726,
Kazakhstan,705,KAZ,1948,Tulegen Tazhibayev,1944,1953,Q4449726,
Kazakhstan,705,KAZ,1949,Tulegen Tazhibayev,1944,1953,Q4449726,
Kazakhstan,705,KAZ,1950,Tulegen Tazhibayev,1944,1953,Q4449726,
Kazakhstan,705,KAZ,1951,Tulegen Tazhibayev,1944,1953,Q4449726,
Kazakhstan,705,KAZ,1952,Tulegen Tazhibayev,1944,1953,Q4449726,
Kazakhstan,705,KAZ,1953,Tulegen Tazhibayev,1944,1953,Q4449726,
Kazakhstan,705,KAZ,1953,Kairgaly Baygaliyev,1953,1955,,
Kazakhstan,705,KAZ,1954,Kairgaly Baygaliyev,1953,1955,,
Kazakhstan,705,KAZ,1955,Tulegen Tazhibayev,1955,1958,Q4449726,
Kazakhstan,705,KAZ,1955,Kairgaly Baygaliyev,1953,1955,,
Kazakhstan,705,KAZ,1956,Tulegen Tazhibayev,1955,1958,Q4449726,
Kazakhstan,705,KAZ,1957,Tulegen Tazhibayev,1955,1958,Q4449726,
Kazakhstan,705,KAZ,1958,Askar Zakarin,1958,1961,Q4184623,
Kazakhstan,705,KAZ,1958,Tulegen Tazhibayev,1955,1958,Q4449726,
Kazakhstan,705,KAZ,1959,Askar Zakarin,1958,1961,Q4184623,
Kazakhstan,705,KAZ,1960,Askar Zakarin,1958,1961,Q4184623,
Kazakhstan,705,KAZ,1961,Askar Zakarin,1958,1961,Q4184623,
Kazakhstan,705,KAZ,1961,Uteshkali Atambayev,1961,1963,Q20028250,
Kazakhstan,705,KAZ,1962,Uteshkali Atambayev,1961,1963,Q20028250,
Kazakhstan,705,KAZ,1963,Uteshkali Atambayev,1961,1963,Q20028250,
Kazakhstan,705,KAZ,1963,Ady Sharipov,1963,1966,Q20483834,
Kazakhstan,705,KAZ,1964,Ady Sharipov,1963,1966,Q20483834,
Kazakhstan,705,KAZ,1965,Ady Sharipov,1963,1966,Q20483834,
Kazakhstan,705,KAZ,1966,Ady Sharipov,1963,1966,Q20483834,
Kazakhstan,705,KAZ,1966,Balzhan Bultrikova,1966,1971,Q12537376,
Kazakhstan,705,KAZ,1967,Balzhan Bultrikova,1966,1971,Q12537376,
Kazakhstan,705,KAZ,1968,Balzhan Bultrikova,1966,1971,Q12537376,
Kazakhstan,705,KAZ,1969,Balzhan Bultrikova,1966,1971,Q12537376,
Kazakhstan,705,KAZ,1970,Balzhan Bultrikova,1966,1971,Q12537376,
Kazakhstan,705,KAZ,1971,Balzhan Bultrikova,1966,1971,Q12537376,
Kazakhstan,705,KAZ,1973,Malyk Fazylov,1973,1976,Q18786159,
Kazakhstan,705,KAZ,1974,Malyk Fazylov,1973,1976,Q18786159,
Kazakhstan,705,KAZ,1975,Malyk Fazylov,1973,1976,Q18786159,
Kazakhstan,705,KAZ,1976,Muslim Bazarbayev,1976,1981,Q12554896,
Kazakhstan,705,KAZ,1976,Malyk Fazylov,1973,1976,Q18786159,
Kazakhstan,705,KAZ,1977,Muslim Bazarbayev,1976,1981,Q12554896,
Kazakhstan,705,KAZ,1978,Muslim Bazarbayev,1976,1981,Q12554896,
Kazakhstan,705,KAZ,1979,Muslim Bazarbayev,1976,1981,Q12554896,
Kazakhstan,705,KAZ,1980,Muslim Bazarbayev,1976,1981,Q12554896,
Kazakhstan,705,KAZ,1981,Mikhail Isinaliyev,1981,1989,Q4203798,
Kazakhstan,705,KAZ,1981,Muslim Bazarbayev,1976,1981,Q12554896,
Kazakhstan,705,KAZ,1982,Mikhail Isinaliyev,1981,1989,Q4203798,
Kazakhstan,705,KAZ,1983,Mikhail Isinaliyev,1981,1989,Q4203798,
Kazakhstan,705,KAZ,1984,Mikhail Isinaliyev,1981,1989,Q4203798,
Kazakhstan,705,KAZ,1985,Mikhail Isinaliyev,1981,1989,Q4203798,
Kazakhstan,705,KAZ,1986,Mikhail Isinaliyev,1981,1989,Q4203798,
Kazakhstan,705,KAZ,1987,Mikhail Isinaliyev,1981,1989,Q4203798,
Kazakhstan,705,KAZ,1988,Mikhail Isinaliyev,1981,1989,Q4203798,
Kazakhstan,705,KAZ,1989,Mikhail Isinaliyev,1981,1989,Q4203798,
Kazakhstan,705,KAZ,1989,Akmaral Arystanbekova,1989,1991,Q464765,Akmaral Arystanbekova
Kazakhstan,705,KAZ,1990,Akmaral Arystanbekova,1989,1991,Q464765,Akmaral Arystanbekova
Kazakhstan,705,KAZ,1991,Tuleutay Suleymenov,1991,1994,Q2464001,
Kazakhstan,705,KAZ,1991,Akmaral Arystanbekova,1989,1991,Q464765,Akmaral Arystanbekova
Kazakhstan,705,KAZ,1992,Tuleutay Suleymenov,1991,1994,Q2464001,
Kazakhstan,705,KAZ,1993,Tuleutay Suleymenov,1991,1994,Q2464001,
Kazakhstan,705,KAZ,1994,Kasymzhomart Tokayev,1994,1999,Q200881,
Kazakhstan,705,KAZ,1994,Tuleutay Suleymenov,1991,1994,Q2464001,
Kazakhstan,705,KAZ,1994,Kanat Saudabayev,1994,1994,Q1856100,Kanat Saudabayev
Kazakhstan,705,KAZ,1995,Kasymzhomart Tokayev,1994,1999,Q200881,
Kazakhstan,705,KAZ,1996,Kasymzhomart Tokayev,1994,1999,Q200881,
Kazakhstan,705,KAZ,1997,Kasymzhomart Tokayev,1994,1999,Q200881,
Kazakhstan,705,KAZ,1998,Kasymzhomart Tokayev,1994,1999,Q200881,
Kazakhstan,705,KAZ,1999,Yerlan Idrisov,1999,2002,Q58203,
Kazakhstan,705,KAZ,1999,Kasymzhomart Tokayev,1994,1999,Q200881,
Kazakhstan,705,KAZ,2000,Yerlan Idrisov,1999,2002,Q58203,
Kazakhstan,705,KAZ,2001,Yerlan Idrisov,1999,2002,Q58203,
Kazakhstan,705,KAZ,2002,Yerlan Idrisov,1999,2002,Q58203,
Kazakhstan,705,KAZ,2002,Kasymzhomart Tokayev,2002,2007,Q200881,
Kazakhstan,705,KAZ,2003,Kasymzhomart Tokayev,2002,2007,Q200881,
Kazakhstan,705,KAZ,2004,Kasymzhomart Tokayev,2002,2007,Q200881,
Kazakhstan,705,KAZ,2005,Kasymzhomart Tokayev,2002,2007,Q200881,
Kazakhstan,705,KAZ,2006,Kasymzhomart Tokayev,2002,2007,Q200881,
Kazakhstan,705,KAZ,2007,Marat Tazhin,2007,2009,Q1377798,Marat Tazhin
Kazakhstan,705,KAZ,2007,Kasymzhomart Tokayev,2002,2007,Q200881,
Kazakhstan,705,KAZ,2008,Marat Tazhin,2007,2009,Q1377798,Marat Tazhin
Kazakhstan,705,KAZ,2009,Kanat Saudabayev,2009,2011,Q1856100,Kanat Saudabayev
Kazakhstan,705,KAZ,2009,Marat Tazhin,2007,2009,Q1377798,Marat Tazhin
Kazakhstan,705,KAZ,2010,Kanat Saudabayev,2009,2011,Q1856100,Kanat Saudabayev
Kazakhstan,705,KAZ,2011,Kanat Saudabayev,2009,2011,Q1856100,Kanat Saudabayev
Kazakhstan,705,KAZ,2011,Yerzhan Kazykhanov,2011,2012,Q166846,Yerzhan Kazykhanov
Kazakhstan,705,KAZ,2012,Yerlan Idrisov,2012,2016,Q58203,
Kazakhstan,705,KAZ,2012,Yerzhan Kazykhanov,2011,2012,Q166846,Yerzhan Kazykhanov
Kazakhstan,705,KAZ,2013,Yerlan Idrisov,2012,2016,Q58203,
Kazakhstan,705,KAZ,2014,Yerlan Idrisov,2012,2016,Q58203,
Kazakhstan,705,KAZ,2015,Yerlan Idrisov,2012,2016,Q58203,
Kazakhstan,705,KAZ,2016,Kayrat Abdrakhmanov,2016,2018,Q1721851,Kayrat Abdrakhmanov
Kazakhstan,705,KAZ,2016,Yerlan Idrisov,2012,2016,Q58203,
Kazakhstan,705,KAZ,2017,Kayrat Abdrakhmanov,2016,2018,Q1721851,Kayrat Abdrakhmanov
Kazakhstan,705,KAZ,2018,Beybut Atamkulov,2018,2019,Q4072002,
Kazakhstan,705,KAZ,2018,Kayrat Abdrakhmanov,2016,2018,Q1721851,Kayrat Abdrakhmanov
Kazakhstan,705,KAZ,2019,Beybut Atamkulov,2018,2019,Q4072002,
Kenya,501,KEN,1963,Jomo Kenyatta,1963,1964,Q173563,Jomo Kenyatta
Kenya,501,KEN,1964,Joseph Murumbi,1964,1966,Q6285701,Joseph Murumbi
Kenya,501,KEN,1964,Jomo Kenyatta,1963,1964,Q173563,Jomo Kenyatta
Kenya,501,KEN,1965,Joseph Murumbi,1964,1966,Q6285701,Joseph Murumbi
Kenya,501,KEN,1966,Mbiyu Koinange,1966,1967,Q6799700,Mbiyu Koinange
Kenya,501,KEN,1966,Joseph Murumbi,1964,1966,Q6285701,Joseph Murumbi
Kenya,501,KEN,1967,James Nyamweya,1967,1968,Q16013714,James Nyamweya
Kenya,501,KEN,1967,Mbiyu Koinange,1966,1967,Q6799700,Mbiyu Koinange
Kenya,501,KEN,1968,C.M.G. Argwings-Kodhek,1968,1969,Q2861088,
Kenya,501,KEN,1968,James Nyamweya,1967,1968,Q16013714,James Nyamweya
Kenya,501,KEN,1969,Njoroge Mungai,1969,1974,Q21151340,
Kenya,501,KEN,1969,Mbiyu Koinange,1969,1969,Q6799700,Mbiyu Koinange
Kenya,501,KEN,1969,C.M.G. Argwings-Kodhek,1968,1969,Q2861088,
Kenya,501,KEN,1970,Njoroge Mungai,1969,1974,Q21151340,
Kenya,501,KEN,1971,Njoroge Mungai,1969,1974,Q21151340,
Kenya,501,KEN,1972,Njoroge Mungai,1969,1974,Q21151340,
Kenya,501,KEN,1973,Njoroge Mungai,1969,1974,Q21151340,
Kenya,501,KEN,1974,Munyua Waiyaki,1974,1979,Q6937046,Munyua Waiyaki
Kenya,501,KEN,1974,Njoroge Mungai,1969,1974,Q21151340,
Kenya,501,KEN,1975,Munyua Waiyaki,1974,1979,Q6937046,Munyua Waiyaki
Kenya,501,KEN,1976,Munyua Waiyaki,1974,1979,Q6937046,Munyua Waiyaki
Kenya,501,KEN,1977,Munyua Waiyaki,1974,1979,Q6937046,Munyua Waiyaki
Kenya,501,KEN,1978,Munyua Waiyaki,1974,1979,Q6937046,Munyua Waiyaki
Kenya,501,KEN,1979,Munyua Waiyaki,1974,1979,Q6937046,Munyua Waiyaki
Kenya,501,KEN,1979,Robert Ouko,1979,1983,Q982715,Robert Ouko
Kenya,501,KEN,1980,Robert Ouko,1979,1983,Q982715,Robert Ouko
Kenya,501,KEN,1981,Robert Ouko,1979,1983,Q982715,Robert Ouko
Kenya,501,KEN,1982,Robert Ouko,1979,1983,Q982715,Robert Ouko
Kenya,501,KEN,1983,Robert Ouko,1979,1983,Q982715,Robert Ouko
Kenya,501,KEN,1983,Elijah Mwangale,1983,1987,Q5360973,Elijah Mwangale
Kenya,501,KEN,1984,Elijah Mwangale,1983,1987,Q5360973,Elijah Mwangale
Kenya,501,KEN,1985,Elijah Mwangale,1983,1987,Q5360973,Elijah Mwangale
Kenya,501,KEN,1986,Elijah Mwangale,1983,1987,Q5360973,Elijah Mwangale
Kenya,501,KEN,1987,Elijah Mwangale,1983,1987,Q5360973,Elijah Mwangale
Kenya,501,KEN,1987,Zachary Onyonka,1987,1988,Q8063982,Zachary Onyonka
Kenya,501,KEN,1988,Zachary Onyonka,1987,1988,Q8063982,Zachary Onyonka
Kenya,501,KEN,1988,Robert Ouko,1988,1990,Q982715,Robert Ouko
Kenya,501,KEN,1989,Robert Ouko,1988,1990,Q982715,Robert Ouko
Kenya,501,KEN,1990,Robert Ouko,1988,1990,Q982715,Robert Ouko
Kenya,501,KEN,1990,Wilson Ndolo Ayah,1990,1993,Q8023155,Wilson Ndolo Ayah
Kenya,501,KEN,1991,Wilson Ndolo Ayah,1990,1993,Q8023155,Wilson Ndolo Ayah
Kenya,501,KEN,1992,Wilson Ndolo Ayah,1990,1993,Q8023155,Wilson Ndolo Ayah
Kenya,501,KEN,1993,Wilson Ndolo Ayah,1990,1993,Q8023155,Wilson Ndolo Ayah
Kenya,501,KEN,1993,Kalonzo Musyoka,1993,1998,Q1395018,Kalonzo Musyoka
Kenya,501,KEN,1994,Kalonzo Musyoka,1993,1998,Q1395018,Kalonzo Musyoka
Kenya,501,KEN,1995,Kalonzo Musyoka,1993,1998,Q1395018,Kalonzo Musyoka
Kenya,501,KEN,1996,Kalonzo Musyoka,1993,1998,Q1395018,Kalonzo Musyoka
Kenya,501,KEN,1997,Kalonzo Musyoka,1993,1998,Q1395018,Kalonzo Musyoka
Kenya,501,KEN,1998,Bonaya Godana,1998,2001,Q11854485,Bonaya Godana
Kenya,501,KEN,1998,Kalonzo Musyoka,1993,1998,Q1395018,Kalonzo Musyoka
Kenya,501,KEN,1999,Bonaya Godana,1998,2001,Q11854485,Bonaya Godana
Kenya,501,KEN,2000,Bonaya Godana,1998,2001,Q11854485,Bonaya Godana
Kenya,501,KEN,2001,Marsden Madoka,2001,2003,Q18629013,Marsden Madoka
Kenya,501,KEN,2001,Bonaya Godana,1998,2001,Q11854485,Bonaya Godana
Kenya,501,KEN,2001,Chris Obure,2001,2001,Q5112986,
Kenya,501,KEN,2002,Marsden Madoka,2001,2003,Q18629013,Marsden Madoka
Kenya,501,KEN,2003,Marsden Madoka,2001,2003,Q18629013,Marsden Madoka
Kenya,501,KEN,2003,Kalonzo Musyoka,2003,2004,Q1395018,Kalonzo Musyoka
Kenya,501,KEN,2004,Chirau Ali Mwakwere,2004,2005,Q5101863,Chirau Ali Mwakwere
Kenya,501,KEN,2004,Kalonzo Musyoka,2003,2004,Q1395018,Kalonzo Musyoka
Kenya,501,KEN,2005,Chirau Ali Mwakwere,2004,2005,Q5101863,Chirau Ali Mwakwere
Kenya,501,KEN,2005,Raphael Tuju,2005,2008,Q2189073,Raphael Tuju
Kenya,501,KEN,2006,Raphael Tuju,2005,2008,Q2189073,Raphael Tuju
Kenya,501,KEN,2007,Raphael Tuju,2005,2008,Q2189073,Raphael Tuju
Kenya,501,KEN,2008,Raphael Tuju,2005,2008,Q2189073,Raphael Tuju
Kenya,501,KEN,2008,Moses Wetangula,2008,2012,Q58188,Moses Wetangula
Kenya,501,KEN,2009,Moses Wetangula,2008,2012,Q58188,Moses Wetangula
Kenya,501,KEN,2010,Moses Wetangula,2008,2012,Q58188,Moses Wetangula
Kenya,501,KEN,2010,George Saitoti,2010,2011,Q733817,George Saitoti
Kenya,501,KEN,2011,Moses Wetangula,2008,2012,Q58188,Moses Wetangula
Kenya,501,KEN,2011,George Saitoti,2010,2011,Q733817,George Saitoti
Kenya,501,KEN,2012,Sam Ongeri,2012,2013,Q4705081,Sam Ongeri
Kenya,501,KEN,2012,Moses Wetangula,2008,2012,Q58188,Moses Wetangula
Kenya,501,KEN,2013,Amina Mohamed,2013,2018,Q4746345,Amina Mohamed
Kenya,501,KEN,2013,Sam Ongeri,2012,2013,Q4705081,Sam Ongeri
Kenya,501,KEN,2014,Amina Mohamed,2013,2018,Q4746345,Amina Mohamed
Kenya,501,KEN,2015,Amina Mohamed,2013,2018,Q4746345,Amina Mohamed
Kenya,501,KEN,2016,Amina Mohamed,2013,2018,Q4746345,Amina Mohamed
Kenya,501,KEN,2017,Amina Mohamed,2013,2018,Q4746345,Amina Mohamed
Kenya,501,KEN,2018,Monica Juma,2018,2019,Q47531099,Monica Juma
Kenya,501,KEN,2018,Amina Mohamed,2013,2018,Q4746345,Amina Mohamed
Kenya,501,KEN,2019,Monica Juma,2018,2019,Q47531099,Monica Juma
Kiribati,946,KIR,1979,the presidents,1979,2019,,
Kiribati,946,KIR,1980,the presidents,1979,2019,,
Kiribati,946,KIR,1981,the presidents,1979,2019,,
Kiribati,946,KIR,1982,the presidents,1979,2019,,
Kiribati,946,KIR,1983,the presidents,1979,2019,,
Kiribati,946,KIR,1984,the presidents,1979,2019,,
Kiribati,946,KIR,1985,the presidents,1979,2019,,
Kiribati,946,KIR,1986,the presidents,1979,2019,,
Kiribati,946,KIR,1987,the presidents,1979,2019,,
Kiribati,946,KIR,1988,the presidents,1979,2019,,
Kiribati,946,KIR,1989,the presidents,1979,2019,,
Kiribati,946,KIR,1990,the presidents,1979,2019,,
Kiribati,946,KIR,1991,the presidents,1979,2019,,
Kiribati,946,KIR,1992,the presidents,1979,2019,,
Kiribati,946,KIR,1993,the presidents,1979,2019,,
Kiribati,946,KIR,1994,the presidents,1979,2019,,
Kiribati,946,KIR,1995,the presidents,1979,2019,,
Kiribati,946,KIR,1996,the presidents,1979,2019,,
Kiribati,946,KIR,1997,the presidents,1979,2019,,
Kiribati,946,KIR,1998,the presidents,1979,2019,,
Kiribati,946,KIR,1999,the presidents,1979,2019,,
Kiribati,946,KIR,2000,the presidents,1979,2019,,
Kiribati,946,KIR,2001,the presidents,1979,2019,,
Kiribati,946,KIR,2002,the presidents,1979,2019,,
Kiribati,946,KIR,2003,the presidents,1979,2019,,
Kiribati,946,KIR,2004,the presidents,1979,2019,,
Kiribati,946,KIR,2005,the presidents,1979,2019,,
Kiribati,946,KIR,2006,the presidents,1979,2019,,
Kiribati,946,KIR,2007,the presidents,1979,2019,,
Kiribati,946,KIR,2008,the presidents,1979,2019,,
Kiribati,946,KIR,2009,the presidents,1979,2019,,
Kiribati,946,KIR,2010,the presidents,1979,2019,,
Kiribati,946,KIR,2011,the presidents,1979,2019,,
Kiribati,946,KIR,2012,the presidents,1979,2019,,
Kiribati,946,KIR,2013,the presidents,1979,2019,,
Kiribati,946,KIR,2014,the presidents,1979,2019,,
Kiribati,946,KIR,2015,the presidents,1979,2019,,
Kiribati,946,KIR,2016,the presidents,1979,2019,,
Kiribati,946,KIR,2017,the presidents,1979,2019,,
Kiribati,946,KIR,2018,the presidents,1979,2019,,
Kuwait,690,KWT,1962,Sheikh Sabah Al Salim Al Sabah,1962,1963,Q2074907,
Kuwait,690,KWT,1963,Sheikh Sabah Al Ahmad Al Jabir Al Sabah,1963,1991,Q57555,
Kuwait,690,KWT,1963,Sheikh Sabah Al Salim Al Sabah,1962,1963,Q2074907,
Kuwait,690,KWT,1964,Sheikh Sabah Al Ahmad Al Jabir Al Sabah,1963,1991,Q57555,
Kuwait,690,KWT,1965,Sheikh Sabah Al Ahmad Al Jabir Al Sabah,1963,1991,Q57555,
Kuwait,690,KWT,1966,Sheikh Sabah Al Ahmad Al Jabir Al Sabah,1963,1991,Q57555,
Kuwait,690,KWT,1967,Sheikh Sabah Al Ahmad Al Jabir Al Sabah,1963,1991,Q57555,
Kuwait,690,KWT,1968,Sheikh Sabah Al Ahmad Al Jabir Al Sabah,1963,1991,Q57555,
Kuwait,690,KWT,1969,Sheikh Sabah Al Ahmad Al Jabir Al Sabah,1963,1991,Q57555,
Kuwait,690,KWT,1970,Sheikh Sabah Al Ahmad Al Jabir Al Sabah,1963,1991,Q57555,
Kuwait,690,KWT,1971,Sheikh Sabah Al Ahmad Al Jabir Al Sabah,1963,1991,Q57555,
Kuwait,690,KWT,1972,Sheikh Sabah Al Ahmad Al Jabir Al Sabah,1963,1991,Q57555,
Kuwait,690,KWT,1973,Sheikh Sabah Al Ahmad Al Jabir Al Sabah,1963,1991,Q57555,
Kuwait,690,KWT,1974,Sheikh Sabah Al Ahmad Al Jabir Al Sabah,1963,1991,Q57555,
Kuwait,690,KWT,1975,Sheikh Sabah Al Ahmad Al Jabir Al Sabah,1963,1991,Q57555,
Kuwait,690,KWT,1976,Sheikh Sabah Al Ahmad Al Jabir Al Sabah,1963,1991,Q57555,
Kuwait,690,KWT,1977,Sheikh Sabah Al Ahmad Al Jabir Al Sabah,1963,1991,Q57555,
Kuwait,690,KWT,1978,Sheikh Sabah Al Ahmad Al Jabir Al Sabah,1963,1991,Q57555,
Kuwait,690,KWT,1979,Sheikh Sabah Al Ahmad Al Jabir Al Sabah,1963,1991,Q57555,
Kuwait,690,KWT,1980,Sheikh Sabah Al Ahmad Al Jabir Al Sabah,1963,1991,Q57555,
Kuwait,690,KWT,1981,Sheikh Sabah Al Ahmad Al Jabir Al Sabah,1963,1991,Q57555,
Kuwait,690,KWT,1982,Sheikh Sabah Al Ahmad Al Jabir Al Sabah,1963,1991,Q57555,
Kuwait,690,KWT,1983,Sheikh Sabah Al Ahmad Al Jabir Al Sabah,1963,1991,Q57555,
Kuwait,690,KWT,1984,Sheikh Sabah Al Ahmad Al Jabir Al Sabah,1963,1991,Q57555,
Kuwait,690,KWT,1985,Sheikh Sabah Al Ahmad Al Jabir Al Sabah,1963,1991,Q57555,
Kuwait,690,KWT,1986,Sheikh Sabah Al Ahmad Al Jabir Al Sabah,1963,1991,Q57555,
Kuwait,690,KWT,1987,Sheikh Sabah Al Ahmad Al Jabir Al Sabah,1963,1991,Q57555,
Kuwait,690,KWT,1988,Sheikh Sabah Al Ahmad Al Jabir Al Sabah,1963,1991,Q57555,
Kuwait,690,KWT,1989,Sheikh Sabah Al Ahmad Al Jabir Al Sabah,1963,1991,Q57555,
Kuwait,690,KWT,1990,Sheikh Sabah Al Ahmad Al Jabir Al Sabah,1963,1991,Q57555,
Kuwait,690,KWT,1991,Sheikh Sabah Al Ahmad Al Jabir Al Sabah,1963,1991,Q57555,
Kuwait,690,KWT,1991,Sheikh Salim Al Sabah Al Salim Al Sabah,1991,1992,Q12215117,
Kuwait,690,KWT,1992,Sheikh Sabah Al Ahmad Al Jabir Al Sabah,1992,2003,Q57555,
Kuwait,690,KWT,1992,Sheikh Salim Al Sabah Al Salim Al Sabah,1991,1992,Q12215117,
Kuwait,690,KWT,1993,Sheikh Sabah Al Ahmad Al Jabir Al Sabah,1992,2003,Q57555,
Kuwait,690,KWT,1994,Sheikh Sabah Al Ahmad Al Jabir Al Sabah,1992,2003,Q57555,
Kuwait,690,KWT,1995,Sheikh Sabah Al Ahmad Al Jabir Al Sabah,1992,2003,Q57555,
Kuwait,690,KWT,1996,Sheikh Sabah Al Ahmad Al Jabir Al Sabah,1992,2003,Q57555,
Kuwait,690,KWT,1997,Sheikh Sabah Al Ahmad Al Jabir Al Sabah,1992,2003,Q57555,
Kuwait,690,KWT,1998,Sheikh Sabah Al Ahmad Al Jabir Al Sabah,1992,2003,Q57555,
Kuwait,690,KWT,1999,Sheikh Sabah Al Ahmad Al Jabir Al Sabah,1992,2003,Q57555,
Kuwait,690,KWT,2000,Sheikh Sabah Al Ahmad Al Jabir Al Sabah,1992,2003,Q57555,
Kuwait,690,KWT,2001,Sheikh Sabah Al Ahmad Al Jabir Al Sabah,1992,2003,Q57555,
Kuwait,690,KWT,2002,Sheikh Sabah Al Ahmad Al Jabir Al Sabah,1992,2003,Q57555,
Kuwait,690,KWT,2003,Sheikh Sabah Al Ahmad Al Jabir Al Sabah,1992,2003,Q57555,
Kuwait,690,KWT,2003,Sheikh Muhammad Al Sabah Al Salim Al Sabah,2003,2011,Q3327520,
Kuwait,690,KWT,2004,Sheikh Muhammad Al Sabah Al Salim Al Sabah,2003,2011,Q3327520,
Kuwait,690,KWT,2005,Sheikh Muhammad Al Sabah Al Salim Al Sabah,2003,2011,Q3327520,
Kuwait,690,KWT,2006,Sheikh Muhammad Al Sabah Al Salim Al Sabah,2003,2011,Q3327520,
Kuwait,690,KWT,2007,Sheikh Muhammad Al Sabah Al Salim Al Sabah,2003,2011,Q3327520,
Kuwait,690,KWT,2008,Sheikh Muhammad Al Sabah Al Salim Al Sabah,2003,2011,Q3327520,
Kuwait,690,KWT,2009,Sheikh Muhammad Al Sabah Al Salim Al Sabah,2003,2011,Q3327520,
Kuwait,690,KWT,2010,Sheikh Muhammad Al Sabah Al Salim Al Sabah,2003,2011,Q3327520,
Kuwait,690,KWT,2011,Sheikh Sabah Al Khaled Al Hamad Al Sabah,2011,2019,Q12219691,
Kuwait,690,KWT,2011,Ali al-Rashed,2011,2011,Q4724623,
Kuwait,690,KWT,2011,Sheikh Muhammad Al Sabah Al Salim Al Sabah,2003,2011,Q3327520,
Kuwait,690,KWT,2012,Sheikh Sabah Al Khaled Al Hamad Al Sabah,2011,2019,Q12219691,
Kuwait,690,KWT,2013,Sheikh Sabah Al Khaled Al Hamad Al Sabah,2011,2019,Q12219691,
Kuwait,690,KWT,2014,Sheikh Sabah Al Khaled Al Hamad Al Sabah,2011,2019,Q12219691,
Kuwait,690,KWT,2015,Sheikh Sabah Al Khaled Al Hamad Al Sabah,2011,2019,Q12219691,
Kuwait,690,KWT,2016,Sheikh Sabah Al Khaled Al Hamad Al Sabah,2011,2019,Q12219691,
Kuwait,690,KWT,2017,Sheikh Sabah Al Khaled Al Hamad Al Sabah,2011,2019,Q12219691,
Kuwait,690,KWT,2018,Sheikh Sabah Al Khaled Al Hamad Al Sabah,2011,2019,Q12219691,
Kuwait,690,KWT,2019,Sheikh Sabah Al Khaled Al Hamad Al Sabah,2011,2019,Q12219691,
Kyrgyzstan,703,KGZ,1949,Shamshy Tayanov,1949,1953,,
Kyrgyzstan,703,KGZ,1950,Shamshy Tayanov,1949,1953,,
Kyrgyzstan,703,KGZ,1951,Shamshy Tayanov,1949,1953,,
Kyrgyzstan,703,KGZ,1952,Shamshy Tayanov,1949,1953,,
Kyrgyzstan,703,KGZ,1953,Kuluipa Konduchalova,1953,1963,,
Kyrgyzstan,703,KGZ,1953,Shamshy Tayanov,1949,1953,,
Kyrgyzstan,703,KGZ,1954,Kuluipa Konduchalova,1953,1963,,
Kyrgyzstan,703,KGZ,1955,Kuluipa Konduchalova,1953,1963,,
Kyrgyzstan,703,KGZ,1956,Kuluipa Konduchalova,1953,1963,,
Kyrgyzstan,703,KGZ,1957,Kuluipa Konduchalova,1953,1963,,
Kyrgyzstan,703,KGZ,1958,Kuluipa Konduchalova,1953,1963,,
Kyrgyzstan,703,KGZ,1959,Kuluipa Konduchalova,1953,1963,,
Kyrgyzstan,703,KGZ,1960,Kuluipa Konduchalova,1953,1963,,
Kyrgyzstan,703,KGZ,1961,Kuluipa Konduchalova,1953,1963,,
Kyrgyzstan,703,KGZ,1962,Kuluipa Konduchalova,1953,1963,,
Kyrgyzstan,703,KGZ,1963,Sakin Begmatova,1963,1980,Q21529147,
Kyrgyzstan,703,KGZ,1963,Kuluipa Konduchalova,1953,1963,,
Kyrgyzstan,703,KGZ,1964,Sakin Begmatova,1963,1980,Q21529147,
Kyrgyzstan,703,KGZ,1965,Sakin Begmatova,1963,1980,Q21529147,
Kyrgyzstan,703,KGZ,1966,Sakin Begmatova,1963,1980,Q21529147,
Kyrgyzstan,703,KGZ,1967,Sakin Begmatova,1963,1980,Q21529147,
Kyrgyzstan,703,KGZ,1968,Sakin Begmatova,1963,1980,Q21529147,
Kyrgyzstan,703,KGZ,1969,Sakin Begmatova,1963,1980,Q21529147,
Kyrgyzstan,703,KGZ,1970,Sakin Begmatova,1963,1980,Q21529147,
Kyrgyzstan,703,KGZ,1971,Sakin Begmatova,1963,1980,Q21529147,
Kyrgyzstan,703,KGZ,1972,Sakin Begmatova,1963,1980,Q21529147,
Kyrgyzstan,703,KGZ,1973,Sakin Begmatova,1963,1980,Q21529147,
Kyrgyzstan,703,KGZ,1974,Sakin Begmatova,1963,1980,Q21529147,
Kyrgyzstan,703,KGZ,1975,Sakin Begmatova,1963,1980,Q21529147,
Kyrgyzstan,703,KGZ,1976,Sakin Begmatova,1963,1980,Q21529147,
Kyrgyzstan,703,KGZ,1977,Sakin Begmatova,1963,1980,Q21529147,
Kyrgyzstan,703,KGZ,1978,Sakin Begmatova,1963,1980,Q21529147,
Kyrgyzstan,703,KGZ,1979,Sakin Begmatova,1963,1980,Q21529147,
Kyrgyzstan,703,KGZ,1980,Sakin Begmatova,1963,1980,Q21529147,
Kyrgyzstan,703,KGZ,1980,Dzhamal Tashibekova,1980,1986,,
Kyrgyzstan,703,KGZ,1981,Dzhamal Tashibekova,1980,1986,,
Kyrgyzstan,703,KGZ,1982,Dzhamal Tashibekova,1980,1986,,
Kyrgyzstan,703,KGZ,1983,Dzhamal Tashibekova,1980,1986,,
Kyrgyzstan,703,KGZ,1984,Dzhamal Tashibekova,1980,1986,,
Kyrgyzstan,703,KGZ,1985,Dzhamal Tashibekova,1980,1986,,
Kyrgyzstan,703,KGZ,1986,Dzhamal Tashibekova,1980,1986,,
Kyrgyzstan,703,KGZ,1986,Roza Otunbayeva,1986,1989,Q485136,Roza Otunbayeva
Kyrgyzstan,703,KGZ,1987,Roza Otunbayeva,1986,1989,Q485136,Roza Otunbayeva
Kyrgyzstan,703,KGZ,1988,Roza Otunbayeva,1986,1989,Q485136,Roza Otunbayeva
Kyrgyzstan,703,KGZ,1989,Zhanyl Tumenbayeva,1989,1991,,
Kyrgyzstan,703,KGZ,1989,Roza Otunbayeva,1986,1989,Q485136,Roza Otunbayeva
Kyrgyzstan,703,KGZ,1990,Zhanyl Tumenbayeva,1989,1991,,
Kyrgyzstan,703,KGZ,1991,Muratbek Imanaliyev,1991,1992,Q4200114,Muratbek Imanaliyev
Kyrgyzstan,703,KGZ,1991,Zhanyl Tumenbayeva,1989,1991,,
Kyrgyzstan,703,KGZ,1992,Marat Saralinov,1992,1992,,
Kyrgyzstan,703,KGZ,1992,Muratbek Imanaliyev,1991,1992,Q4200114,Muratbek Imanaliyev
Kyrgyzstan,703,KGZ,1992,Roza Otunbayeva,1992,1992,Q485136,Roza Otunbayeva
Kyrgyzstan,703,KGZ,1992,Ednan Karabayev,1992,1993,Q366160,Ednan Karabayev
Kyrgyzstan,703,KGZ,1993,Myrza Kaparov,1993,1994,,
Kyrgyzstan,703,KGZ,1993,Ednan Karabayev,1992,1993,Q366160,Ednan Karabayev
Kyrgyzstan,703,KGZ,1994,Myrza Kaparov,1993,1994,,
Kyrgyzstan,703,KGZ,1994,Roza Otunbayeva,1994,1997,Q485136,Roza Otunbayeva
Kyrgyzstan,703,KGZ,1995,Roza Otunbayeva,1994,1997,Q485136,Roza Otunbayeva
Kyrgyzstan,703,KGZ,1996,Roza Otunbayeva,1994,1997,Q485136,Roza Otunbayeva
Kyrgyzstan,703,KGZ,1997,Roza Otunbayeva,1994,1997,Q485136,Roza Otunbayeva
Kyrgyzstan,703,KGZ,1997,Muratbek Imanaliyev,1997,2002,Q4200114,Muratbek Imanaliyev
Kyrgyzstan,703,KGZ,1998,Muratbek Imanaliyev,1997,2002,Q4200114,Muratbek Imanaliyev
Kyrgyzstan,703,KGZ,1999,Muratbek Imanaliyev,1997,2002,Q4200114,Muratbek Imanaliyev
Kyrgyzstan,703,KGZ,2000,Muratbek Imanaliyev,1997,2002,Q4200114,Muratbek Imanaliyev
Kyrgyzstan,703,KGZ,2001,Muratbek Imanaliyev,1997,2002,Q4200114,Muratbek Imanaliyev
Kyrgyzstan,703,KGZ,2002,Askar Aitmatov,2002,2005,Q4059021,Askar Aitmatov
Kyrgyzstan,703,KGZ,2002,Muratbek Imanaliyev,1997,2002,Q4200114,Muratbek Imanaliyev
Kyrgyzstan,703,KGZ,2003,Askar Aitmatov,2002,2005,Q4059021,Askar Aitmatov
Kyrgyzstan,703,KGZ,2004,Askar Aitmatov,2002,2005,Q4059021,Askar Aitmatov
Kyrgyzstan,703,KGZ,2005,Alikbek Jekshenkulov,2005,2007,Q4160126,Alikbek Jekshenkulov
Kyrgyzstan,703,KGZ,2005,Askar Aitmatov,2002,2005,Q4059021,Askar Aitmatov
Kyrgyzstan,703,KGZ,2005,Roza Otunbayeva,2005,2005,Q485136,Roza Otunbayeva
Kyrgyzstan,703,KGZ,2006,Alikbek Jekshenkulov,2005,2007,Q4160126,Alikbek Jekshenkulov
Kyrgyzstan,703,KGZ,2007,Alikbek Jekshenkulov,2005,2007,Q4160126,Alikbek Jekshenkulov
Kyrgyzstan,703,KGZ,2007,Ednan Karabayev,2007,2009,Q366160,Ednan Karabayev
Kyrgyzstan,703,KGZ,2008,Ednan Karabayev,2007,2009,Q366160,Ednan Karabayev
Kyrgyzstan,703,KGZ,2009,Ednan Karabayev,2007,2009,Q366160,Ednan Karabayev
Kyrgyzstan,703,KGZ,2009,Kadyrbek Sarbayev,2009,2010,Q438079,Kadyrbek Sarbayev
Kyrgyzstan,703,KGZ,2010,Ruslan Kazakbayev,2010,2012,Q58312,Ruslan Kazakbayev
Kyrgyzstan,703,KGZ,2010,Kadyrbek Sarbayev,2009,2010,Q438079,Kadyrbek Sarbayev
Kyrgyzstan,703,KGZ,2011,Ruslan Kazakbayev,2010,2012,Q58312,Ruslan Kazakbayev
Kyrgyzstan,703,KGZ,2012,Erlan Abdyldayev,2012,2018,Q44185879,Erlan Abdyldayev
Kyrgyzstan,703,KGZ,2012,Ruslan Kazakbayev,2010,2012,Q58312,Ruslan Kazakbayev
Kyrgyzstan,703,KGZ,2013,Erlan Abdyldayev,2012,2018,Q44185879,Erlan Abdyldayev
Kyrgyzstan,703,KGZ,2014,Erlan Abdyldayev,2012,2018,Q44185879,Erlan Abdyldayev
Kyrgyzstan,703,KGZ,2015,Erlan Abdyldayev,2012,2018,Q44185879,Erlan Abdyldayev
Kyrgyzstan,703,KGZ,2016,Erlan Abdyldayev,2012,2018,Q44185879,Erlan Abdyldayev
Kyrgyzstan,703,KGZ,2017,Erlan Abdyldayev,2012,2018,Q44185879,Erlan Abdyldayev
Kyrgyzstan,703,KGZ,2018,Chingiz Aidarbekov,2018,2019,Q57776448,Chingiz Aidarbekov
Kyrgyzstan,703,KGZ,2018,Erlan Abdyldayev,2012,2018,Q44185879,Erlan Abdyldayev
Kyrgyzstan,703,KGZ,2019,Chingiz Aidarbekov,2018,2019,Q57776448,Chingiz Aidarbekov
Laos,812,LAO,1948,Prince Boun Oum,1948,1950,Q2196351,
Laos,812,LAO,1949,Prince Boun Oum,1948,1950,Q2196351,
Laos,812,LAO,1950,Prince Boun Oum,1948,1950,Q2196351,
Laos,812,LAO,1950,Phoui Sananikone,1950,1951,Q4493297,Phoui Sananikone
Laos,812,LAO,1951,Nhouy Abhay,1951,1954,Q96775721,Nhouy Abhay
Laos,812,LAO,1951,Phoui Sananikone,1950,1951,Q4493297,Phoui Sananikone
Laos,812,LAO,1952,Nhouy Abhay,1951,1954,Q96775721,Nhouy Abhay
Laos,812,LAO,1953,Nhouy Abhay,1951,1954,Q96775721,Nhouy Abhay
Laos,812,LAO,1954,Nhouy Abhay,1951,1954,Q96775721,Nhouy Abhay
Laos,812,LAO,1954,Phoui Sananikone,1954,1956,Q4493297,Phoui Sananikone
Laos,812,LAO,1955,Phoui Sananikone,1954,1956,Q4493297,Phoui Sananikone
Laos,812,LAO,1956,Prince Souvanna Phouma,1956,1957,Q469498,
Laos,812,LAO,1956,Phoui Sananikone,1954,1956,Q4493297,Phoui Sananikone
Laos,812,LAO,1957,Phoui Sananikone,1957,1958,Q4493297,Phoui Sananikone
Laos,812,LAO,1957,Prince Souvanna Phouma,1956,1957,Q469498,
Laos,812,LAO,1958,Phoui Sananikone,1957,1958,Q4493297,Phoui Sananikone
Laos,812,LAO,1958,Khamphan Panya,1958,1959,,
Laos,812,LAO,1959,Khamphan Panya,1958,1959,,
Laos,812,LAO,1959,Phoui Sananikone,1959,1959,Q4493297,Phoui Sananikone
Laos,812,LAO,1960,Prince Boun Oum,1960,1962,Q2196351,
Laos,812,LAO,1960,Khamphan Panya,1960,1960,,
Laos,812,LAO,1961,Prince Boun Oum,1960,1962,Q2196351,
Laos,812,LAO,1962,Prince Boun Oum,1960,1962,Q2196351,
Laos,812,LAO,1962,Quinim Pholsena,1962,1963,Q7272234,Quinim Pholsena
Laos,812,LAO,1963,Prince Souvanna Phouma,1963,1964,Q469498,
Laos,812,LAO,1963,Quinim Pholsena,1962,1963,Q7272234,Quinim Pholsena
Laos,812,LAO,1964,Prince Souvanna Phouma,1963,1964,Q469498,
Laos,812,LAO,1964,Pheng Phongsavan,1964,1965,,
Laos,812,LAO,1965,Prince Souvanna Phouma,1965,1974,Q469498,
Laos,812,LAO,1965,Pheng Phongsavan,1964,1965,,
Laos,812,LAO,1966,Prince Souvanna Phouma,1965,1974,Q469498,
Laos,812,LAO,1967,Prince Souvanna Phouma,1965,1974,Q469498,
Laos,812,LAO,1968,Prince Souvanna Phouma,1965,1974,Q469498,
Laos,812,LAO,1969,Prince Souvanna Phouma,1965,1974,Q469498,
Laos,812,LAO,1970,Prince Souvanna Phouma,1965,1974,Q469498,
Laos,812,LAO,1971,Prince Souvanna Phouma,1965,1974,Q469498,
Laos,812,LAO,1972,Prince Souvanna Phouma,1965,1974,Q469498,
Laos,812,LAO,1973,Prince Souvanna Phouma,1965,1974,Q469498,
Laos,812,LAO,1974,Prince Souvanna Phouma,1965,1974,Q469498,
Laos,812,LAO,1974,Phoumi Vongvichit,1974,1975,Q878933,Phoumi Vongvichit
Laos,812,LAO,1975,Phoumi Vongvichit,1974,1975,Q878933,Phoumi Vongvichit
Laos,812,LAO,1975,Phoune Sipraseuth,1975,1993,Q11336342,
Laos,812,LAO,1976,Phoune Sipraseuth,1975,1993,Q11336342,
Laos,812,LAO,1977,Phoune Sipraseuth,1975,1993,Q11336342,
Laos,812,LAO,1978,Phoune Sipraseuth,1975,1993,Q11336342,
Laos,812,LAO,1979,Phoune Sipraseuth,1975,1993,Q11336342,
Laos,812,LAO,1980,Phoune Sipraseuth,1975,1993,Q11336342,
Laos,812,LAO,1981,Phoune Sipraseuth,1975,1993,Q11336342,
Laos,812,LAO,1982,Phoune Sipraseuth,1975,1993,Q11336342,
Laos,812,LAO,1983,Phoune Sipraseuth,1975,1993,Q11336342,
Laos,812,LAO,1984,Phoune Sipraseuth,1975,1993,Q11336342,
Laos,812,LAO,1985,Phoune Sipraseuth,1975,1993,Q11336342,
Laos,812,LAO,1986,Phoune Sipraseuth,1975,1993,Q11336342,
Laos,812,LAO,1987,Phoune Sipraseuth,1975,1993,Q11336342,
Laos,812,LAO,1988,Phoune Sipraseuth,1975,1993,Q11336342,
Laos,812,LAO,1989,Phoune Sipraseuth,1975,1993,Q11336342,
Laos,812,LAO,1990,Phoune Sipraseuth,1975,1993,Q11336342,
Laos,812,LAO,1991,Phoune Sipraseuth,1975,1993,Q11336342,
Laos,812,LAO,1992,Phoune Sipraseuth,1975,1993,Q11336342,
Laos,812,LAO,1993,Somsavat Lengsavad,1993,2006,Q5938374,Somsavat Lengsavad
Laos,812,LAO,1993,Phoune Sipraseuth,1975,1993,Q11336342,
Laos,812,LAO,1994,Somsavat Lengsavad,1993,2006,Q5938374,Somsavat Lengsavad
Laos,812,LAO,1995,Somsavat Lengsavad,1993,2006,Q5938374,Somsavat Lengsavad
Laos,812,LAO,1996,Somsavat Lengsavad,1993,2006,Q5938374,Somsavat Lengsavad
Laos,812,LAO,1997,Somsavat Lengsavad,1993,2006,Q5938374,Somsavat Lengsavad
Laos,812,LAO,1998,Somsavat Lengsavad,1993,2006,Q5938374,Somsavat Lengsavad
Laos,812,LAO,1999,Somsavat Lengsavad,1993,2006,Q5938374,Somsavat Lengsavad
Laos,812,LAO,2000,Somsavat Lengsavad,1993,2006,Q5938374,Somsavat Lengsavad
Laos,812,LAO,2001,Somsavat Lengsavad,1993,2006,Q5938374,Somsavat Lengsavad
Laos,812,LAO,2002,Somsavat Lengsavad,1993,2006,Q5938374,Somsavat Lengsavad
Laos,812,LAO,2003,Somsavat Lengsavad,1993,2006,Q5938374,Somsavat Lengsavad
Laos,812,LAO,2004,Somsavat Lengsavad,1993,2006,Q5938374,Somsavat Lengsavad
Laos,812,LAO,2005,Somsavat Lengsavad,1993,2006,Q5938374,Somsavat Lengsavad
Laos,812,LAO,2006,Thongloun Sisoulith,2006,2016,Q58323,Thongloun Sisoulith
Laos,812,LAO,2006,Somsavat Lengsavad,1993,2006,Q5938374,Somsavat Lengsavad
Laos,812,LAO,2007,Thongloun Sisoulith,2006,2016,Q58323,Thongloun Sisoulith
Laos,812,LAO,2008,Thongloun Sisoulith,2006,2016,Q58323,Thongloun Sisoulith
Laos,812,LAO,2009,Thongloun Sisoulith,2006,2016,Q58323,Thongloun Sisoulith
Laos,812,LAO,2010,Thongloun Sisoulith,2006,2016,Q58323,Thongloun Sisoulith
Laos,812,LAO,2011,Thongloun Sisoulith,2006,2016,Q58323,Thongloun Sisoulith
Laos,812,LAO,2012,Thongloun Sisoulith,2006,2016,Q58323,Thongloun Sisoulith
Laos,812,LAO,2013,Thongloun Sisoulith,2006,2016,Q58323,Thongloun Sisoulith
Laos,812,LAO,2014,Thongloun Sisoulith,2006,2016,Q58323,Thongloun Sisoulith
Laos,812,LAO,2015,Thongloun Sisoulith,2006,2016,Q58323,Thongloun Sisoulith
Laos,812,LAO,2016,Thongloun Sisoulith,2006,2016,Q58323,Thongloun Sisoulith
Laos,812,LAO,2016,Saleumxay Kommasith,2016,2019,Q25999464,Saleumxay Kommasith
Laos,812,LAO,2017,Saleumxay Kommasith,2016,2019,Q25999464,Saleumxay Kommasith
Laos,812,LAO,2018,Saleumxay Kommasith,2016,2019,Q25999464,Saleumxay Kommasith
Laos,812,LAO,2019,Saleumxay Kommasith,2016,2019,Q25999464,Saleumxay Kommasith
Latvia,367,LVA,1944,Peteris Valeskalns,1944,1950,Q4102859,
Latvia,367,LVA,1945,Peteris Valeskalns,1944,1950,Q4102859,
Latvia,367,LVA,1946,Peteris Valeskalns,1944,1950,Q4102859,
Latvia,367,LVA,1947,Peteris Valeskalns,1944,1950,Q4102859,
Latvia,367,LVA,1948,Peteris Valeskalns,1944,1950,Q4102859,
Latvia,367,LVA,1949,Peteris Valeskalns,1944,1950,Q4102859,
Latvia,367,LVA,1950,Peteris Valeskalns,1944,1950,Q4102859,
Latvia,367,LVA,1950,...,1950,1955,,
Latvia,367,LVA,1951,...,1950,1955,,
Latvia,367,LVA,1952,...,1950,1955,,
Latvia,367,LVA,1953,...,1950,1955,,
Latvia,367,LVA,1954,...,1950,1955,,
Latvia,367,LVA,1955,...,1950,1955,,
Latvia,367,LVA,1955,Janis Ostrovskis,1955,1959,,
Latvia,367,LVA,1956,Janis Ostrovskis,1955,1959,,
Latvia,367,LVA,1957,Janis Ostrovskis,1955,1959,,
Latvia,367,LVA,1958,Janis Ostrovskis,1955,1959,,
Latvia,367,LVA,1959,Voldemars Kalpins,1959,1962,Q17593772,
Latvia,367,LVA,1959,Janis Ostrovskis,1955,1959,,
Latvia,367,LVA,1960,Voldemars Kalpins,1959,1962,Q17593772,
Latvia,367,LVA,1961,Voldemars Kalpins,1959,1962,Q17593772,
Latvia,367,LVA,1962,Voldemars Kalpins,1959,1962,Q17593772,
Latvia,367,LVA,1962,Andris Elvikh,1962,1967,,
Latvia,367,LVA,1963,Andris Elvikh,1962,1967,,
Latvia,367,LVA,1964,Andris Elvikh,1962,1967,,
Latvia,367,LVA,1965,Andris Elvikh,1962,1967,,
Latvia,367,LVA,1966,Andris Elvikh,1962,1967,,
Latvia,367,LVA,1967,Viktors Krumins,1967,1985,Q4242144,
Latvia,367,LVA,1967,Andris Elvikh,1962,1967,,
Latvia,367,LVA,1968,Viktors Krumins,1967,1985,Q4242144,
Latvia,367,LVA,1969,Viktors Krumins,1967,1985,Q4242144,
Latvia,367,LVA,1970,Viktors Krumins,1967,1985,Q4242144,
Latvia,367,LVA,1971,Viktors Krumins,1967,1985,Q4242144,
Latvia,367,LVA,1972,Viktors Krumins,1967,1985,Q4242144,
Latvia,367,LVA,1973,Viktors Krumins,1967,1985,Q4242144,
Latvia,367,LVA,1974,Viktors Krumins,1967,1985,Q4242144,
Latvia,367,LVA,1975,Viktors Krumins,1967,1985,Q4242144,
Latvia,367,LVA,1976,Viktors Krumins,1967,1985,Q4242144,
Latvia,367,LVA,1977,Viktors Krumins,1967,1985,Q4242144,
Latvia,367,LVA,1978,Viktors Krumins,1967,1985,Q4242144,
Latvia,367,LVA,1979,Viktors Krumins,1967,1985,Q4242144,
Latvia,367,LVA,1980,Viktors Krumins,1967,1985,Q4242144,
Latvia,367,LVA,1981,Viktors Krumins,1967,1985,Q4242144,
Latvia,367,LVA,1982,Viktors Krumins,1967,1985,Q4242144,
Latvia,367,LVA,1983,Viktors Krumins,1967,1985,Q4242144,
Latvia,367,LVA,1984,Viktors Krumins,1967,1985,Q4242144,
Latvia,367,LVA,1985,Leonards Bartkevics,1985,1989,Q29864882,
Latvia,367,LVA,1985,Viktors Krumins,1967,1985,Q4242144,
Latvia,367,LVA,1986,Leonards Bartkevics,1985,1989,Q29864882,
Latvia,367,LVA,1987,Leonards Bartkevics,1985,1989,Q29864882,
Latvia,367,LVA,1988,Leonards Bartkevics,1985,1989,Q29864882,
Latvia,367,LVA,1989,Leonards Bartkevics,1985,1989,Q29864882,
Latvia,367,LVA,1989,Eizens Pocs,1989,1990,Q29865396,
Latvia,367,LVA,1990,Eizens Pocs,1989,1990,Q29865396,
Latvia,367,LVA,1990,Janis Jurkans,1990,1992,Q984021,
Latvia,367,LVA,1991,Janis Jurkans,1990,1992,Q984021,
Latvia,367,LVA,1992,Georgs Andrejevs,1992,1994,Q1509526,Georgs Andrejevs
Latvia,367,LVA,1992,Janis Jurkans,1990,1992,Q984021,
Latvia,367,LVA,1993,Georgs Andrejevs,1992,1994,Q1509526,Georgs Andrejevs
Latvia,367,LVA,1994,Valdis Birkavs,1994,1999,Q960031,Valdis Birkavs
Latvia,367,LVA,1994,Georgs Andrejevs,1992,1994,Q1509526,Georgs Andrejevs
Latvia,367,LVA,1995,Valdis Birkavs,1994,1999,Q960031,Valdis Birkavs
Latvia,367,LVA,1996,Valdis Birkavs,1994,1999,Q960031,Valdis Birkavs
Latvia,367,LVA,1997,Valdis Birkavs,1994,1999,Q960031,Valdis Birkavs
Latvia,367,LVA,1998,Valdis Birkavs,1994,1999,Q960031,Valdis Birkavs
Latvia,367,LVA,1999,Indulis Berzins,1999,2002,Q1661904,
Latvia,367,LVA,1999,Valdis Birkavs,1994,1999,Q960031,Valdis Birkavs
Latvia,367,LVA,2000,Indulis Berzins,1999,2002,Q1661904,
Latvia,367,LVA,2001,Indulis Berzins,1999,2002,Q1661904,
Latvia,367,LVA,2002,Sandra Kalniete,2002,2004,Q236968,Sandra Kalniete
Latvia,367,LVA,2002,Indulis Berzins,1999,2002,Q1661904,
Latvia,367,LVA,2003,Sandra Kalniete,2002,2004,Q236968,Sandra Kalniete
Latvia,367,LVA,2004,Artis Pabriks,2004,2007,Q713138,Artis Pabriks
Latvia,367,LVA,2004,Helena Demakova,2004,2004,Q5710822,
Latvia,367,LVA,2004,Sandra Kalniete,2002,2004,Q236968,Sandra Kalniete
Latvia,367,LVA,2004,Rihards Piks,2004,2004,Q1346602,
Latvia,367,LVA,2005,Artis Pabriks,2004,2007,Q713138,Artis Pabriks
Latvia,367,LVA,2006,Artis Pabriks,2004,2007,Q713138,Artis Pabriks
Latvia,367,LVA,2007,Artis Pabriks,2004,2007,Q713138,Artis Pabriks
Latvia,367,LVA,2007,Helena Demakova,2007,2007,Q5710822,
Latvia,367,LVA,2007,Maris Riekstins,2007,2010,Q1368924,
Latvia,367,LVA,2008,Maris Riekstins,2007,2010,Q1368924,
Latvia,367,LVA,2009,Maris Riekstins,2007,2010,Q1368924,
Latvia,367,LVA,2010,Maris Riekstins,2007,2010,Q1368924,
Latvia,367,LVA,2010,Aivis Ronis,2010,2010,Q2632961,Aivis Ronis
Latvia,367,LVA,2010,Girts Valdis Kristovskis,2010,2011,Q342929,
Latvia,367,LVA,2011,Edgars Rinkevics,2011,2019,Q3047551,Edgars Rinkevics
Latvia,367,LVA,2011,Girts Valdis Kristovskis,2010,2011,Q342929,
Latvia,367,LVA,2012,Edgars Rinkevics,2011,2019,Q3047551,Edgars Rinkevics
Latvia,367,LVA,2013,Edgars Rinkevics,2011,2019,Q3047551,Edgars Rinkevics
Latvia,367,LVA,2014,Edgars Rinkevics,2011,2019,Q3047551,Edgars Rinkevics
Latvia,367,LVA,2015,Edgars Rinkevics,2011,2019,Q3047551,Edgars Rinkevics
Latvia,367,LVA,2016,Edgars Rinkevics,2011,2019,Q3047551,Edgars Rinkevics
Latvia,367,LVA,2017,Edgars Rinkevics,2011,2019,Q3047551,Edgars Rinkevics
Latvia,367,LVA,2018,Edgars Rinkevics,2011,2019,Q3047551,Edgars Rinkevics
Latvia,367,LVA,2019,Edgars Rinkevics,2011,2019,Q3047551,Edgars Rinkevics
Lebanon,660,LBN,1949,Philippe Takla,1949,1951,Q956900,Philippe Takla
Lebanon,660,LBN,1950,Philippe Takla,1949,1951,Q956900,Philippe Takla
Lebanon,660,LBN,1951,Hussein al-Oweini,1951,1951,Q509503,
Lebanon,660,LBN,1951,Philippe Takla,1949,1951,Q956900,Philippe Takla
Lebanon,660,LBN,1951,Charles Hélou,1951,1952,Q537224,
Lebanon,660,LBN,1952,Moussa Moubarak,1952,1953,,
Lebanon,660,LBN,1952,Nazem Akkari,1952,1952,Q3337385,Nazem Akkari
Lebanon,660,LBN,1952,Charles Hélou,1951,1952,Q537224,
Lebanon,660,LBN,1952,Philippe Takla,1952,1952,Q956900,Philippe Takla
Lebanon,660,LBN,1953,Khaled Chehab,1953,1953,Q3195964,Khaled Chehab
Lebanon,660,LBN,1953,Georges Hakim,1953,1953,,
Lebanon,660,LBN,1953,Moussa Moubarak,1952,1953,,
Lebanon,660,LBN,1953,Alfred Naccache,1953,1955,Q887821,
Lebanon,660,LBN,1954,Alfred Naccache,1953,1955,Q887821,
Lebanon,660,LBN,1955,Alfred Naccache,1953,1955,Q887821,
Lebanon,660,LBN,1955,Salim Lahoud,1955,1957,Q7404568,Salim Lahoud
Lebanon,660,LBN,1955,Hamid Franjieh,1955,1955,Q443943,
Lebanon,660,LBN,1956,Salim Lahoud,1955,1957,Q7404568,Salim Lahoud
Lebanon,660,LBN,1957,Charles Malik,1957,1958,Q607841,Charles Malik
Lebanon,660,LBN,1957,Salim Lahoud,1955,1957,Q7404568,Salim Lahoud
Lebanon,660,LBN,1958,Hussein al-Oweini,1958,1960,Q509503,
Lebanon,660,LBN,1958,Charles Malik,1957,1958,Q607841,Charles Malik
Lebanon,660,LBN,1958,Philippe Takla,1958,1958,Q956900,Philippe Takla
Lebanon,660,LBN,1959,Hussein al-Oweini,1958,1960,Q509503,
Lebanon,660,LBN,1960,Hussein al-Oweini,1958,1960,Q509503,
Lebanon,660,LBN,1960,Philippe Takla,1960,1964,Q956900,Philippe Takla
Lebanon,660,LBN,1961,Philippe Takla,1960,1964,Q956900,Philippe Takla
Lebanon,660,LBN,1962,Philippe Takla,1960,1964,Q956900,Philippe Takla
Lebanon,660,LBN,1963,Philippe Takla,1960,1964,Q956900,Philippe Takla
Lebanon,660,LBN,1964,Fouad Ammoun,1964,1964,Q1439708,Fouad Ammoun
Lebanon,660,LBN,1964,Philippe Takla,1960,1964,Q956900,Philippe Takla
Lebanon,660,LBN,1964,Philippe Takla,1964,1965,Q956900,Philippe Takla
Lebanon,660,LBN,1965,Georges Hakim,1965,1966,,
Lebanon,660,LBN,1965,Hussein al-Oweini,1965,1965,Q509503,
Lebanon,660,LBN,1965,Philippe Takla,1964,1965,Q956900,Philippe Takla
Lebanon,660,LBN,1966,Georges Hakim,1966,1968,,
Lebanon,660,LBN,1966,Philippe Takla,1966,1966,Q956900,Philippe Takla
Lebanon,660,LBN,1966,Georges Hakim,1965,1966,,
Lebanon,660,LBN,1967,Georges Hakim,1966,1968,,
Lebanon,660,LBN,1968,Hussein al-Oweini,1968,1969,Q509503,
Lebanon,660,LBN,1968,Georges Hakim,1966,1968,,
Lebanon,660,LBN,1968,Fouad Boutros,1968,1968,Q3079794,
Lebanon,660,LBN,1969,Rashid Karami,1969,1969,Q1344225,Rashid Karami
Lebanon,660,LBN,1969,Hussein al-Oweini,1968,1969,Q509503,
Lebanon,660,LBN,1969,Yussuf Salem,1969,1969,,
Lebanon,660,LBN,1969,Nassim Majdalani,1969,1970,Q17344822,
Lebanon,660,LBN,1970,Khalil Abou Hamad,1970,1973,,
Lebanon,660,LBN,1970,Nassim Majdalani,1969,1970,Q17344822,
Lebanon,660,LBN,1971,Khalil Abou Hamad,1970,1973,,
Lebanon,660,LBN,1972,Khalil Abou Hamad,1970,1973,,
Lebanon,660,LBN,1973,Fouad Naffah,1973,1974,Q29371800,Fouad Naffah
Lebanon,660,LBN,1973,Khalil Abou Hamad,1970,1973,,
Lebanon,660,LBN,1974,Fouad Naffah,1973,1974,Q29371800,Fouad Naffah
Lebanon,660,LBN,1974,Philippe Takla,1974,1975,Q956900,Philippe Takla
Lebanon,660,LBN,1975,Philippe Takla,1974,1975,Q956900,Philippe Takla
Lebanon,660,LBN,1975,Lucien Dahdah,1975,1975,Q14949251,Lucien Dahdah
Lebanon,660,LBN,1975,Philippe Takla,1975,1976,Q956900,Philippe Takla
Lebanon,660,LBN,1976,Philippe Takla,1975,1976,Q956900,Philippe Takla
Lebanon,660,LBN,1976,Camille Chamoun,1976,1976,Q365971,Camille Chamoun
Lebanon,660,LBN,1976,Fouad Boutros,1976,1982,Q3079794,
Lebanon,660,LBN,1977,Fouad Boutros,1976,1982,Q3079794,
Lebanon,660,LBN,1978,Fouad Boutros,1976,1982,Q3079794,
Lebanon,660,LBN,1979,Fouad Boutros,1976,1982,Q3079794,
Lebanon,660,LBN,1980,Fouad Boutros,1976,1982,Q3079794,
Lebanon,660,LBN,1981,Fouad Boutros,1976,1982,Q3079794,
Lebanon,660,LBN,1982,Fouad Boutros,1976,1982,Q3079794,
Lebanon,660,LBN,1982,Élie Salem,1982,1984,Q9252733,
Lebanon,660,LBN,1983,Élie Salem,1982,1984,Q9252733,
Lebanon,660,LBN,1984,Rashid Karami,1984,1987,Q1344225,Rashid Karami
Lebanon,660,LBN,1984,Élie Salem,1982,1984,Q9252733,
Lebanon,660,LBN,1985,Rashid Karami,1984,1987,Q1344225,Rashid Karami
Lebanon,660,LBN,1986,Rashid Karami,1984,1987,Q1344225,Rashid Karami
Lebanon,660,LBN,1987,Rashid Karami,1984,1987,Q1344225,Rashid Karami
Lebanon,660,LBN,1987,Salim Hoss,1987,1990,Q2094707,
Lebanon,660,LBN,1988,Michel Aoun,1988,1990,Q363392,Michel Aoun
Lebanon,660,LBN,1988,Salim Hoss,1987,1990,Q2094707,
Lebanon,660,LBN,1989,Michel Aoun,1988,1990,Q363392,Michel Aoun
Lebanon,660,LBN,1989,Salim Hoss,1987,1990,Q2094707,
Lebanon,660,LBN,1990,Salim Hoss,1987,1990,Q2094707,
Lebanon,660,LBN,1990,Farès Boueiz,1990,1992,Q3066825,Farès Boueiz
Lebanon,660,LBN,1990,Michel Aoun,1988,1990,Q363392,Michel Aoun
Lebanon,660,LBN,1991,Farès Boueiz,1990,1992,Q3066825,Farès Boueiz
Lebanon,660,LBN,1992,Nasri Maalouf,1992,1992,Q183556,Nasri Maalouf
Lebanon,660,LBN,1992,Farès Boueiz,1990,1992,Q3066825,Farès Boueiz
Lebanon,660,LBN,1992,Farès Boueiz,1992,1998,Q3066825,Farès Boueiz
Lebanon,660,LBN,1993,Farès Boueiz,1992,1998,Q3066825,Farès Boueiz
Lebanon,660,LBN,1994,Farès Boueiz,1992,1998,Q3066825,Farès Boueiz
Lebanon,660,LBN,1995,Farès Boueiz,1992,1998,Q3066825,Farès Boueiz
Lebanon,660,LBN,1996,Farès Boueiz,1992,1998,Q3066825,Farès Boueiz
Lebanon,660,LBN,1997,Farès Boueiz,1992,1998,Q3066825,Farès Boueiz
Lebanon,660,LBN,1998,Salim Hoss,1998,2000,Q2094707,
Lebanon,660,LBN,1998,Farès Boueiz,1992,1998,Q3066825,Farès Boueiz
Lebanon,660,LBN,1999,Salim Hoss,1998,2000,Q2094707,
Lebanon,660,LBN,2000,Salim Hoss,1998,2000,Q2094707,
Lebanon,660,LBN,2000,Mahmoud Hammoud,2000,2003,Q319983,Mahmoud Hammoud
Lebanon,660,LBN,2001,Mahmoud Hammoud,2000,2003,Q319983,Mahmoud Hammoud
Lebanon,660,LBN,2002,Mahmoud Hammoud,2000,2003,Q319983,Mahmoud Hammoud
Lebanon,660,LBN,2003,Jean Obeid,2003,2004,Q3173769,Jean Obeid
Lebanon,660,LBN,2003,Mahmoud Hammoud,2000,2003,Q319983,Mahmoud Hammoud
Lebanon,660,LBN,2004,Mahmoud Hammoud,2004,2005,Q319983,Mahmoud Hammoud
Lebanon,660,LBN,2004,Jean Obeid,2003,2004,Q3173769,Jean Obeid
Lebanon,660,LBN,2005,Mahmoud Hammoud,2004,2005,Q319983,Mahmoud Hammoud
Lebanon,660,LBN,2005,Fawzi Salloukh,2005,2009,Q58177,Fawzi Salloukh
Lebanon,660,LBN,2006,Tarek Mitri,2006,2008,Q3515658,Tarek Mitri
Lebanon,660,LBN,2006,Fawzi Salloukh,2005,2009,Q58177,Fawzi Salloukh
Lebanon,660,LBN,2007,Fawzi Salloukh,2005,2009,Q58177,Fawzi Salloukh
Lebanon,660,LBN,2007,Tarek Mitri,2006,2008,Q3515658,Tarek Mitri
Lebanon,660,LBN,2008,Fawzi Salloukh,2005,2009,Q58177,Fawzi Salloukh
Lebanon,660,LBN,2008,Tarek Mitri,2006,2008,Q3515658,Tarek Mitri
Lebanon,660,LBN,2009,Ali al-Shami,2009,2011,Q4724634,
Lebanon,660,LBN,2009,Fawzi Salloukh,2005,2009,Q58177,Fawzi Salloukh
Lebanon,660,LBN,2010,Ali al-Shami,2009,2011,Q4724634,
Lebanon,660,LBN,2011,Adnan Mansour,2011,2014,Q58274,Adnan Mansour
Lebanon,660,LBN,2011,Ali al-Shami,2009,2011,Q4724634,
Lebanon,660,LBN,2012,Adnan Mansour,2011,2014,Q58274,Adnan Mansour
Lebanon,660,LBN,2013,Adnan Mansour,2011,2014,Q58274,Adnan Mansour
Lebanon,660,LBN,2014,Gebran Bassil,2014,2019,Q2737847,Gebran Bassil
Lebanon,660,LBN,2014,Adnan Mansour,2011,2014,Q58274,Adnan Mansour
Lebanon,660,LBN,2015,Gebran Bassil,2014,2019,Q2737847,Gebran Bassil
Lebanon,660,LBN,2016,Gebran Bassil,2014,2019,Q2737847,Gebran Bassil
Lebanon,660,LBN,2017,Gebran Bassil,2014,2019,Q2737847,Gebran Bassil
Lebanon,660,LBN,2018,Gebran Bassil,2014,2019,Q2737847,Gebran Bassil
Lebanon,660,LBN,2019,Gebran Bassil,2014,2019,Q2737847,Gebran Bassil
Lesotho,570,LSO,1966,Leabua Jonathan,1966,1972,Q1347953,Leabua Jonathan
Lesotho,570,LSO,1967,Leabua Jonathan,1966,1972,Q1347953,Leabua Jonathan
Lesotho,570,LSO,1968,Leabua Jonathan,1966,1972,Q1347953,Leabua Jonathan
Lesotho,570,LSO,1969,Leabua Jonathan,1966,1972,Q1347953,Leabua Jonathan
Lesotho,570,LSO,1970,Leabua Jonathan,1966,1972,Q1347953,Leabua Jonathan
Lesotho,570,LSO,1971,Leabua Jonathan,1966,1972,Q1347953,Leabua Jonathan
Lesotho,570,LSO,1972,Leabua Jonathan,1966,1972,Q1347953,Leabua Jonathan
Lesotho,570,LSO,1972,Peete Nkuebe Peter Peete,1972,1974,Q19918312,Peete Nkuebe Peter Peete
Lesotho,570,LSO,1973,Peete Nkuebe Peter Peete,1972,1974,Q19918312,Peete Nkuebe Peter Peete
Lesotho,570,LSO,1974,Joseph Kotsokoane,1974,1975,,
Lesotho,570,LSO,1974,Peete Nkuebe Peter Peete,1972,1974,Q19918312,Peete Nkuebe Peter Peete
Lesotho,570,LSO,1975,Joseph Kotsokoane,1974,1975,,
Lesotho,570,LSO,1975,Charles Dube Molapo,1975,1981,,
Lesotho,570,LSO,1976,Charles Dube Molapo,1975,1981,,
Lesotho,570,LSO,1977,Charles Dube Molapo,1975,1981,,
Lesotho,570,LSO,1978,Charles Dube Molapo,1975,1981,,
Lesotho,570,LSO,1979,Charles Dube Molapo,1975,1981,,
Lesotho,570,LSO,1980,Charles Dube Molapo,1975,1981,,
Lesotho,570,LSO,1981,Mooki Vitus Molapo,1981,1982,,
Lesotho,570,LSO,1981,Charles Dube Molapo,1975,1981,,
Lesotho,570,LSO,1982,Mooki Vitus Molapo,1981,1982,,
Lesotho,570,LSO,1982,Charles Dube Molapo,1982,1983,,
Lesotho,570,LSO,1983,Charles Dube Molapo,1982,1983,,
Lesotho,570,LSO,1983,Evaristus Sekhonyana,1983,1984,Q63111664,Evaristus Sekhonyana
Lesotho,570,LSO,1984,Vincent Montsi Makhele,1984,1986,,
Lesotho,570,LSO,1984,Evaristus Sekhonyana,1983,1984,Q63111664,Evaristus Sekhonyana
Lesotho,570,LSO,1985,Vincent Montsi Makhele,1984,1986,,
Lesotho,570,LSO,1986,Vincent Montsi Makhele,1984,1986,,
Lesotho,570,LSO,1986,Lengolo B. Monyake,1986,1988,,
Lesotho,570,LSO,1987,Lengolo B. Monyake,1986,1988,,
Lesotho,570,LSO,1988,Thaabe Letsie,1988,1990,,
Lesotho,570,LSO,1988,Lengolo B. Monyake,1986,1988,,
Lesotho,570,LSO,1989,Thaabe Letsie,1988,1990,,
Lesotho,570,LSO,1990,Thaabe Letsie,1988,1990,,
Lesotho,570,LSO,1990,Tom Thabane,1990,1991,Q983971,Tom Thabane
Lesotho,570,LSO,1991,Pius Tanki Molapo,1991,1992,,
Lesotho,570,LSO,1991,Tom Thabane,1990,1991,Q983971,Tom Thabane
Lesotho,570,LSO,1992,Tokonye Kotelo,1992,1993,,
Lesotho,570,LSO,1992,Pius Tanki Molapo,1991,1992,,
Lesotho,570,LSO,1993,Tokonye Kotelo,1992,1993,,
Lesotho,570,LSO,1993,Molapo Qhobela,1993,1994,Q19918267,
Lesotho,570,LSO,1994,Molapo Qhobela,1993,1994,Q19918267,
Lesotho,570,LSO,1994,Molapo Qhobela,1994,1995,Q19918267,
Lesotho,570,LSO,1994,Evaristus Sekhonyana,1994,1994,Q63111664,Evaristus Sekhonyana
Lesotho,570,LSO,1995,Kelebone Albert Maope,1995,1998,Q1738158,
Lesotho,570,LSO,1995,Molapo Qhobela,1994,1995,Q19918267,
Lesotho,570,LSO,1995,Mpho Malie,1995,1995,,
Lesotho,570,LSO,1996,Kelebone Albert Maope,1995,1998,Q1738158,
Lesotho,570,LSO,1997,Kelebone Albert Maope,1995,1998,Q1738158,
Lesotho,570,LSO,1998,Tom Thabane,1998,2002,Q983971,Tom Thabane
Lesotho,570,LSO,1998,Kelebone Albert Maope,1995,1998,Q1738158,
Lesotho,570,LSO,1999,Tom Thabane,1998,2002,Q983971,Tom Thabane
Lesotho,570,LSO,2000,Tom Thabane,1998,2002,Q983971,Tom Thabane
Lesotho,570,LSO,2001,Tom Thabane,1998,2002,Q983971,Tom Thabane
Lesotho,570,LSO,2002,Mohlabi Tsekoa,2002,2004,Q58227,Mohlabi Tsekoa
Lesotho,570,LSO,2002,Tom Thabane,1998,2002,Q983971,Tom Thabane
Lesotho,570,LSO,2003,Mohlabi Tsekoa,2002,2004,Q58227,Mohlabi Tsekoa
Lesotho,570,LSO,2004,Monyane Moleleki,2004,2007,Q1946582,Monyane Moleleki
Lesotho,570,LSO,2004,Mohlabi Tsekoa,2002,2004,Q58227,Mohlabi Tsekoa
Lesotho,570,LSO,2005,Monyane Moleleki,2004,2007,Q1946582,Monyane Moleleki
Lesotho,570,LSO,2006,Monyane Moleleki,2004,2007,Q1946582,Monyane Moleleki
Lesotho,570,LSO,2007,Mohlabi Tsekoa,2007,2015,Q58227,Mohlabi Tsekoa
Lesotho,570,LSO,2007,Monyane Moleleki,2004,2007,Q1946582,Monyane Moleleki
Lesotho,570,LSO,2008,Mohlabi Tsekoa,2007,2015,Q58227,Mohlabi Tsekoa
Lesotho,570,LSO,2009,Mohlabi Tsekoa,2007,2015,Q58227,Mohlabi Tsekoa
Lesotho,570,LSO,2010,Mohlabi Tsekoa,2007,2015,Q58227,Mohlabi Tsekoa
Lesotho,570,LSO,2011,Mohlabi Tsekoa,2007,2015,Q58227,Mohlabi Tsekoa
Lesotho,570,LSO,2012,Mohlabi Tsekoa,2007,2015,Q58227,Mohlabi Tsekoa
Lesotho,570,LSO,2013,Mohlabi Tsekoa,2007,2015,Q58227,Mohlabi Tsekoa
Lesotho,570,LSO,2014,Mohlabi Tsekoa,2007,2015,Q58227,Mohlabi Tsekoa
Lesotho,570,LSO,2015,Mohlabi Tsekoa,2007,2015,Q58227,Mohlabi Tsekoa
Lesotho,570,LSO,2015,Tlohang Sekhamane,2015,2016,Q20757703,
Lesotho,570,LSO,2016,Tlohang Sekhamane,2015,2016,Q20757703,
Lesotho,570,LSO,2016,'Mamphono Khaketla,2016,2017,Q29958071,'Mamphono Khaketla
Lesotho,570,LSO,2017,'Mamphono Khaketla,2016,2017,Q29958071,'Mamphono Khaketla
Lesotho,570,LSO,2017,Lesego Makgothi,2017,2019,Q38410059,Lesego Makgothi
Lesotho,570,LSO,2018,Lesego Makgothi,2017,2019,Q38410059,Lesego Makgothi
Lesotho,570,LSO,2019,Lesego Makgothi,2017,2019,Q38410059,Lesego Makgothi
Liberia,450,LBR,1944,Gabriel Lafayette Dennis,1944,1953,Q5515715,Gabriel Lafayette Dennis
Liberia,450,LBR,1945,Gabriel Lafayette Dennis,1944,1953,Q5515715,Gabriel Lafayette Dennis
Liberia,450,LBR,1946,Gabriel Lafayette Dennis,1944,1953,Q5515715,Gabriel Lafayette Dennis
Liberia,450,LBR,1947,Gabriel Lafayette Dennis,1944,1953,Q5515715,Gabriel Lafayette Dennis
Liberia,450,LBR,1948,Gabriel Lafayette Dennis,1944,1953,Q5515715,Gabriel Lafayette Dennis
Liberia,450,LBR,1949,Gabriel Lafayette Dennis,1944,1953,Q5515715,Gabriel Lafayette Dennis
Liberia,450,LBR,1950,Gabriel Lafayette Dennis,1944,1953,Q5515715,Gabriel Lafayette Dennis
Liberia,450,LBR,1951,Gabriel Lafayette Dennis,1944,1953,Q5515715,Gabriel Lafayette Dennis
Liberia,450,LBR,1952,Gabriel Lafayette Dennis,1944,1953,Q5515715,Gabriel Lafayette Dennis
Liberia,450,LBR,1953,Gabriel Lafayette Dennis,1944,1953,Q5515715,Gabriel Lafayette Dennis
Liberia,450,LBR,1954,Momolu Dukuly,1954,1960,Q6897427,Momolu Dukuly
Liberia,450,LBR,1955,Momolu Dukuly,1954,1960,Q6897427,Momolu Dukuly
Liberia,450,LBR,1956,Momolu Dukuly,1954,1960,Q6897427,Momolu Dukuly
Liberia,450,LBR,1957,Momolu Dukuly,1954,1960,Q6897427,Momolu Dukuly
Liberia,450,LBR,1958,Momolu Dukuly,1954,1960,Q6897427,Momolu Dukuly
Liberia,450,LBR,1959,Momolu Dukuly,1954,1960,Q6897427,Momolu Dukuly
Liberia,450,LBR,1960,Joseph Rudolph Grimes,1960,1972,Q12432984,Joseph Rudolph Grimes
Liberia,450,LBR,1960,Momolu Dukuly,1954,1960,Q6897427,Momolu Dukuly
Liberia,450,LBR,1961,Joseph Rudolph Grimes,1960,1972,Q12432984,Joseph Rudolph Grimes
Liberia,450,LBR,1962,Joseph Rudolph Grimes,1960,1972,Q12432984,Joseph Rudolph Grimes
Liberia,450,LBR,1963,Joseph Rudolph Grimes,1960,1972,Q12432984,Joseph Rudolph Grimes
Liberia,450,LBR,1964,Joseph Rudolph Grimes,1960,1972,Q12432984,Joseph Rudolph Grimes
Liberia,450,LBR,1965,Joseph Rudolph Grimes,1960,1972,Q12432984,Joseph Rudolph Grimes
Liberia,450,LBR,1966,Joseph Rudolph Grimes,1960,1972,Q12432984,Joseph Rudolph Grimes
Liberia,450,LBR,1967,Joseph Rudolph Grimes,1960,1972,Q12432984,Joseph Rudolph Grimes
Liberia,450,LBR,1968,Joseph Rudolph Grimes,1960,1972,Q12432984,Joseph Rudolph Grimes
Liberia,450,LBR,1969,Joseph Rudolph Grimes,1960,1972,Q12432984,Joseph Rudolph Grimes
Liberia,450,LBR,1970,Joseph Rudolph Grimes,1960,1972,Q12432984,Joseph Rudolph Grimes
Liberia,450,LBR,1971,Joseph Rudolph Grimes,1960,1972,Q12432984,Joseph Rudolph Grimes
Liberia,450,LBR,1972,Rocheforte Lafayette Weeks,1972,1973,Q7353860,Rocheforte Lafayette Weeks
Liberia,450,LBR,1972,Joseph Rudolph Grimes,1960,1972,Q12432984,Joseph Rudolph Grimes
Liberia,450,LBR,1973,Rocheforte Lafayette Weeks,1972,1973,Q7353860,Rocheforte Lafayette Weeks
Liberia,450,LBR,1973,Charles Cecil Dennis,1973,1980,Q5056038,
Liberia,450,LBR,1974,Charles Cecil Dennis,1973,1980,Q5056038,
Liberia,450,LBR,1975,Charles Cecil Dennis,1973,1980,Q5056038,
Liberia,450,LBR,1976,Charles Cecil Dennis,1973,1980,Q5056038,
Liberia,450,LBR,1977,Charles Cecil Dennis,1973,1980,Q5056038,
Liberia,450,LBR,1978,Charles Cecil Dennis,1973,1980,Q5056038,
Liberia,450,LBR,1979,Charles Cecil Dennis,1973,1980,Q5056038,
Liberia,450,LBR,1980,Charles Cecil Dennis,1973,1980,Q5056038,
Liberia,450,LBR,1980,Gabriel Bacchus Matthews,1980,1981,Q5515539,
Liberia,450,LBR,1981,Gabriel Bacchus Matthews,1980,1981,Q5515539,
Liberia,450,LBR,1981,Henry Boimah Fahnbulleh,1981,1983,Q891036,Henry Boimah Fahnbulleh
Liberia,450,LBR,1982,Henry Boimah Fahnbulleh,1981,1983,Q891036,Henry Boimah Fahnbulleh
Liberia,450,LBR,1983,Henry Boimah Fahnbulleh,1981,1983,Q891036,Henry Boimah Fahnbulleh
Liberia,450,LBR,1983,Ernest Eastman,1983,1986,Q1277724,Ernest Eastman
Liberia,450,LBR,1984,Ernest Eastman,1983,1986,Q1277724,Ernest Eastman
Liberia,450,LBR,1985,Ernest Eastman,1983,1986,Q1277724,Ernest Eastman
Liberia,450,LBR,1986,Ernest Eastman,1983,1986,Q1277724,Ernest Eastman
Liberia,450,LBR,1986,J. Bernard Blamo,1986,1987,Q16096855,
Liberia,450,LBR,1987,J. Bernard Blamo,1986,1987,Q16096855,
Liberia,450,LBR,1987,J. Rudolph Johnson,1987,1990,Q99475095,
Liberia,450,LBR,1988,J. Rudolph Johnson,1987,1990,Q99475095,
Liberia,450,LBR,1989,J. Rudolph Johnson,1987,1990,Q99475095,
Liberia,450,LBR,1990,Gabriel Bacchus Matthews,1990,1994,Q5515539,
Liberia,450,LBR,1990,J. Rudolph Johnson,1987,1990,Q99475095,
Liberia,450,LBR,1991,Gabriel Bacchus Matthews,1990,1994,Q5515539,
Liberia,450,LBR,1992,Gabriel Bacchus Matthews,1990,1994,Q5515539,
Liberia,450,LBR,1993,Gabriel Bacchus Matthews,1990,1994,Q5515539,
Liberia,450,LBR,1994,Dorothy Musuleng-Cooper,1994,1995,Q20986582,Dorothy Musuleng-Cooper
Liberia,450,LBR,1994,Gabriel Bacchus Matthews,1990,1994,Q5515539,
Liberia,450,LBR,1995,Momolu Sirleaf,1995,1996,Q6897428,Momolu Sirleaf
Liberia,450,LBR,1995,Dorothy Musuleng-Cooper,1994,1995,Q20986582,Dorothy Musuleng-Cooper
Liberia,450,LBR,1996,Momolu Sirleaf,1995,1996,Q6897428,Momolu Sirleaf
Liberia,450,LBR,1996,Monie Captan,1996,2003,Q1773116,Monie Captan
Liberia,450,LBR,1997,Monie Captan,1996,2003,Q1773116,Monie Captan
Liberia,450,LBR,1998,Monie Captan,1996,2003,Q1773116,Monie Captan
Liberia,450,LBR,1999,Monie Captan,1996,2003,Q1773116,Monie Captan
Liberia,450,LBR,2000,Monie Captan,1996,2003,Q1773116,Monie Captan
Liberia,450,LBR,2001,Monie Captan,1996,2003,Q1773116,Monie Captan
Liberia,450,LBR,2002,Monie Captan,1996,2003,Q1773116,Monie Captan
Liberia,450,LBR,2003,Thomas Nimely,2003,2006,Q7792753,Thomas Nimely
Liberia,450,LBR,2003,Monie Captan,1996,2003,Q1773116,Monie Captan
Liberia,450,LBR,2003,Lewis Brown,2003,2003,Q6536357,Lewis Brown
Liberia,450,LBR,2004,Thomas Nimely,2003,2006,Q7792753,Thomas Nimely
Liberia,450,LBR,2005,Thomas Nimely,2003,2006,Q7792753,Thomas Nimely
Liberia,450,LBR,2006,Thomas Nimely,2003,2006,Q7792753,Thomas Nimely
Liberia,450,LBR,2006,George Wallace,2006,2007,Q5545832,George Wallace
Liberia,450,LBR,2007,George Wallace,2006,2007,Q5545832,George Wallace
Liberia,450,LBR,2007,Olubanke King-Akerele,2007,2010,Q436587,
Liberia,450,LBR,2008,Olubanke King-Akerele,2007,2010,Q436587,
Liberia,450,LBR,2009,Olubanke King-Akerele,2007,2010,Q436587,
Liberia,450,LBR,2010,Olubanke King-Akerele,2007,2010,Q436587,
Liberia,450,LBR,2010,Toga McIntosh,2010,2012,Q99472393,
Liberia,450,LBR,2010,Sylvester Grigsby,2010,2010,,
Liberia,450,LBR,2011,Toga McIntosh,2010,2012,Q99472393,
Liberia,450,LBR,2012,Augustine Ngafuan,2012,2015,Q4821195,
Liberia,450,LBR,2012,Toga McIntosh,2010,2012,Q99472393,
Liberia,450,LBR,2013,Augustine Ngafuan,2012,2015,Q4821195,
Liberia,450,LBR,2014,Augustine Ngafuan,2012,2015,Q4821195,
Liberia,450,LBR,2015,B. Elias Shoniyin,2015,2016,Q99472381,B. Elias Shoniyin
Liberia,450,LBR,2015,Augustine Ngafuan,2012,2015,Q4821195,
Liberia,450,LBR,2016,Marjon Kamara,2016,2018,Q29294975,Marjon Kamara
Liberia,450,LBR,2016,B. Elias Shoniyin,2015,2016,Q99472381,B. Elias Shoniyin
Liberia,450,LBR,2017,Marjon Kamara,2016,2018,Q29294975,Marjon Kamara
Liberia,450,LBR,2018,Gbehzohngar Findley,2018,2019,Q9266530,Gbehzohngar Findley
Liberia,450,LBR,2018,Marjon Kamara,2016,2018,Q29294975,Marjon Kamara
Liberia,450,LBR,2019,Gbehzohngar Findley,2018,2019,Q9266530,Gbehzohngar Findley
Libya,620,LBY,1951,Ali Bey Jerbi,1951,1951,Q17344776,
Libya,620,LBY,1951,Mahmud al-Muntasir,1951,1954,Q708587,Mahmud al-Muntasir
Libya,620,LBY,1952,Mahmud al-Muntasir,1951,1954,Q708587,Mahmud al-Muntasir
Libya,620,LBY,1953,Mahmud al-Muntasir,1951,1954,Q708587,Mahmud al-Muntasir
Libya,620,LBY,1954,Abdul Salam al-Busairi,1954,1954,Q4054526,
Libya,620,LBY,1954,Mahmud al-Muntasir,1951,1954,Q708587,Mahmud al-Muntasir
Libya,620,LBY,1954,Mustafa Ben Halim,1954,1956,Q533153,Mustafa Ben Halim
Libya,620,LBY,1954,Muhammad Sakizli,1954,1954,Q708575,Muhammad Sakizli
Libya,620,LBY,1955,Mustafa Ben Halim,1954,1956,Q533153,Mustafa Ben Halim
Libya,620,LBY,1956,Ali Sahli,1956,1957,Q4725172,Ali Sahli
Libya,620,LBY,1956,Mustafa Ben Halim,1954,1956,Q533153,Mustafa Ben Halim
Libya,620,LBY,1957,Wahbi al-Bouri,1957,1958,Q2357313,Wahbi al-Bouri
Libya,620,LBY,1957,Abdul Majid Kubar,1957,1957,Q307283,Abdul Majid Kubar
Libya,620,LBY,1957,Ali Sahli,1956,1957,Q4725172,Ali Sahli
Libya,620,LBY,1958,Wahbi al-Bouri,1957,1958,Q2357313,Wahbi al-Bouri
Libya,620,LBY,1958,Abdul Majid Kubar,1958,1960,Q307283,Abdul Majid Kubar
Libya,620,LBY,1959,Abdul Majid Kubar,1958,1960,Q307283,Abdul Majid Kubar
Libya,620,LBY,1960,Abdul Majid Kubar,1958,1960,Q307283,Abdul Majid Kubar
Libya,620,LBY,1960,Abdul Qadir Allam,1960,1961,Q4054523,
Libya,620,LBY,1961,Sulaiman Jerbi,1961,1962,Q16703031,
Libya,620,LBY,1961,Abdul Qadir Allam,1960,1961,Q4054523,
Libya,620,LBY,1962,Wanis al-Qaddafi,1962,1963,Q708296,Wanis al-Qaddafi
Libya,620,LBY,1962,Sulaiman Jerbi,1961,1962,Q16703031,
Libya,620,LBY,1963,Wanis al-Qaddafi,1962,1963,Q708296,Wanis al-Qaddafi
Libya,620,LBY,1963,Mohieddin Fikini,1963,1964,Q708307,Mohieddin Fikini
Libya,620,LBY,1964,Hussein Maziq,1964,1965,Q708612,Hussein Maziq
Libya,620,LBY,1964,Mohieddin Fikini,1963,1964,Q708307,Mohieddin Fikini
Libya,620,LBY,1965,Hussein Maziq,1964,1965,Q708612,Hussein Maziq
Libya,620,LBY,1965,Wahbi al-Bouri,1965,1966,Q2357313,Wahbi al-Bouri
Libya,620,LBY,1966,Ahmad Bishti,1966,1968,Q4072986,Ahmad Bishti
Libya,620,LBY,1966,Wahbi al-Bouri,1965,1966,Q2357313,Wahbi al-Bouri
Libya,620,LBY,1967,Ahmad Bishti,1966,1968,Q4072986,Ahmad Bishti
Libya,620,LBY,1968,Shamseddin Arabi,1968,1969,Q4063290,
Libya,620,LBY,1968,Ahmad Bishti,1966,1968,Q4072986,Ahmad Bishti
Libya,620,LBY,1968,Wanis al-Qaddafi,1968,1968,Q708296,Wanis al-Qaddafi
Libya,620,LBY,1969,Shamseddin Arabi,1968,1969,Q4063290,
Libya,620,LBY,1969,Salah Bousseir,1969,1970,Q4097694,
Libya,620,LBY,1969,Ali Hassanein,1969,1969,Q17863277,
Libya,620,LBY,1970,Muhammad Najm,1970,1970,Q4305025,
Libya,620,LBY,1970,Salah Bousseir,1969,1970,Q4097694,
Libya,620,LBY,1972,Mansur Kikhia,1972,1973,Q364623,
Libya,620,LBY,1973,Mansur Kikhia,1972,1973,Q364623,
Libya,620,LBY,1974,Abdel Moneim al-Huni,1974,1975,Q4054448,
Libya,620,LBY,1975,Abdel Moneim al-Huni,1974,1975,Q4054448,
Libya,620,LBY,1976,Ali Triki,1976,1982,Q94027,
Libya,620,LBY,1977,Ali Triki,1976,1982,Q94027,
Libya,620,LBY,1978,Ali Triki,1976,1982,Q94027,
Libya,620,LBY,1979,Ali Triki,1976,1982,Q94027,
Libya,620,LBY,1980,Ali Triki,1976,1982,Q94027,
Libya,620,LBY,1981,Ali Triki,1976,1982,Q94027,
Libya,620,LBY,1982,Ali Triki,1976,1982,Q94027,
Libya,620,LBY,1982,Abdul Ati al-Obeidi,1982,1984,Q307121,Abdul Ati al-Obeidi
Libya,620,LBY,1983,Abdul Ati al-Obeidi,1982,1984,Q307121,Abdul Ati al-Obeidi
Libya,620,LBY,1984,Abdul Ati al-Obeidi,1982,1984,Q307121,Abdul Ati al-Obeidi
Libya,620,LBY,1984,Ali Triki,1984,1986,Q94027,
Libya,620,LBY,1985,Ali Triki,1984,1986,Q94027,
Libya,620,LBY,1986,Kamal Hassan Mansur,1986,1987,Q4120371,
Libya,620,LBY,1986,Ali Triki,1984,1986,Q94027,
Libya,620,LBY,1987,Kamal Hassan Mansur,1986,1987,Q4120371,
Libya,620,LBY,1987,Jadallah Azzuz al-Talhi,1987,1990,Q711897,
Libya,620,LBY,1988,Jadallah Azzuz al-Talhi,1987,1990,Q711897,
Libya,620,LBY,1989,Jadallah Azzuz al-Talhi,1987,1990,Q711897,
Libya,620,LBY,1990,Ibrahim al-Bishari,1990,1992,Q4195344,Ibrahim al-Bishari
Libya,620,LBY,1990,Jadallah Azzuz al-Talhi,1987,1990,Q711897,
Libya,620,LBY,1991,Ibrahim al-Bishari,1990,1992,Q4195344,Ibrahim al-Bishari
Libya,620,LBY,1992,Ibrahim al-Bishari,1990,1992,Q4195344,Ibrahim al-Bishari
Libya,620,LBY,1992,Umar Mustafa al-Muntasir,1992,2000,Q1264701,Umar Mustafa al-Muntasir
Libya,620,LBY,1993,Umar Mustafa al-Muntasir,1992,2000,Q1264701,Umar Mustafa al-Muntasir
Libya,620,LBY,1994,Umar Mustafa al-Muntasir,1992,2000,Q1264701,Umar Mustafa al-Muntasir
Libya,620,LBY,1995,Umar Mustafa al-Muntasir,1992,2000,Q1264701,Umar Mustafa al-Muntasir
Libya,620,LBY,1996,Umar Mustafa al-Muntasir,1992,2000,Q1264701,Umar Mustafa al-Muntasir
Libya,620,LBY,1997,Umar Mustafa al-Muntasir,1992,2000,Q1264701,Umar Mustafa al-Muntasir
Libya,620,LBY,1998,Umar Mustafa al-Muntasir,1992,2000,Q1264701,Umar Mustafa al-Muntasir
Libya,620,LBY,1999,Umar Mustafa al-Muntasir,1992,2000,Q1264701,Umar Mustafa al-Muntasir
Libya,620,LBY,2000,Abdel Rahman Shalgham,2000,2009,Q307822,Abdel Rahman Shalgham
Libya,620,LBY,2000,Umar Mustafa al-Muntasir,1992,2000,Q1264701,Umar Mustafa al-Muntasir
Libya,620,LBY,2001,Abdel Rahman Shalgham,2000,2009,Q307822,Abdel Rahman Shalgham
Libya,620,LBY,2002,Abdel Rahman Shalgham,2000,2009,Q307822,Abdel Rahman Shalgham
Libya,620,LBY,2003,Abdel Rahman Shalgham,2000,2009,Q307822,Abdel Rahman Shalgham
Libya,620,LBY,2004,Abdel Rahman Shalgham,2000,2009,Q307822,Abdel Rahman Shalgham
Libya,620,LBY,2005,Abdel Rahman Shalgham,2000,2009,Q307822,Abdel Rahman Shalgham
Libya,620,LBY,2006,Abdel Rahman Shalgham,2000,2009,Q307822,Abdel Rahman Shalgham
Libya,620,LBY,2007,Abdel Rahman Shalgham,2000,2009,Q307822,Abdel Rahman Shalgham
Libya,620,LBY,2008,Abdel Rahman Shalgham,2000,2009,Q307822,Abdel Rahman Shalgham
Libya,620,LBY,2009,Abdel Rahman Shalgham,2000,2009,Q307822,Abdel Rahman Shalgham
Libya,620,LBY,2009,Mussa Kussa,2009,2011,Q337755,
Libya,620,LBY,2010,Mussa Kussa,2009,2011,Q337755,
Libya,620,LBY,2011,Mahmoud Jibril,2011,2011,Q296724,Mahmoud Jibril
Libya,620,LBY,2011,Mussa Kussa,2009,2011,Q337755,
Libya,620,LBY,2011,Abdul Ati al-Obeidi,2011,2011,Q307121,Abdul Ati al-Obeidi
Libya,620,LBY,2011,Ashour Bin Hayal,2011,2012,Q748552,
Libya,620,LBY,2011,Ali al-Issawi,2011,2011,Q1406024,
Libya,620,LBY,2012,Ashour Bin Hayal,2011,2012,Q748552,
Libya,620,LBY,2012,Mohamed Abdulaziz,2012,2014,Q6890931,
Libya,620,LBY,2013,Mohamed Abdulaziz,2012,2014,Q6890931,
Libya,620,LBY,2014,Mohamed al-Ghariani,2014,2015,,
Libya,620,LBY,2014,Mohamed Abdulaziz,2012,2014,Q6890931,
Libya,620,LBY,2014,Mohamed al-Dairi,2014,2019,Q18201431,
Libya,620,LBY,2015,Mohamed al-Dairi,2014,2019,Q18201431,
Libya,620,LBY,2015,Ali Abu Zakouk,2015,2016,,
Libya,620,LBY,2015,Mohamed al-Ghariani,2014,2015,,
Libya,620,LBY,2016,Mohamed al-Dairi,2014,2019,Q18201431,
Libya,620,LBY,2016,Ali Abu Zakouk,2015,2016,,
Libya,620,LBY,2016,Mohamed Taha Siala,2016,2019,Q25999645,Mohamed Taha Siala
Libya,620,LBY,2017,Mohamed Taha Siala,2016,2019,Q25999645,Mohamed Taha Siala
Libya,620,LBY,2017,Mohamed al-Dairi,2014,2019,Q18201431,
Libya,620,LBY,2018,Mohamed Taha Siala,2016,2019,Q25999645,Mohamed Taha Siala
Libya,620,LBY,2018,Mohamed al-Dairi,2014,2019,Q18201431,
Libya,620,LBY,2019,Mohamed al-Dairi,2014,2019,Q18201431,
Libya,620,LBY,2019,Mohamed Taha Siala,2016,2019,Q25999645,Mohamed Taha Siala
Liechtenstein,223,LIE,1921,the heads of government,1921,1993,,
Liechtenstein,223,LIE,1922,the heads of government,1921,1993,,
Liechtenstein,223,LIE,1923,the heads of government,1921,1993,,
Liechtenstein,223,LIE,1924,the heads of government,1921,1993,,
Liechtenstein,223,LIE,1925,the heads of government,1921,1993,,
Liechtenstein,223,LIE,1926,the heads of government,1921,1993,,
Liechtenstein,223,LIE,1927,the heads of government,1921,1993,,
Liechtenstein,223,LIE,1928,the heads of government,1921,1993,,
Liechtenstein,223,LIE,1929,the heads of government,1921,1993,,
Liechtenstein,223,LIE,1930,the heads of government,1921,1993,,
Liechtenstein,223,LIE,1931,the heads of government,1921,1993,,
Liechtenstein,223,LIE,1932,the heads of government,1921,1993,,
Liechtenstein,223,LIE,1933,the heads of government,1921,1993,,
Liechtenstein,223,LIE,1934,the heads of government,1921,1993,,
Liechtenstein,223,LIE,1935,the heads of government,1921,1993,,
Liechtenstein,223,LIE,1936,the heads of government,1921,1993,,
Liechtenstein,223,LIE,1937,the heads of government,1921,1993,,
Liechtenstein,223,LIE,1938,the heads of government,1921,1993,,
Liechtenstein,223,LIE,1939,the heads of government,1921,1993,,
Liechtenstein,223,LIE,1940,the heads of government,1921,1993,,
Liechtenstein,223,LIE,1941,the heads of government,1921,1993,,
Liechtenstein,223,LIE,1942,the heads of government,1921,1993,,
Liechtenstein,223,LIE,1943,the heads of government,1921,1993,,
Liechtenstein,223,LIE,1944,the heads of government,1921,1993,,
Liechtenstein,223,LIE,1945,the heads of government,1921,1993,,
Liechtenstein,223,LIE,1946,the heads of government,1921,1993,,
Liechtenstein,223,LIE,1947,the heads of government,1921,1993,,
Liechtenstein,223,LIE,1948,the heads of government,1921,1993,,
Liechtenstein,223,LIE,1949,the heads of government,1921,1993,,
Liechtenstein,223,LIE,1950,the heads of government,1921,1993,,
Liechtenstein,223,LIE,1951,the heads of government,1921,1993,,
Liechtenstein,223,LIE,1952,the heads of government,1921,1993,,
Liechtenstein,223,LIE,1953,the heads of government,1921,1993,,
Liechtenstein,223,LIE,1954,the heads of government,1921,1993,,
Liechtenstein,223,LIE,1955,the heads of government,1921,1993,,
Liechtenstein,223,LIE,1956,the heads of government,1921,1993,,
Liechtenstein,223,LIE,1957,the heads of government,1921,1993,,
Liechtenstein,223,LIE,1958,the heads of government,1921,1993,,
Liechtenstein,223,LIE,1959,the heads of government,1921,1993,,
Liechtenstein,223,LIE,1960,the heads of government,1921,1993,,
Liechtenstein,223,LIE,1993,Andrea Willi,1993,2001,Q9150972,Andrea Willi
Liechtenstein,223,LIE,1994,Andrea Willi,1993,2001,Q9150972,Andrea Willi
Liechtenstein,223,LIE,1995,Andrea Willi,1993,2001,Q9150972,Andrea Willi
Liechtenstein,223,LIE,1996,Andrea Willi,1993,2001,Q9150972,Andrea Willi
Liechtenstein,223,LIE,1997,Andrea Willi,1993,2001,Q9150972,Andrea Willi
Liechtenstein,223,LIE,1998,Andrea Willi,1993,2001,Q9150972,Andrea Willi
Liechtenstein,223,LIE,1999,Andrea Willi,1993,2001,Q9150972,Andrea Willi
Liechtenstein,223,LIE,2000,Andrea Willi,1993,2001,Q9150972,Andrea Willi
Liechtenstein,223,LIE,2001,Ernst Walch,2001,2005,Q5395182,Ernst Walch
Liechtenstein,223,LIE,2001,Andrea Willi,1993,2001,Q9150972,Andrea Willi
Liechtenstein,223,LIE,2002,Ernst Walch,2001,2005,Q5395182,Ernst Walch
Liechtenstein,223,LIE,2003,Ernst Walch,2001,2005,Q5395182,Ernst Walch
Liechtenstein,223,LIE,2004,Ernst Walch,2001,2005,Q5395182,Ernst Walch
Liechtenstein,223,LIE,2005,Rita Kieber-Beck,2005,2009,Q448650,Rita Kieber-Beck
Liechtenstein,223,LIE,2005,Ernst Walch,2001,2005,Q5395182,Ernst Walch
Liechtenstein,223,LIE,2006,Rita Kieber-Beck,2005,2009,Q448650,Rita Kieber-Beck
Liechtenstein,223,LIE,2007,Rita Kieber-Beck,2005,2009,Q448650,Rita Kieber-Beck
Liechtenstein,223,LIE,2008,Rita Kieber-Beck,2005,2009,Q448650,Rita Kieber-Beck
Liechtenstein,223,LIE,2009,Rita Kieber-Beck,2005,2009,Q448650,Rita Kieber-Beck
Liechtenstein,223,LIE,2009,Aurelia Frick,2009,2019,Q58147,Aurelia Frick
Liechtenstein,223,LIE,2010,Aurelia Frick,2009,2019,Q58147,Aurelia Frick
Liechtenstein,223,LIE,2011,Aurelia Frick,2009,2019,Q58147,Aurelia Frick
Liechtenstein,223,LIE,2012,Aurelia Frick,2009,2019,Q58147,Aurelia Frick
Liechtenstein,223,LIE,2013,Aurelia Frick,2009,2019,Q58147,Aurelia Frick
Liechtenstein,223,LIE,2014,Aurelia Frick,2009,2019,Q58147,Aurelia Frick
Liechtenstein,223,LIE,2015,Aurelia Frick,2009,2019,Q58147,Aurelia Frick
Liechtenstein,223,LIE,2016,Aurelia Frick,2009,2019,Q58147,Aurelia Frick
Liechtenstein,223,LIE,2017,Aurelia Frick,2009,2019,Q58147,Aurelia Frick
Liechtenstein,223,LIE,2018,Aurelia Frick,2009,2019,Q58147,Aurelia Frick
Liechtenstein,223,LIE,2019,Aurelia Frick,2009,2019,Q58147,Aurelia Frick
Lithuania,368,LTU,1949,Ignas Gaska,1949,1959,Q16452712,
Lithuania,368,LTU,1950,Ignas Gaska,1949,1959,Q16452712,
Lithuania,368,LTU,1951,Ignas Gaska,1949,1959,Q16452712,
Lithuania,368,LTU,1952,Ignas Gaska,1949,1959,Q16452712,
Lithuania,368,LTU,1953,Ignas Gaska,1949,1959,Q16452712,
Lithuania,368,LTU,1954,Ignas Gaska,1949,1959,Q16452712,
Lithuania,368,LTU,1955,Ignas Gaska,1949,1959,Q16452712,
Lithuania,368,LTU,1956,Ignas Gaska,1949,1959,Q16452712,
Lithuania,368,LTU,1957,Ignas Gaska,1949,1959,Q16452712,
Lithuania,368,LTU,1958,Ignas Gaska,1949,1959,Q16452712,
Lithuania,368,LTU,1959,Ignas Gaska,1949,1959,Q16452712,
Lithuania,368,LTU,1959,Kazys Preiksas,1959,1960,Q16456083,
Lithuania,368,LTU,1960,Leokadija Dirzinskaite,1960,1961,Q11754182,
Lithuania,368,LTU,1960,Kazys Preiksas,1959,1960,Q16456083,
Lithuania,368,LTU,1961,Leokadija Dirzinskaite,1960,1961,Q11754182,
Lithuania,368,LTU,1961,Leokadija Dirzinskaite,1961,1976,Q11754182,
Lithuania,368,LTU,1961,Kazys Preiksas,1961,1961,Q16456083,
Lithuania,368,LTU,1962,Leokadija Dirzinskaite,1961,1976,Q11754182,
Lithuania,368,LTU,1963,Leokadija Dirzinskaite,1961,1976,Q11754182,
Lithuania,368,LTU,1964,Leokadija Dirzinskaite,1961,1976,Q11754182,
Lithuania,368,LTU,1965,Leokadija Dirzinskaite,1961,1976,Q11754182,
Lithuania,368,LTU,1966,Leokadija Dirzinskaite,1961,1976,Q11754182,
Lithuania,368,LTU,1967,Leokadija Dirzinskaite,1961,1976,Q11754182,
Lithuania,368,LTU,1968,Leokadija Dirzinskaite,1961,1976,Q11754182,
Lithuania,368,LTU,1969,Leokadija Dirzinskaite,1961,1976,Q11754182,
Lithuania,368,LTU,1970,Leokadija Dirzinskaite,1961,1976,Q11754182,
Lithuania,368,LTU,1971,Leokadija Dirzinskaite,1961,1976,Q11754182,
Lithuania,368,LTU,1972,Leokadija Dirzinskaite,1961,1976,Q11754182,
Lithuania,368,LTU,1973,Leokadija Dirzinskaite,1961,1976,Q11754182,
Lithuania,368,LTU,1974,Leokadija Dirzinskaite,1961,1976,Q11754182,
Lithuania,368,LTU,1975,Leokadija Dirzinskaite,1961,1976,Q11754182,
Lithuania,368,LTU,1976,Leokadija Dirzinskaite,1961,1976,Q11754182,
Lithuania,368,LTU,1976,Vytautas Zenkevicius,1976,1988,Q4191440,
Lithuania,368,LTU,1977,Vytautas Zenkevicius,1976,1988,Q4191440,
Lithuania,368,LTU,1978,Vytautas Zenkevicius,1976,1988,Q4191440,
Lithuania,368,LTU,1979,Vytautas Zenkevicius,1976,1988,Q4191440,
Lithuania,368,LTU,1980,Vytautas Zenkevicius,1976,1988,Q4191440,
Lithuania,368,LTU,1981,Vytautas Zenkevicius,1976,1988,Q4191440,
Lithuania,368,LTU,1982,Vytautas Zenkevicius,1976,1988,Q4191440,
Lithuania,368,LTU,1983,Vytautas Zenkevicius,1976,1988,Q4191440,
Lithuania,368,LTU,1984,Vytautas Zenkevicius,1976,1988,Q4191440,
Lithuania,368,LTU,1985,Vytautas Zenkevicius,1976,1988,Q4191440,
Lithuania,368,LTU,1986,Vytautas Zenkevicius,1976,1988,Q4191440,
Lithuania,368,LTU,1987,Vytautas Zenkevicius,1976,1988,Q4191440,
Lithuania,368,LTU,1988,Vytautas Zenkevicius,1976,1988,Q4191440,
Lithuania,368,LTU,1988,Vladislovas Mikuciauskas,1988,1990,Q4293278,Vladislovas Mikuciauskas
Lithuania,368,LTU,1989,Vladislovas Mikuciauskas,1988,1990,Q4293278,Vladislovas Mikuciauskas
Lithuania,368,LTU,1990,Algirdas Saudargas,1990,1992,Q556409,Algirdas Saudargas
Lithuania,368,LTU,1990,Vladislovas Mikuciauskas,1988,1990,Q4293278,Vladislovas Mikuciauskas
Lithuania,368,LTU,1991,Algirdas Saudargas,1990,1992,Q556409,Algirdas Saudargas
Lithuania,368,LTU,1992,Povilas Gylys,1992,1996,Q547404,Povilas Gylys
Lithuania,368,LTU,1992,Algirdas Saudargas,1990,1992,Q556409,Algirdas Saudargas
Lithuania,368,LTU,1993,Povilas Gylys,1992,1996,Q547404,Povilas Gylys
Lithuania,368,LTU,1994,Povilas Gylys,1992,1996,Q547404,Povilas Gylys
Lithuania,368,LTU,1995,Povilas Gylys,1992,1996,Q547404,Povilas Gylys
Lithuania,368,LTU,1996,Povilas Gylys,1992,1996,Q547404,Povilas Gylys
Lithuania,368,LTU,1996,Algirdas Saudargas,1996,2000,Q556409,Algirdas Saudargas
Lithuania,368,LTU,1997,Algirdas Saudargas,1996,2000,Q556409,Algirdas Saudargas
Lithuania,368,LTU,1998,Algirdas Saudargas,1996,2000,Q556409,Algirdas Saudargas
Lithuania,368,LTU,1999,Algirdas Saudargas,1996,2000,Q556409,Algirdas Saudargas
Lithuania,368,LTU,2000,Algirdas Saudargas,1996,2000,Q556409,Algirdas Saudargas
Lithuania,368,LTU,2000,Antanas Valionis,2000,2006,Q571063,Antanas Valionis
Lithuania,368,LTU,2001,Antanas Valionis,2000,2006,Q571063,Antanas Valionis
Lithuania,368,LTU,2002,Antanas Valionis,2000,2006,Q571063,Antanas Valionis
Lithuania,368,LTU,2003,Antanas Valionis,2000,2006,Q571063,Antanas Valionis
Lithuania,368,LTU,2004,Antanas Valionis,2000,2006,Q571063,Antanas Valionis
Lithuania,368,LTU,2005,Antanas Valionis,2000,2006,Q571063,Antanas Valionis
Lithuania,368,LTU,2006,Antanas Valionis,2000,2006,Q571063,Antanas Valionis
Lithuania,368,LTU,2006,Petras Vaitiekunas,2006,2008,Q589989,
Lithuania,368,LTU,2007,Petras Vaitiekunas,2006,2008,Q589989,
Lithuania,368,LTU,2008,Vygaudas Usackas,2008,2010,Q983985,
Lithuania,368,LTU,2008,Petras Vaitiekunas,2006,2008,Q589989,
Lithuania,368,LTU,2009,Vygaudas Usackas,2008,2010,Q983985,
Lithuania,368,LTU,2010,Vygaudas Usackas,2008,2010,Q983985,
Lithuania,368,LTU,2010,Rasa Jukneviciene,2010,2010,Q271646,
Lithuania,368,LTU,2010,Audronius Azubalis,2010,2012,Q58201,
Lithuania,368,LTU,2011,Audronius Azubalis,2010,2012,Q58201,
Lithuania,368,LTU,2012,Audronius Azubalis,2010,2012,Q58201,
Lithuania,368,LTU,2012,Linas Linkevicius,2012,2019,Q345625,
Lithuania,368,LTU,2013,Linas Linkevicius,2012,2019,Q345625,
Lithuania,368,LTU,2014,Linas Linkevicius,2012,2019,Q345625,
Lithuania,368,LTU,2015,Linas Linkevicius,2012,2019,Q345625,
Lithuania,368,LTU,2016,Linas Linkevicius,2012,2019,Q345625,
Lithuania,368,LTU,2017,Linas Linkevicius,2012,2019,Q345625,
Lithuania,368,LTU,2018,Linas Linkevicius,2012,2019,Q345625,
Lithuania,368,LTU,2019,Linas Linkevicius,2012,2019,Q345625,
Luxembourg,212,LUX,1926,Joseph Bech,1926,1959,Q315685,Joseph Bech
Luxembourg,212,LUX,1927,Joseph Bech,1926,1959,Q315685,Joseph Bech
Luxembourg,212,LUX,1928,Joseph Bech,1926,1959,Q315685,Joseph Bech
Luxembourg,212,LUX,1929,Joseph Bech,1926,1959,Q315685,Joseph Bech
Luxembourg,212,LUX,1930,Joseph Bech,1926,1959,Q315685,Joseph Bech
Luxembourg,212,LUX,1931,Joseph Bech,1926,1959,Q315685,Joseph Bech
Luxembourg,212,LUX,1932,Joseph Bech,1926,1959,Q315685,Joseph Bech
Luxembourg,212,LUX,1933,Joseph Bech,1926,1959,Q315685,Joseph Bech
Luxembourg,212,LUX,1934,Joseph Bech,1926,1959,Q315685,Joseph Bech
Luxembourg,212,LUX,1935,Joseph Bech,1926,1959,Q315685,Joseph Bech
Luxembourg,212,LUX,1936,Joseph Bech,1926,1959,Q315685,Joseph Bech
Luxembourg,212,LUX,1937,Joseph Bech,1926,1959,Q315685,Joseph Bech
Luxembourg,212,LUX,1938,Joseph Bech,1926,1959,Q315685,Joseph Bech
Luxembourg,212,LUX,1939,Joseph Bech,1926,1959,Q315685,Joseph Bech
Luxembourg,212,LUX,1940,Joseph Bech,1926,1959,Q315685,Joseph Bech
Luxembourg,212,LUX,1941,Joseph Bech,1926,1959,Q315685,Joseph Bech
Luxembourg,212,LUX,1942,Joseph Bech,1926,1959,Q315685,Joseph Bech
Luxembourg,212,LUX,1943,Joseph Bech,1926,1959,Q315685,Joseph Bech
Luxembourg,212,LUX,1944,Joseph Bech,1926,1959,Q315685,Joseph Bech
Luxembourg,212,LUX,1945,Joseph Bech,1926,1959,Q315685,Joseph Bech
Luxembourg,212,LUX,1946,Joseph Bech,1926,1959,Q315685,Joseph Bech
Luxembourg,212,LUX,1947,Joseph Bech,1926,1959,Q315685,Joseph Bech
Luxembourg,212,LUX,1948,Joseph Bech,1926,1959,Q315685,Joseph Bech
Luxembourg,212,LUX,1949,Joseph Bech,1926,1959,Q315685,Joseph Bech
Luxembourg,212,LUX,1950,Joseph Bech,1926,1959,Q315685,Joseph Bech
Luxembourg,212,LUX,1951,Joseph Bech,1926,1959,Q315685,Joseph Bech
Luxembourg,212,LUX,1952,Joseph Bech,1926,1959,Q315685,Joseph Bech
Luxembourg,212,LUX,1953,Joseph Bech,1926,1959,Q315685,Joseph Bech
Luxembourg,212,LUX,1954,Joseph Bech,1926,1959,Q315685,Joseph Bech
Luxembourg,212,LUX,1955,Joseph Bech,1926,1959,Q315685,Joseph Bech
Luxembourg,212,LUX,1956,Joseph Bech,1926,1959,Q315685,Joseph Bech
Luxembourg,212,LUX,1957,Joseph Bech,1926,1959,Q315685,Joseph Bech
Luxembourg,212,LUX,1958,Joseph Bech,1926,1959,Q315685,Joseph Bech
Luxembourg,212,LUX,1959,Joseph Bech,1926,1959,Q315685,Joseph Bech
Luxembourg,212,LUX,1959,Eugène Schaus,1959,1964,Q328862,Eugène Schaus
Luxembourg,212,LUX,1960,Eugène Schaus,1959,1964,Q328862,Eugène Schaus
Luxembourg,212,LUX,1961,Eugène Schaus,1959,1964,Q328862,Eugène Schaus
Luxembourg,212,LUX,1962,Eugène Schaus,1959,1964,Q328862,Eugène Schaus
Luxembourg,212,LUX,1963,Eugène Schaus,1959,1964,Q328862,Eugène Schaus
Luxembourg,212,LUX,1964,Eugène Schaus,1959,1964,Q328862,Eugène Schaus
Luxembourg,212,LUX,1964,Pierre Werner,1964,1967,Q315661,Pierre Werner
Luxembourg,212,LUX,1965,Pierre Werner,1964,1967,Q315661,Pierre Werner
Luxembourg,212,LUX,1966,Pierre Werner,1964,1967,Q315661,Pierre Werner
Luxembourg,212,LUX,1967,Pierre Grégoire,1967,1969,Q877366,Pierre Grégoire
Luxembourg,212,LUX,1967,Pierre Werner,1964,1967,Q315661,Pierre Werner
Luxembourg,212,LUX,1968,Pierre Grégoire,1967,1969,Q877366,Pierre Grégoire
Luxembourg,212,LUX,1969,Pierre Grégoire,1967,1969,Q877366,Pierre Grégoire
Luxembourg,212,LUX,1969,Gaston Thorn,1969,1980,Q295128,Gaston Thorn
Luxembourg,212,LUX,1970,Gaston Thorn,1969,1980,Q295128,Gaston Thorn
Luxembourg,212,LUX,1971,Gaston Thorn,1969,1980,Q295128,Gaston Thorn
Luxembourg,212,LUX,1972,Gaston Thorn,1969,1980,Q295128,Gaston Thorn
Luxembourg,212,LUX,1973,Gaston Thorn,1969,1980,Q295128,Gaston Thorn
Luxembourg,212,LUX,1974,Gaston Thorn,1969,1980,Q295128,Gaston Thorn
Luxembourg,212,LUX,1975,Gaston Thorn,1969,1980,Q295128,Gaston Thorn
Luxembourg,212,LUX,1976,Gaston Thorn,1969,1980,Q295128,Gaston Thorn
Luxembourg,212,LUX,1977,Gaston Thorn,1969,1980,Q295128,Gaston Thorn
Luxembourg,212,LUX,1978,Gaston Thorn,1969,1980,Q295128,Gaston Thorn
Luxembourg,212,LUX,1979,Gaston Thorn,1969,1980,Q295128,Gaston Thorn
Luxembourg,212,LUX,1980,Colette Flesch,1980,1984,Q451544,Colette Flesch
Luxembourg,212,LUX,1980,Gaston Thorn,1969,1980,Q295128,Gaston Thorn
Luxembourg,212,LUX,1981,Colette Flesch,1980,1984,Q451544,Colette Flesch
Luxembourg,212,LUX,1982,Colette Flesch,1980,1984,Q451544,Colette Flesch
Luxembourg,212,LUX,1983,Colette Flesch,1980,1984,Q451544,Colette Flesch
Luxembourg,212,LUX,1984,Jacques Poos,1984,1999,Q1384216,Jacques Poos
Luxembourg,212,LUX,1984,Colette Flesch,1980,1984,Q451544,Colette Flesch
Luxembourg,212,LUX,1985,Jacques Poos,1984,1999,Q1384216,Jacques Poos
Luxembourg,212,LUX,1986,Jacques Poos,1984,1999,Q1384216,Jacques Poos
Luxembourg,212,LUX,1987,Jacques Poos,1984,1999,Q1384216,Jacques Poos
Luxembourg,212,LUX,1988,Jacques Poos,1984,1999,Q1384216,Jacques Poos
Luxembourg,212,LUX,1989,Jacques Poos,1984,1999,Q1384216,Jacques Poos
Luxembourg,212,LUX,1990,Jacques Poos,1984,1999,Q1384216,Jacques Poos
Luxembourg,212,LUX,1991,Jacques Poos,1984,1999,Q1384216,Jacques Poos
Luxembourg,212,LUX,1992,Jacques Poos,1984,1999,Q1384216,Jacques Poos
Luxembourg,212,LUX,1993,Jacques Poos,1984,1999,Q1384216,Jacques Poos
Luxembourg,212,LUX,1994,Jacques Poos,1984,1999,Q1384216,Jacques Poos
Luxembourg,212,LUX,1995,Jacques Poos,1984,1999,Q1384216,Jacques Poos
Luxembourg,212,LUX,1996,Jacques Poos,1984,1999,Q1384216,Jacques Poos
Luxembourg,212,LUX,1997,Jacques Poos,1984,1999,Q1384216,Jacques Poos
Luxembourg,212,LUX,1998,Jacques Poos,1984,1999,Q1384216,Jacques Poos
Luxembourg,212,LUX,1999,Jacques Poos,1984,1999,Q1384216,Jacques Poos
Luxembourg,212,LUX,1999,Lydie Polfer,1999,2004,Q451696,Lydie Polfer
Luxembourg,212,LUX,2000,Lydie Polfer,1999,2004,Q451696,Lydie Polfer
Luxembourg,212,LUX,2001,Lydie Polfer,1999,2004,Q451696,Lydie Polfer
Luxembourg,212,LUX,2002,Lydie Polfer,1999,2004,Q451696,Lydie Polfer
Luxembourg,212,LUX,2003,Lydie Polfer,1999,2004,Q451696,Lydie Polfer
Luxembourg,212,LUX,2004,Charles Goerens,2004,2004,Q286466,Charles Goerens
Luxembourg,212,LUX,2004,Jean Asselborn,2004,2019,Q58200,Jean Asselborn
Luxembourg,212,LUX,2004,Lydie Polfer,1999,2004,Q451696,Lydie Polfer
Luxembourg,212,LUX,2005,Jean Asselborn,2004,2019,Q58200,Jean Asselborn
Luxembourg,212,LUX,2006,Jean Asselborn,2004,2019,Q58200,Jean Asselborn
Luxembourg,212,LUX,2007,Jean Asselborn,2004,2019,Q58200,Jean Asselborn
Luxembourg,212,LUX,2008,Jean Asselborn,2004,2019,Q58200,Jean Asselborn
Luxembourg,212,LUX,2009,Jean Asselborn,2004,2019,Q58200,Jean Asselborn
Luxembourg,212,LUX,2010,Jean Asselborn,2004,2019,Q58200,Jean Asselborn
Luxembourg,212,LUX,2011,Jean Asselborn,2004,2019,Q58200,Jean Asselborn
Luxembourg,212,LUX,2012,Jean Asselborn,2004,2019,Q58200,Jean Asselborn
Luxembourg,212,LUX,2013,Jean Asselborn,2004,2019,Q58200,Jean Asselborn
Luxembourg,212,LUX,2014,Jean Asselborn,2004,2019,Q58200,Jean Asselborn
Luxembourg,212,LUX,2015,Jean Asselborn,2004,2019,Q58200,Jean Asselborn
Luxembourg,212,LUX,2016,Jean Asselborn,2004,2019,Q58200,Jean Asselborn
Luxembourg,212,LUX,2017,Jean Asselborn,2004,2019,Q58200,Jean Asselborn
Luxembourg,212,LUX,2018,Jean Asselborn,2004,2019,Q58200,Jean Asselborn
Luxembourg,212,LUX,2019,Jean Asselborn,2004,2019,Q58200,Jean Asselborn
Madagascar,580,MDG,1960,Albert Sylla,1960,1967,Q4711293,Albert Sylla
Madagascar,580,MDG,1961,Albert Sylla,1960,1967,Q4711293,Albert Sylla
Madagascar,580,MDG,1962,Albert Sylla,1960,1967,Q4711293,Albert Sylla
Madagascar,580,MDG,1963,Albert Sylla,1960,1967,Q4711293,Albert Sylla
Madagascar,580,MDG,1964,Albert Sylla,1960,1967,Q4711293,Albert Sylla
Madagascar,580,MDG,1965,Albert Sylla,1960,1967,Q4711293,Albert Sylla
Madagascar,580,MDG,1966,Albert Sylla,1960,1967,Q4711293,Albert Sylla
Madagascar,580,MDG,1967,Albert Sylla,1960,1967,Q4711293,Albert Sylla
Madagascar,580,MDG,1967,Jacques Rabemananjara,1967,1972,Q1374750,Jacques Rabemananjara
Madagascar,580,MDG,1968,Jacques Rabemananjara,1967,1972,Q1374750,Jacques Rabemananjara
Madagascar,580,MDG,1969,Jacques Rabemananjara,1967,1972,Q1374750,Jacques Rabemananjara
Madagascar,580,MDG,1970,Jacques Rabemananjara,1967,1972,Q1374750,Jacques Rabemananjara
Madagascar,580,MDG,1971,Jacques Rabemananjara,1967,1972,Q1374750,Jacques Rabemananjara
Madagascar,580,MDG,1972,Didier Ratsiraka,1972,1975,Q315953,Didier Ratsiraka
Madagascar,580,MDG,1972,Jacques Rabemananjara,1967,1972,Q1374750,Jacques Rabemananjara
Madagascar,580,MDG,1973,Didier Ratsiraka,1972,1975,Q315953,Didier Ratsiraka
Madagascar,580,MDG,1974,Didier Ratsiraka,1972,1975,Q315953,Didier Ratsiraka
Madagascar,580,MDG,1975,Rémi Tiandrazana,1975,1976,Q54801373,
Madagascar,580,MDG,1975,Albert Zakariasy,1975,1975,Q54801349,
Madagascar,580,MDG,1975,Didier Ratsiraka,1972,1975,Q315953,Didier Ratsiraka
Madagascar,580,MDG,1976,Bruno Rakotomavo,1976,1977,Q54801407,
Madagascar,580,MDG,1976,Rémi Tiandrazana,1975,1976,Q54801373,
Madagascar,580,MDG,1976,Jean Bemananjara,1976,1976,Q54801395,
Madagascar,580,MDG,1977,Bruno Rakotomavo,1976,1977,Q54801407,
Madagascar,580,MDG,1977,Christian Rémi Richard,1977,1983,Q1081651,Christian Rémi Richard
Madagascar,580,MDG,1978,Christian Rémi Richard,1977,1983,Q1081651,Christian Rémi Richard
Madagascar,580,MDG,1979,Christian Rémi Richard,1977,1983,Q1081651,Christian Rémi Richard
Madagascar,580,MDG,1980,Christian Rémi Richard,1977,1983,Q1081651,Christian Rémi Richard
Madagascar,580,MDG,1981,Christian Rémi Richard,1977,1983,Q1081651,Christian Rémi Richard
Madagascar,580,MDG,1982,Christian Rémi Richard,1977,1983,Q1081651,Christian Rémi Richard
Madagascar,580,MDG,1983,Jean Bemananjara,1983,1991,Q54801395,
Madagascar,580,MDG,1983,Christian Rémi Richard,1977,1983,Q1081651,Christian Rémi Richard
Madagascar,580,MDG,1984,Jean Bemananjara,1983,1991,Q54801395,
Madagascar,580,MDG,1985,Jean Bemananjara,1983,1991,Q54801395,
Madagascar,580,MDG,1986,Jean Bemananjara,1983,1991,Q54801395,
Madagascar,580,MDG,1987,Jean Bemananjara,1983,1991,Q54801395,
Madagascar,580,MDG,1988,Jean Bemananjara,1983,1991,Q54801395,
Madagascar,580,MDG,1989,Jean Bemananjara,1983,1991,Q54801395,
Madagascar,580,MDG,1990,Jean Bemananjara,1983,1991,Q54801395,
Madagascar,580,MDG,1991,Jean Bemananjara,1983,1991,Q54801395,
Madagascar,580,MDG,1991,Césaire Rabenoro,1991,1993,Q19661308,Césaire Rabenoro
Madagascar,580,MDG,1992,Césaire Rabenoro,1991,1993,Q19661308,Césaire Rabenoro
Madagascar,580,MDG,1993,Jacques Sylla,1993,1996,Q468825,Jacques Sylla
Madagascar,580,MDG,1993,Césaire Rabenoro,1991,1993,Q19661308,Césaire Rabenoro
Madagascar,580,MDG,1994,Jacques Sylla,1993,1996,Q468825,Jacques Sylla
Madagascar,580,MDG,1995,Jacques Sylla,1993,1996,Q468825,Jacques Sylla
Madagascar,580,MDG,1996,Jacques Sylla,1993,1996,Q468825,Jacques Sylla
Madagascar,580,MDG,1996,Evariste Marson,1996,1997,Q54802998,
Madagascar,580,MDG,1997,Herizo Razafimahaleo,1997,1998,Q3134026,Herizo Razafimahaleo
Madagascar,580,MDG,1997,Evariste Marson,1996,1997,Q54802998,
Madagascar,580,MDG,1998,Lila Ratsifandrihamanana,1998,2002,Q3240758,Lila Ratsifandrihamanana
Madagascar,580,MDG,1998,Herizo Razafimahaleo,1997,1998,Q3134026,Herizo Razafimahaleo
Madagascar,580,MDG,1999,Lila Ratsifandrihamanana,1998,2002,Q3240758,Lila Ratsifandrihamanana
Madagascar,580,MDG,2000,Lila Ratsifandrihamanana,1998,2002,Q3240758,Lila Ratsifandrihamanana
Madagascar,580,MDG,2001,Lila Ratsifandrihamanana,1998,2002,Q3240758,Lila Ratsifandrihamanana
Madagascar,580,MDG,2002,Lila Ratsifandrihamanana,1998,2002,Q3240758,Lila Ratsifandrihamanana
Madagascar,580,MDG,2002,Azaly Ben Marofo,2002,2002,Q4832156,Azaly Ben Marofo
Madagascar,580,MDG,2002,Marcel Ranjeva,2002,2009,Q3289324,Marcel Ranjeva
Madagascar,580,MDG,2003,Marcel Ranjeva,2002,2009,Q3289324,Marcel Ranjeva
Madagascar,580,MDG,2004,Marcel Ranjeva,2002,2009,Q3289324,Marcel Ranjeva
Madagascar,580,MDG,2005,Marcel Ranjeva,2002,2009,Q3289324,Marcel Ranjeva
Madagascar,580,MDG,2006,Marcel Ranjeva,2002,2009,Q3289324,Marcel Ranjeva
Madagascar,580,MDG,2007,Marcel Ranjeva,2002,2009,Q3289324,Marcel Ranjeva
Madagascar,580,MDG,2008,Marcel Ranjeva,2002,2009,Q3289324,Marcel Ranjeva
Madagascar,580,MDG,2009,Marcel Ranjeva,2002,2009,Q3289324,Marcel Ranjeva
Madagascar,580,MDG,2009,Ny Hasina Andriamanjato,2009,2010,Q7070753,Ny Hasina Andriamanjato
Madagascar,580,MDG,2010,Hyppolite Ramaroson,2010,2011,Q621666,Hyppolite Ramaroson
Madagascar,580,MDG,2010,Ny Hasina Andriamanjato,2009,2010,Q7070753,Ny Hasina Andriamanjato
Madagascar,580,MDG,2011,Hyppolite Ramaroson,2010,2011,Q621666,Hyppolite Ramaroson
Madagascar,580,MDG,2011,Yvette Sylla,2011,2011,Q54805235,Yvette Sylla
Madagascar,580,MDG,2011,Pierrot Rajaonarivelo,2011,2013,Q3387950,Pierrot Rajaonarivelo
Madagascar,580,MDG,2012,Pierrot Rajaonarivelo,2011,2013,Q3387950,Pierrot Rajaonarivelo
Madagascar,580,MDG,2013,Pierrot Rajaonarivelo,2011,2013,Q3387950,Pierrot Rajaonarivelo
Madagascar,580,MDG,2013,Ulrich Andriantiana,2013,2014,Q54801325,
Madagascar,580,MDG,2014,Ulrich Andriantiana,2013,2014,Q54801325,
Madagascar,580,MDG,2014,Arisoa Razafitrimo,2014,2015,Q18378057,Arisoa Razafitrimo
Madagascar,580,MDG,2015,Arisoa Razafitrimo,2014,2015,Q18378057,Arisoa Razafitrimo
Madagascar,580,MDG,2015,Béatrice Atallah,2015,2017,Q24951179,Béatrice Atallah
Madagascar,580,MDG,2016,Béatrice Atallah,2015,2017,Q24951179,Béatrice Atallah
Madagascar,580,MDG,2017,Béatrice Atallah,2015,2017,Q24951179,Béatrice Atallah
Madagascar,580,MDG,2017,Henry Rabary Njaka,2017,2018,Q54805243,
Madagascar,580,MDG,2018,Henry Rabary Njaka,2017,2018,Q54805243,
Madagascar,580,MDG,2018,Eloi Alphonse Maxime Dovo,2018,2019,Q5367062,Eloi Alphonse Maxime Dovo
Madagascar,580,MDG,2019,Eloi Alphonse Maxime Dovo,2018,2019,Q5367062,Eloi Alphonse Maxime Dovo
Madagascar,580,MDG,2019,Naina Andriantsitohaina,2019,2019,Q61044219,Naina Andriantsitohaina
Malawi,553,MWI,1964,Kanyama Chiume,1964,1964,Q10909793,Kanyama Chiume
Malawi,553,MWI,1964,Hastings Kamuzu Banda,1964,1993,Q184945,Hastings Kamuzu Banda
Malawi,553,MWI,1965,Hastings Kamuzu Banda,1964,1993,Q184945,Hastings Kamuzu Banda
Malawi,553,MWI,1966,Hastings Kamuzu Banda,1964,1993,Q184945,Hastings Kamuzu Banda
Malawi,553,MWI,1967,Hastings Kamuzu Banda,1964,1993,Q184945,Hastings Kamuzu Banda
Malawi,553,MWI,1968,Hastings Kamuzu Banda,1964,1993,Q184945,Hastings Kamuzu Banda
Malawi,553,MWI,1969,Hastings Kamuzu Banda,1964,1993,Q184945,Hastings Kamuzu Banda
Malawi,553,MWI,1970,Hastings Kamuzu Banda,1964,1993,Q184945,Hastings Kamuzu Banda
Malawi,553,MWI,1971,Hastings Kamuzu Banda,1964,1993,Q184945,Hastings Kamuzu Banda
Malawi,553,MWI,1972,Hastings Kamuzu Banda,1964,1993,Q184945,Hastings Kamuzu Banda
Malawi,553,MWI,1973,Hastings Kamuzu Banda,1964,1993,Q184945,Hastings Kamuzu Banda
Malawi,553,MWI,1974,Hastings Kamuzu Banda,1964,1993,Q184945,Hastings Kamuzu Banda
Malawi,553,MWI,1975,Hastings Kamuzu Banda,1964,1993,Q184945,Hastings Kamuzu Banda
Malawi,553,MWI,1976,Hastings Kamuzu Banda,1964,1993,Q184945,Hastings Kamuzu Banda
Malawi,553,MWI,1977,Hastings Kamuzu Banda,1964,1993,Q184945,Hastings Kamuzu Banda
Malawi,553,MWI,1978,Hastings Kamuzu Banda,1964,1993,Q184945,Hastings Kamuzu Banda
Malawi,553,MWI,1979,Hastings Kamuzu Banda,1964,1993,Q184945,Hastings Kamuzu Banda
Malawi,553,MWI,1980,Hastings Kamuzu Banda,1964,1993,Q184945,Hastings Kamuzu Banda
Malawi,553,MWI,1981,Hastings Kamuzu Banda,1964,1993,Q184945,Hastings Kamuzu Banda
Malawi,553,MWI,1982,Hastings Kamuzu Banda,1964,1993,Q184945,Hastings Kamuzu Banda
Malawi,553,MWI,1983,Hastings Kamuzu Banda,1964,1993,Q184945,Hastings Kamuzu Banda
Malawi,553,MWI,1984,Hastings Kamuzu Banda,1964,1993,Q184945,Hastings Kamuzu Banda
Malawi,553,MWI,1985,Hastings Kamuzu Banda,1964,1993,Q184945,Hastings Kamuzu Banda
Malawi,553,MWI,1986,Hastings Kamuzu Banda,1964,1993,Q184945,Hastings Kamuzu Banda
Malawi,553,MWI,1987,Hastings Kamuzu Banda,1964,1993,Q184945,Hastings Kamuzu Banda
Malawi,553,MWI,1988,Hastings Kamuzu Banda,1964,1993,Q184945,Hastings Kamuzu Banda
Malawi,553,MWI,1989,Hastings Kamuzu Banda,1964,1993,Q184945,Hastings Kamuzu Banda
Malawi,553,MWI,1990,Hastings Kamuzu Banda,1964,1993,Q184945,Hastings Kamuzu Banda
Malawi,553,MWI,1991,Hastings Kamuzu Banda,1964,1993,Q184945,Hastings Kamuzu Banda
Malawi,553,MWI,1992,Hastings Kamuzu Banda,1964,1993,Q184945,Hastings Kamuzu Banda
Malawi,553,MWI,1993,Hastings Kamuzu Banda,1964,1993,Q184945,Hastings Kamuzu Banda
Malawi,553,MWI,1993,Hetherwick Ntaba,1993,1994,Q5747958,Hetherwick Ntaba
Malawi,553,MWI,1994,Edward Bwanali,1994,1996,Q5342119,Edward Bwanali
Malawi,553,MWI,1994,Hetherwick Ntaba,1993,1994,Q5747958,Hetherwick Ntaba
Malawi,553,MWI,1995,Edward Bwanali,1994,1996,Q5342119,Edward Bwanali
Malawi,553,MWI,1996,Edward Bwanali,1994,1996,Q5342119,Edward Bwanali
Malawi,553,MWI,1996,George Ntafu,1996,1997,Q5542942,George Ntafu
Malawi,553,MWI,1997,George Ntafu,1996,1997,Q5542942,George Ntafu
Malawi,553,MWI,1997,Mapopa Chipeta,1997,1999,Q6754140,Mapopa Chipeta
Malawi,553,MWI,1998,Mapopa Chipeta,1997,1999,Q6754140,Mapopa Chipeta
Malawi,553,MWI,1999,Mapopa Chipeta,1997,1999,Q6754140,Mapopa Chipeta
Malawi,553,MWI,1999,Brown Mpinganjira,1999,2000,Q4976220,Brown Mpinganjira
Malawi,553,MWI,2000,Lilian Patel,2000,2004,Q6547705,Lilian Patel
Malawi,553,MWI,2000,Brown Mpinganjira,1999,2000,Q4976220,Brown Mpinganjira
Malawi,553,MWI,2001,Lilian Patel,2000,2004,Q6547705,Lilian Patel
Malawi,553,MWI,2002,Lilian Patel,2000,2004,Q6547705,Lilian Patel
Malawi,553,MWI,2003,Lilian Patel,2000,2004,Q6547705,Lilian Patel
Malawi,553,MWI,2004,Lilian Patel,2000,2004,Q6547705,Lilian Patel
Malawi,553,MWI,2004,George Chaponda,2004,2005,Q5537823,George Chaponda
Malawi,553,MWI,2005,George Chaponda,2004,2005,Q5537823,George Chaponda
Malawi,553,MWI,2005,Davis Katsonga,2005,2006,Q5241922,Davis Katsonga
Malawi,553,MWI,2006,Davis Katsonga,2005,2006,Q5241922,Davis Katsonga
Malawi,553,MWI,2006,Joyce Banda,2006,2009,Q57388,Joyce Banda
Malawi,553,MWI,2007,Joyce Banda,2006,2009,Q57388,Joyce Banda
Malawi,553,MWI,2008,Joyce Banda,2006,2009,Q57388,Joyce Banda
Malawi,553,MWI,2009,Joyce Banda,2006,2009,Q57388,Joyce Banda
Malawi,553,MWI,2009,Etta Banda,2009,2011,Q58269,Etta Banda
Malawi,553,MWI,2010,Etta Banda,2009,2011,Q58269,Etta Banda
Malawi,553,MWI,2011,Bingu wa Mutharika,2011,2011,Q181586,Bingu wa Mutharika
Malawi,553,MWI,2011,Etta Banda,2009,2011,Q58269,Etta Banda
Malawi,553,MWI,2011,Peter Mutharika,2011,2012,Q7176020,Peter Mutharika
Malawi,553,MWI,2012,Peter Mutharika,2011,2012,Q7176020,Peter Mutharika
Malawi,553,MWI,2012,Ephraim Chiume,2012,2014,Q5382250,Ephraim Chiume
Malawi,553,MWI,2013,Ephraim Chiume,2012,2014,Q5382250,Ephraim Chiume
Malawi,553,MWI,2014,George Chaponda,2014,2016,Q5537823,George Chaponda
Malawi,553,MWI,2014,Ephraim Chiume,2012,2014,Q5382250,Ephraim Chiume
Malawi,553,MWI,2015,George Chaponda,2014,2016,Q5537823,George Chaponda
Malawi,553,MWI,2016,George Chaponda,2014,2016,Q5537823,George Chaponda
Malawi,553,MWI,2016,Francis Kasaila,2016,2017,Q40039690,Francis Kasaila
Malawi,553,MWI,2017,Emmanuel Fabiano,2017,2019,Q45780387,Emmanuel Fabiano
Malawi,553,MWI,2017,Francis Kasaila,2016,2017,Q40039690,Francis Kasaila
Malawi,553,MWI,2018,Emmanuel Fabiano,2017,2019,Q45780387,Emmanuel Fabiano
Malawi,553,MWI,2019,Emmanuel Fabiano,2017,2019,Q45780387,Emmanuel Fabiano
Malaysia,820,MYS,1957,Tunku Abdul Rahman Putra Alhaj,1957,1959,Q296317,
Malaysia,820,MYS,1958,Tunku Abdul Rahman Putra Alhaj,1957,1959,Q296317,
Malaysia,820,MYS,1959,Ismail bin Dato' Abdul Rahman,1959,1960,Q4198159,
Malaysia,820,MYS,1959,Tunku Abdul Rahman Putra Alhaj,1957,1959,Q296317,
Malaysia,820,MYS,1960,Tunku Abdul Rahman Putra Alhaj,1960,1970,Q296317,
Malaysia,820,MYS,1960,Ismail bin Dato' Abdul Rahman,1959,1960,Q4198159,
Malaysia,820,MYS,1961,Tunku Abdul Rahman Putra Alhaj,1960,1970,Q296317,
Malaysia,820,MYS,1962,Tunku Abdul Rahman Putra Alhaj,1960,1970,Q296317,
Malaysia,820,MYS,1963,Tunku Abdul Rahman Putra Alhaj,1960,1970,Q296317,
Malaysia,820,MYS,1964,Tunku Abdul Rahman Putra Alhaj,1960,1970,Q296317,
Malaysia,820,MYS,1965,Tunku Abdul Rahman Putra Alhaj,1960,1970,Q296317,
Malaysia,820,MYS,1966,Tunku Abdul Rahman Putra Alhaj,1960,1970,Q296317,
Malaysia,820,MYS,1967,Tunku Abdul Rahman Putra Alhaj,1960,1970,Q296317,
Malaysia,820,MYS,1968,Tunku Abdul Rahman Putra Alhaj,1960,1970,Q296317,
Malaysia,820,MYS,1969,Tunku Abdul Rahman Putra Alhaj,1960,1970,Q296317,
Malaysia,820,MYS,1970,Tun Abdul Razak bin Hussein,1970,1975,Q264516,
Malaysia,820,MYS,1970,Tunku Abdul Rahman Putra Alhaj,1960,1970,Q296317,
Malaysia,820,MYS,1971,Tun Abdul Razak bin Hussein,1970,1975,Q264516,
Malaysia,820,MYS,1972,Tun Abdul Razak bin Hussein,1970,1975,Q264516,
Malaysia,820,MYS,1973,Tun Abdul Razak bin Hussein,1970,1975,Q264516,
Malaysia,820,MYS,1974,Tun Abdul Razak bin Hussein,1970,1975,Q264516,
Malaysia,820,MYS,1975,Tengku Ahmad Rithauddeen,1975,1981,Q4072989,
Malaysia,820,MYS,1975,Tun Abdul Razak bin Hussein,1970,1975,Q264516,
Malaysia,820,MYS,1976,Tengku Ahmad Rithauddeen,1975,1981,Q4072989,
Malaysia,820,MYS,1977,Tengku Ahmad Rithauddeen,1975,1981,Q4072989,
Malaysia,820,MYS,1978,Tengku Ahmad Rithauddeen,1975,1981,Q4072989,
Malaysia,820,MYS,1979,Tengku Ahmad Rithauddeen,1975,1981,Q4072989,
Malaysia,820,MYS,1980,Tengku Ahmad Rithauddeen,1975,1981,Q4072989,
Malaysia,820,MYS,1981,Tun Muhammad Ghazali bin Shafie,1981,1984,Q1521486,
Malaysia,820,MYS,1981,Tengku Ahmad Rithauddeen,1975,1981,Q4072989,
Malaysia,820,MYS,1982,Tun Muhammad Ghazali bin Shafie,1981,1984,Q1521486,
Malaysia,820,MYS,1983,Tun Muhammad Ghazali bin Shafie,1981,1984,Q1521486,
Malaysia,820,MYS,1984,Tun Muhammad Ghazali bin Shafie,1981,1984,Q1521486,
Malaysia,820,MYS,1984,Dato' Seri Tengku Ahmad Rithauddeen,1984,1986,Q4072989,
Malaysia,820,MYS,1985,Dato' Seri Tengku Ahmad Rithauddeen,1984,1986,Q4072989,
Malaysia,820,MYS,1986,Dato' Rais Yatim,1986,1987,Q2380853,
Malaysia,820,MYS,1986,Dato' Seri Tengku Ahmad Rithauddeen,1984,1986,Q4072989,
Malaysia,820,MYS,1987,Dato',1987,1991,Q4670201,
Malaysia,820,MYS,1987,Dato' Rais Yatim,1986,1987,Q2380853,
Malaysia,820,MYS,1988,Dato',1987,1991,Q4670201,
Malaysia,820,MYS,1989,Dato',1987,1991,Q4670201,
Malaysia,820,MYS,1990,Dato',1987,1991,Q4670201,
Malaysia,820,MYS,1991,Dato',1987,1991,Q4670201,
Malaysia,820,MYS,1991,Dato',1991,1999,Q272588,
Malaysia,820,MYS,1992,Dato',1991,1999,Q272588,
Malaysia,820,MYS,1993,Dato',1991,1999,Q272588,
Malaysia,820,MYS,1994,Dato',1991,1999,Q272588,
Malaysia,820,MYS,1995,Dato',1991,1999,Q272588,
Malaysia,820,MYS,1996,Dato',1991,1999,Q272588,
Malaysia,820,MYS,1997,Dato',1991,1999,Q272588,
Malaysia,820,MYS,1998,Dato',1991,1999,Q272588,
Malaysia,820,MYS,1999,Datuk Seri Syed Hamid Albar,1999,2008,Q3176113,
Malaysia,820,MYS,1999,Dato',1991,1999,Q272588,
Malaysia,820,MYS,2000,Datuk Seri Syed Hamid Albar,1999,2008,Q3176113,
Malaysia,820,MYS,2001,Datuk Seri Syed Hamid Albar,1999,2008,Q3176113,
Malaysia,820,MYS,2002,Datuk Seri Syed Hamid Albar,1999,2008,Q3176113,
Malaysia,820,MYS,2003,Datuk Seri Syed Hamid Albar,1999,2008,Q3176113,
Malaysia,820,MYS,2004,Datuk Seri Syed Hamid Albar,1999,2008,Q3176113,
Malaysia,820,MYS,2005,Datuk Seri Syed Hamid Albar,1999,2008,Q3176113,
Malaysia,820,MYS,2006,Datuk Seri Syed Hamid Albar,1999,2008,Q3176113,
Malaysia,820,MYS,2007,Datuk Seri Syed Hamid Albar,1999,2008,Q3176113,
Malaysia,820,MYS,2008,Datuk Seri Syed Hamid Albar,1999,2008,Q3176113,
Malaysia,820,MYS,2008,Datuk Seri Rais Yatim,2008,2009,Q2380853,
Malaysia,820,MYS,2009,Datuk Anifah Aman,2009,2018,Q4764583,
Malaysia,820,MYS,2009,Datuk Seri Rais Yatim,2008,2009,Q2380853,
Malaysia,820,MYS,2010,Datuk Anifah Aman,2009,2018,Q4764583,
Malaysia,820,MYS,2011,Datuk Anifah Aman,2009,2018,Q4764583,
Malaysia,820,MYS,2012,Datuk Anifah Aman,2009,2018,Q4764583,
Malaysia,820,MYS,2013,Datuk Anifah Aman,2009,2018,Q4764583,
Malaysia,820,MYS,2014,Datuk Anifah Aman,2009,2018,Q4764583,
Malaysia,820,MYS,2015,Datuk Anifah Aman,2009,2018,Q4764583,
Malaysia,820,MYS,2016,Datuk Anifah Aman,2009,2018,Q4764583,
Malaysia,820,MYS,2017,Datuk Anifah Aman,2009,2018,Q4764583,
Malaysia,820,MYS,2018,Datuk Anifah Aman,2009,2018,Q4764583,
Malaysia,820,MYS,2018,Dato' Saifuddin Abdullah,2018,2019,Q7400032,
Malaysia,820,MYS,2019,Dato' Saifuddin Abdullah,2018,2019,Q7400032,
Maldives,781,MDV,1944,Amir Ahmad Muhammad Amin Didi,1944,1953,Q601491,
Maldives,781,MDV,1945,Amir Ahmad Muhammad Amin Didi,1944,1953,Q601491,
Maldives,781,MDV,1946,Amir Ahmad Muhammad Amin Didi,1944,1953,Q601491,
Maldives,781,MDV,1947,Amir Ahmad Muhammad Amin Didi,1944,1953,Q601491,
Maldives,781,MDV,1948,Amir Ahmad Muhammad Amin Didi,1944,1953,Q601491,
Maldives,781,MDV,1949,Amir Ahmad Muhammad Amin Didi,1944,1953,Q601491,
Maldives,781,MDV,1950,Amir Ahmad Muhammad Amin Didi,1944,1953,Q601491,
Maldives,781,MDV,1951,Amir Ahmad Muhammad Amin Didi,1944,1953,Q601491,
Maldives,781,MDV,1952,Amir Ahmad Muhammad Amin Didi,1944,1953,Q601491,
Maldives,781,MDV,1953,Amir Ahmad Muhammad Amin Didi,1944,1953,Q601491,
Maldives,781,MDV,1954,Ibrahim Faamudheyri Kilegefaanu,1954,1957,,
Maldives,781,MDV,1955,Ibrahim Faamudheyri Kilegefaanu,1954,1957,,
Maldives,781,MDV,1956,Ibrahim Faamudheyri Kilegefaanu,1954,1957,,
Maldives,781,MDV,1957,Ibrahim Faamudheyri Kilegefaanu,1954,1957,,
Maldives,781,MDV,1957,Ibrahim Nasir,1957,1968,Q558802,Ibrahim Nasir
Maldives,781,MDV,1958,Ibrahim Nasir,1957,1968,Q558802,Ibrahim Nasir
Maldives,781,MDV,1959,Ibrahim Nasir,1957,1968,Q558802,Ibrahim Nasir
Maldives,781,MDV,1960,Ibrahim Nasir,1957,1968,Q558802,Ibrahim Nasir
Maldives,781,MDV,1961,Ibrahim Nasir,1957,1968,Q558802,Ibrahim Nasir
Maldives,781,MDV,1962,Ibrahim Nasir,1957,1968,Q558802,Ibrahim Nasir
Maldives,781,MDV,1963,Ibrahim Nasir,1957,1968,Q558802,Ibrahim Nasir
Maldives,781,MDV,1964,Ibrahim Nasir,1957,1968,Q558802,Ibrahim Nasir
Maldives,781,MDV,1965,Ibrahim Nasir,1957,1968,Q558802,Ibrahim Nasir
Maldives,781,MDV,1966,Ibrahim Nasir,1957,1968,Q558802,Ibrahim Nasir
Maldives,781,MDV,1967,Ibrahim Nasir,1957,1968,Q558802,Ibrahim Nasir
Maldives,781,MDV,1968,Ahmed Zaki,1968,1975,Q4696065,Ahmed Zaki
Maldives,781,MDV,1968,Ibrahim Nasir,1957,1968,Q558802,Ibrahim Nasir
Maldives,781,MDV,1969,Ahmed Zaki,1968,1975,Q4696065,Ahmed Zaki
Maldives,781,MDV,1970,Ahmed Zaki,1968,1975,Q4696065,Ahmed Zaki
Maldives,781,MDV,1971,Ahmed Zaki,1968,1975,Q4696065,Ahmed Zaki
Maldives,781,MDV,1972,Ahmed Zaki,1968,1975,Q4696065,Ahmed Zaki
Maldives,781,MDV,1973,Ahmed Zaki,1968,1975,Q4696065,Ahmed Zaki
Maldives,781,MDV,1974,Ahmed Zaki,1968,1975,Q4696065,Ahmed Zaki
Maldives,781,MDV,1975,Ahmed Zaki,1968,1975,Q4696065,Ahmed Zaki
Maldives,781,MDV,1978,Fathulla Jameel,1978,2005,Q559061,Fathulla Jameel
Maldives,781,MDV,1979,Fathulla Jameel,1978,2005,Q559061,Fathulla Jameel
Maldives,781,MDV,1980,Fathulla Jameel,1978,2005,Q559061,Fathulla Jameel
Maldives,781,MDV,1981,Fathulla Jameel,1978,2005,Q559061,Fathulla Jameel
Maldives,781,MDV,1982,Fathulla Jameel,1978,2005,Q559061,Fathulla Jameel
Maldives,781,MDV,1983,Fathulla Jameel,1978,2005,Q559061,Fathulla Jameel
Maldives,781,MDV,1984,Fathulla Jameel,1978,2005,Q559061,Fathulla Jameel
Maldives,781,MDV,1985,Fathulla Jameel,1978,2005,Q559061,Fathulla Jameel
Maldives,781,MDV,1986,Fathulla Jameel,1978,2005,Q559061,Fathulla Jameel
Maldives,781,MDV,1987,Fathulla Jameel,1978,2005,Q559061,Fathulla Jameel
Maldives,781,MDV,1988,Fathulla Jameel,1978,2005,Q559061,Fathulla Jameel
Maldives,781,MDV,1989,Fathulla Jameel,1978,2005,Q559061,Fathulla Jameel
Maldives,781,MDV,1990,Fathulla Jameel,1978,2005,Q559061,Fathulla Jameel
Maldives,781,MDV,1991,Fathulla Jameel,1978,2005,Q559061,Fathulla Jameel
Maldives,781,MDV,1992,Fathulla Jameel,1978,2005,Q559061,Fathulla Jameel
Maldives,781,MDV,1993,Fathulla Jameel,1978,2005,Q559061,Fathulla Jameel
Maldives,781,MDV,1994,Fathulla Jameel,1978,2005,Q559061,Fathulla Jameel
Maldives,781,MDV,1995,Fathulla Jameel,1978,2005,Q559061,Fathulla Jameel
Maldives,781,MDV,1996,Fathulla Jameel,1978,2005,Q559061,Fathulla Jameel
Maldives,781,MDV,1997,Fathulla Jameel,1978,2005,Q559061,Fathulla Jameel
Maldives,781,MDV,1998,Fathulla Jameel,1978,2005,Q559061,Fathulla Jameel
Maldives,781,MDV,1999,Fathulla Jameel,1978,2005,Q559061,Fathulla Jameel
Maldives,781,MDV,2000,Fathulla Jameel,1978,2005,Q559061,Fathulla Jameel
Maldives,781,MDV,2001,Fathulla Jameel,1978,2005,Q559061,Fathulla Jameel
Maldives,781,MDV,2002,Fathulla Jameel,1978,2005,Q559061,Fathulla Jameel
Maldives,781,MDV,2003,Fathulla Jameel,1978,2005,Q559061,Fathulla Jameel
Maldives,781,MDV,2004,Fathulla Jameel,1978,2005,Q559061,Fathulla Jameel
Maldives,781,MDV,2005,Fathulla Jameel,1978,2005,Q559061,Fathulla Jameel
Maldives,781,MDV,2005,Ahmed Shaheed,2005,2007,Q1255051,Ahmed Shaheed
Maldives,781,MDV,2006,Ahmed Shaheed,2005,2007,Q1255051,Ahmed Shaheed
Maldives,781,MDV,2007,Abdulla Shahid,2007,2008,Q4665893,Abdulla Shahid
Maldives,781,MDV,2007,Ahmed Shaheed,2005,2007,Q1255051,Ahmed Shaheed
Maldives,781,MDV,2008,Ahmed Shaheed,2008,2010,Q1255051,Ahmed Shaheed
Maldives,781,MDV,2008,Abdulla Shahid,2007,2008,Q4665893,Abdulla Shahid
Maldives,781,MDV,2009,Ahmed Shaheed,2008,2010,Q1255051,Ahmed Shaheed
Maldives,781,MDV,2010,Mohamed Aslam,2010,2011,,
Maldives,781,MDV,2010,Ahmed Shaheed,2008,2010,Q1255051,Ahmed Shaheed
Maldives,781,MDV,2011,Mohamed Aslam,2010,2011,,
Maldives,781,MDV,2011,Ahmed Naseem,2011,2012,Q20386240,Ahmed Naseem
Maldives,781,MDV,2012,Ahmed Naseem,2011,2012,Q20386240,Ahmed Naseem
Maldives,781,MDV,2012,Abdul Samad Abdulla,2012,2013,Q15428017,Abdul Samad Abdulla
Maldives,781,MDV,2013,Dunya Maumoon,2013,2016,Q5315815,Dunya Maumoon
Maldives,781,MDV,2013,Mariyam Shakeela,2013,2013,Q43218548,Mariyam Shakeela
Maldives,781,MDV,2013,Asim Ahmed,2013,2013,Q16146287,Asim Ahmed
Maldives,781,MDV,2013,Abdul Samad Abdulla,2012,2013,Q15428017,Abdul Samad Abdulla
Maldives,781,MDV,2014,Dunya Maumoon,2013,2016,Q5315815,Dunya Maumoon
Maldives,781,MDV,2015,Dunya Maumoon,2013,2016,Q5315815,Dunya Maumoon
Maldives,781,MDV,2016,Dunya Maumoon,2013,2016,Q5315815,Dunya Maumoon
Maldives,781,MDV,2016,Mohamed Asim,2016,2018,Q46262998,Mohamed Asim
Maldives,781,MDV,2017,Mohamed Asim,2016,2018,Q46262998,Mohamed Asim
Maldives,781,MDV,2018,Mohamed Asim,2016,2018,Q46262998,Mohamed Asim
Maldives,781,MDV,2018,Abdulla Shahid,2018,2019,Q4665893,Abdulla Shahid
Maldives,781,MDV,2019,Abdulla Shahid,2018,2019,Q4665893,Abdulla Shahid
Mali,432,MLI,1960,Modibo Keita,1960,1961,Q6889310,Modibo Keita
Mali,432,MLI,1961,Modibo Keita,1960,1961,Q6889310,Modibo Keita
Mali,432,MLI,1961,Baréma Bocoum,1961,1964,Q4866120,Baréma Bocoum
Mali,432,MLI,1962,Baréma Bocoum,1961,1964,Q4866120,Baréma Bocoum
Mali,432,MLI,1963,Baréma Bocoum,1961,1964,Q4866120,Baréma Bocoum
Mali,432,MLI,1964,Ousmane Ba,1964,1968,Q56402813,Ousmane Ba
Mali,432,MLI,1964,Baréma Bocoum,1961,1964,Q4866120,Baréma Bocoum
Mali,432,MLI,1965,Ousmane Ba,1964,1968,Q56402813,Ousmane Ba
Mali,432,MLI,1966,Ousmane Ba,1964,1968,Q56402813,Ousmane Ba
Mali,432,MLI,1967,Ousmane Ba,1964,1968,Q56402813,Ousmane Ba
Mali,432,MLI,1968,Ousmane Ba,1964,1968,Q56402813,Ousmane Ba
Mali,432,MLI,1968,Jean-Marie Koné,1968,1969,Q16665330,Jean-Marie Koné
Mali,432,MLI,1969,Sori Coulibaly,1969,1970,,
Mali,432,MLI,1969,Jean-Marie Koné,1968,1969,Q16665330,Jean-Marie Koné
Mali,432,MLI,1970,Charles Samba Sissoko,1970,1978,Q85851529,Charles Samba Sissoko
Mali,432,MLI,1970,Sori Coulibaly,1969,1970,,
Mali,432,MLI,1971,Charles Samba Sissoko,1970,1978,Q85851529,Charles Samba Sissoko
Mali,432,MLI,1972,Charles Samba Sissoko,1970,1978,Q85851529,Charles Samba Sissoko
Mali,432,MLI,1973,Charles Samba Sissoko,1970,1978,Q85851529,Charles Samba Sissoko
Mali,432,MLI,1974,Charles Samba Sissoko,1970,1978,Q85851529,Charles Samba Sissoko
Mali,432,MLI,1975,Charles Samba Sissoko,1970,1978,Q85851529,Charles Samba Sissoko
Mali,432,MLI,1976,Charles Samba Sissoko,1970,1978,Q85851529,Charles Samba Sissoko
Mali,432,MLI,1977,Charles Samba Sissoko,1970,1978,Q85851529,Charles Samba Sissoko
Mali,432,MLI,1978,Charles Samba Sissoko,1970,1978,Q85851529,Charles Samba Sissoko
Mali,432,MLI,1978,Yusuf Traoré,1978,1979,,
Mali,432,MLI,1979,Yusuf Traoré,1978,1979,,
Mali,432,MLI,1979,Alioune Blondin Beye,1979,1986,Q2837099,Alioune Blondin Beye
Mali,432,MLI,1980,Alioune Blondin Beye,1979,1986,Q2837099,Alioune Blondin Beye
Mali,432,MLI,1981,Alioune Blondin Beye,1979,1986,Q2837099,Alioune Blondin Beye
Mali,432,MLI,1982,Alioune Blondin Beye,1979,1986,Q2837099,Alioune Blondin Beye
Mali,432,MLI,1983,Alioune Blondin Beye,1979,1986,Q2837099,Alioune Blondin Beye
Mali,432,MLI,1984,Alioune Blondin Beye,1979,1986,Q2837099,Alioune Blondin Beye
Mali,432,MLI,1985,Alioune Blondin Beye,1979,1986,Q2837099,Alioune Blondin Beye
Mali,432,MLI,1986,Alioune Blondin Beye,1979,1986,Q2837099,Alioune Blondin Beye
Mali,432,MLI,1986,Modibo Keita,1986,1989,Q6889310,Modibo Keita
Mali,432,MLI,1987,Modibo Keita,1986,1989,Q6889310,Modibo Keita
Mali,432,MLI,1988,Modibo Keita,1986,1989,Q6889310,Modibo Keita
Mali,432,MLI,1989,N'Golo Traoré,1989,1991,,
Mali,432,MLI,1989,Modibo Keita,1986,1989,Q6889310,Modibo Keita
Mali,432,MLI,1990,N'Golo Traoré,1989,1991,,
Mali,432,MLI,1991,Tiébilé Dramé,1991,1992,Q775684,Tiébilé Dramé
Mali,432,MLI,1991,N'Golo Traoré,1989,1991,,
Mali,432,MLI,1991,Souleymane Sidibé,1991,1991,Q64030556,
Mali,432,MLI,1992,Tiébilé Dramé,1991,1992,Q775684,Tiébilé Dramé
Mali,432,MLI,1992,Mohamed Aloussine Touré,1992,1993,,
Mali,432,MLI,1993,Ibrahim Boubacar Keita,1993,1994,Q324108,
Mali,432,MLI,1993,Mohamed Aloussine Touré,1992,1993,,
Mali,432,MLI,1994,Sy Kadiatou Sow,1994,1994,Q16647851,Sy Kadiatou Sow
Mali,432,MLI,1994,Ibrahim Boubacar Keita,1993,1994,Q324108,
Mali,432,MLI,1994,Dioncounda Traoré,1994,1997,Q372780,Dioncounda Traoré
Mali,432,MLI,1995,Dioncounda Traoré,1994,1997,Q372780,Dioncounda Traoré
Mali,432,MLI,1996,Dioncounda Traoré,1994,1997,Q372780,Dioncounda Traoré
Mali,432,MLI,1997,Dioncounda Traoré,1994,1997,Q372780,Dioncounda Traoré
Mali,432,MLI,1997,Modibo Sidibé,1997,2002,Q445841,Modibo Sidibé
Mali,432,MLI,1998,Modibo Sidibé,1997,2002,Q445841,Modibo Sidibé
Mali,432,MLI,1999,Modibo Sidibé,1997,2002,Q445841,Modibo Sidibé
Mali,432,MLI,2000,Modibo Sidibé,1997,2002,Q445841,Modibo Sidibé
Mali,432,MLI,2001,Modibo Sidibé,1997,2002,Q445841,Modibo Sidibé
Mali,432,MLI,2002,Lassana Traoré,2002,2004,Q6493863,Lassana Traoré
Mali,432,MLI,2002,Modibo Sidibé,1997,2002,Q445841,Modibo Sidibé
Mali,432,MLI,2003,Lassana Traoré,2002,2004,Q6493863,Lassana Traoré
Mali,432,MLI,2004,Moctar Ouane,2004,2011,Q3317754,Moctar Ouane
Mali,432,MLI,2004,Lassana Traoré,2002,2004,Q6493863,Lassana Traoré
Mali,432,MLI,2005,Moctar Ouane,2004,2011,Q3317754,Moctar Ouane
Mali,432,MLI,2006,Moctar Ouane,2004,2011,Q3317754,Moctar Ouane
Mali,432,MLI,2007,Moctar Ouane,2004,2011,Q3317754,Moctar Ouane
Mali,432,MLI,2008,Moctar Ouane,2004,2011,Q3317754,Moctar Ouane
Mali,432,MLI,2009,Moctar Ouane,2004,2011,Q3317754,Moctar Ouane
Mali,432,MLI,2010,Moctar Ouane,2004,2011,Q3317754,Moctar Ouane
Mali,432,MLI,2011,Soumeylou Boubèye Maïga,2011,2012,Q2398472,Soumeylou Boubèye Maïga
Mali,432,MLI,2011,Moctar Ouane,2004,2011,Q3317754,Moctar Ouane
Mali,432,MLI,2012,Soumeylou Boubèye Maïga,2011,2012,Q2398472,Soumeylou Boubèye Maïga
Mali,432,MLI,2012,Sadio Lamine Sow,2012,2012,Q3461135,Sadio Lamine Sow
Mali,432,MLI,2012,Tieman Coulibaly,2012,2013,Q3530016,
Mali,432,MLI,2013,Zahabi Ould Sidi Mohamed,2013,2014,Q16269580,Zahabi Ould Sidi Mohamed
Mali,432,MLI,2013,Tieman Coulibaly,2012,2013,Q3530016,
Mali,432,MLI,2014,Zahabi Ould Sidi Mohamed,2013,2014,Q16269580,Zahabi Ould Sidi Mohamed
Mali,432,MLI,2014,Abdoulaye Diop,2014,2017,Q2821367,Abdoulaye Diop
Mali,432,MLI,2015,Abdoulaye Diop,2014,2017,Q2821367,Abdoulaye Diop
Mali,432,MLI,2016,Abdoulaye Diop,2014,2017,Q2821367,Abdoulaye Diop
Mali,432,MLI,2017,Abdoulaye Diop,2014,2017,Q2821367,Abdoulaye Diop
Mali,432,MLI,2017,Tieman Coulibaly,2017,2018,Q3530016,
Mali,432,MLI,2018,Tieman Coulibaly,2017,2018,Q3530016,
Mali,432,MLI,2018,Kamissa Camara,2018,2019,Q56576583,
Mali,432,MLI,2019,Kamissa Camara,2018,2019,Q56576583,
Malta,338,MLT,1964,Giorgio Borg Olivier,1964,1971,Q983140,Giorgio Borg Olivier
Malta,338,MLT,1965,Giorgio Borg Olivier,1964,1971,Q983140,Giorgio Borg Olivier
Malta,338,MLT,1966,Giorgio Borg Olivier,1964,1971,Q983140,Giorgio Borg Olivier
Malta,338,MLT,1967,Giorgio Borg Olivier,1964,1971,Q983140,Giorgio Borg Olivier
Malta,338,MLT,1968,Giorgio Borg Olivier,1964,1971,Q983140,Giorgio Borg Olivier
Malta,338,MLT,1969,Giorgio Borg Olivier,1964,1971,Q983140,Giorgio Borg Olivier
Malta,338,MLT,1970,Giorgio Borg Olivier,1964,1971,Q983140,Giorgio Borg Olivier
Malta,338,MLT,1971,Giorgio Borg Olivier,1964,1971,Q983140,Giorgio Borg Olivier
Malta,338,MLT,1971,Dom Mintoff,1971,1981,Q167307,Dom Mintoff
Malta,338,MLT,1972,Dom Mintoff,1971,1981,Q167307,Dom Mintoff
Malta,338,MLT,1973,Dom Mintoff,1971,1981,Q167307,Dom Mintoff
Malta,338,MLT,1974,Dom Mintoff,1971,1981,Q167307,Dom Mintoff
Malta,338,MLT,1975,Dom Mintoff,1971,1981,Q167307,Dom Mintoff
Malta,338,MLT,1976,Dom Mintoff,1971,1981,Q167307,Dom Mintoff
Malta,338,MLT,1977,Dom Mintoff,1971,1981,Q167307,Dom Mintoff
Malta,338,MLT,1978,Dom Mintoff,1971,1981,Q167307,Dom Mintoff
Malta,338,MLT,1979,Dom Mintoff,1971,1981,Q167307,Dom Mintoff
Malta,338,MLT,1980,Dom Mintoff,1971,1981,Q167307,Dom Mintoff
Malta,338,MLT,1981,Dom Mintoff,1971,1981,Q167307,Dom Mintoff
Malta,338,MLT,1981,Alex Sceberras Trigona,1981,1987,Q1710630,Alex Sceberras Trigona
Malta,338,MLT,1982,Alex Sceberras Trigona,1981,1987,Q1710630,Alex Sceberras Trigona
Malta,338,MLT,1983,Alex Sceberras Trigona,1981,1987,Q1710630,Alex Sceberras Trigona
Malta,338,MLT,1984,Alex Sceberras Trigona,1981,1987,Q1710630,Alex Sceberras Trigona
Malta,338,MLT,1984,Baron Felice Catalano di Melilli,1984,1997,Q16555591,
Malta,338,MLT,1985,Baron Felice Catalano di Melilli,1984,1997,Q16555591,
Malta,338,MLT,1985,Alex Sceberras Trigona,1981,1987,Q1710630,Alex Sceberras Trigona
Malta,338,MLT,1986,Alex Sceberras Trigona,1981,1987,Q1710630,Alex Sceberras Trigona
Malta,338,MLT,1986,Baron Felice Catalano di Melilli,1984,1997,Q16555591,
Malta,338,MLT,1987,Baron Felice Catalano di Melilli,1984,1997,Q16555591,
Malta,338,MLT,1987,Alex Sceberras Trigona,1981,1987,Q1710630,Alex Sceberras Trigona
Malta,338,MLT,1987,Censu Tabone,1987,1989,Q167937,Censu Tabone
Malta,338,MLT,1988,Baron Felice Catalano di Melilli,1984,1997,Q16555591,
Malta,338,MLT,1988,Censu Tabone,1987,1989,Q167937,Censu Tabone
Malta,338,MLT,1989,Eddie Fenech Adami,1989,1990,Q152511,Eddie Fenech Adami
Malta,338,MLT,1989,Censu Tabone,1987,1989,Q167937,Censu Tabone
Malta,338,MLT,1989,Baron Felice Catalano di Melilli,1984,1997,Q16555591,
Malta,338,MLT,1990,Eddie Fenech Adami,1989,1990,Q152511,Eddie Fenech Adami
Malta,338,MLT,1990,Baron Felice Catalano di Melilli,1984,1997,Q16555591,
Malta,338,MLT,1990,Guido de Marco,1990,1996,Q167724,Guido de Marco
Malta,338,MLT,1991,Baron Felice Catalano di Melilli,1984,1997,Q16555591,
Malta,338,MLT,1991,Guido de Marco,1990,1996,Q167724,Guido de Marco
Malta,338,MLT,1992,Guido de Marco,1990,1996,Q167724,Guido de Marco
Malta,338,MLT,1992,Baron Felice Catalano di Melilli,1984,1997,Q16555591,
Malta,338,MLT,1993,Baron Felice Catalano di Melilli,1984,1997,Q16555591,
Malta,338,MLT,1993,Guido de Marco,1990,1996,Q167724,Guido de Marco
Malta,338,MLT,1994,Baron Felice Catalano di Melilli,1984,1997,Q16555591,
Malta,338,MLT,1994,Guido de Marco,1990,1996,Q167724,Guido de Marco
Malta,338,MLT,1995,Guido de Marco,1990,1996,Q167724,Guido de Marco
Malta,338,MLT,1995,Baron Felice Catalano di Melilli,1984,1997,Q16555591,
Malta,338,MLT,1996,Baron Felice Catalano di Melilli,1984,1997,Q16555591,
Malta,338,MLT,1996,George Vella,1996,1998,Q1508402,George Vella
Malta,338,MLT,1996,Guido de Marco,1990,1996,Q167724,Guido de Marco
Malta,338,MLT,1997,Count Carlo Marullo di Condojanni,1997,2001,Q19277158,
Malta,338,MLT,1997,Baron Felice Catalano di Melilli,1984,1997,Q16555591,
Malta,338,MLT,1997,George Vella,1996,1998,Q1508402,George Vella
Malta,338,MLT,1998,George Vella,1996,1998,Q1508402,George Vella
Malta,338,MLT,1998,Count Carlo Marullo di Condojanni,1997,2001,Q19277158,
Malta,338,MLT,1998,Guido de Marco,1998,1999,Q167724,Guido de Marco
Malta,338,MLT,1999,Guido de Marco,1998,1999,Q167724,Guido de Marco
Malta,338,MLT,1999,Count Carlo Marullo di Condojanni,1997,2001,Q19277158,
Malta,338,MLT,1999,Joe Borg,1999,2004,Q549456,Joe Borg
Malta,338,MLT,2000,Joe Borg,1999,2004,Q549456,Joe Borg
Malta,338,MLT,2000,Count Carlo Marullo di Condojanni,1997,2001,Q19277158,
Malta,338,MLT,2001,Count Carlo Marullo di Condojanni,1997,2001,Q19277158,
Malta,338,MLT,2001,Joe Borg,1999,2004,Q549456,Joe Borg
Malta,338,MLT,2002,Count Jacques de Liedekerke,2002,2005,,
Malta,338,MLT,2002,Joe Borg,1999,2004,Q549456,Joe Borg
Malta,338,MLT,2003,Joe Borg,1999,2004,Q549456,Joe Borg
Malta,338,MLT,2003,Count Jacques de Liedekerke,2002,2005,,
Malta,338,MLT,2004,Joe Borg,1999,2004,Q549456,Joe Borg
Malta,338,MLT,2004,Count Jacques de Liedekerke,2002,2005,,
Malta,338,MLT,2004,John Dalli,2004,2004,Q518375,John Dalli
Malta,338,MLT,2004,Michael Frendo,2004,2008,Q1275788,Michael Frendo
Malta,338,MLT,2005,Count Jacques de Liedekerke,2002,2005,,
Malta,338,MLT,2005,Michael Frendo,2004,2008,Q1275788,Michael Frendo
Malta,338,MLT,2005,Jean-Pierre Mazery,2005,2014,Q872316,
Malta,338,MLT,2006,Jean-Pierre Mazery,2005,2014,Q872316,
Malta,338,MLT,2006,Michael Frendo,2004,2008,Q1275788,Michael Frendo
Malta,338,MLT,2007,Jean-Pierre Mazery,2005,2014,Q872316,
Malta,338,MLT,2007,Michael Frendo,2004,2008,Q1275788,Michael Frendo
Malta,338,MLT,2008,Tonio Borg,2008,2012,Q58176,Tonio Borg
Malta,338,MLT,2008,Michael Frendo,2004,2008,Q1275788,Michael Frendo
Malta,338,MLT,2008,Jean-Pierre Mazery,2005,2014,Q872316,
Malta,338,MLT,2009,Jean-Pierre Mazery,2005,2014,Q872316,
Malta,338,MLT,2009,Tonio Borg,2008,2012,Q58176,Tonio Borg
Malta,338,MLT,2010,Tonio Borg,2008,2012,Q58176,Tonio Borg
Malta,338,MLT,2010,Jean-Pierre Mazery,2005,2014,Q872316,
Malta,338,MLT,2011,Jean-Pierre Mazery,2005,2014,Q872316,
Malta,338,MLT,2011,Tonio Borg,2008,2012,Q58176,Tonio Borg
Malta,338,MLT,2012,Tonio Borg,2008,2012,Q58176,Tonio Borg
Malta,338,MLT,2012,Francis Zammit Dimech,2012,2013,Q16545829,Francis Zammit Dimech
Malta,338,MLT,2012,Jean-Pierre Mazery,2005,2014,Q872316,
Malta,338,MLT,2013,Francis Zammit Dimech,2012,2013,Q16545829,Francis Zammit Dimech
Malta,338,MLT,2013,George Vella,2013,2017,Q1508402,George Vella
Malta,338,MLT,2013,Jean-Pierre Mazery,2005,2014,Q872316,
Malta,338,MLT,2014,Jean-Pierre Mazery,2005,2014,Q872316,
Malta,338,MLT,2014,Albrecht Freiherr von Boeselager,2014,2016,Q2639773,Albrecht Freiherr von Boeselager
Malta,338,MLT,2014,George Vella,2013,2017,Q1508402,George Vella
Malta,338,MLT,2015,Albrecht Freiherr von Boeselager,2014,2016,Q2639773,Albrecht Freiherr von Boeselager
Malta,338,MLT,2015,George Vella,2013,2017,Q1508402,George Vella
Malta,338,MLT,2016,George Vella,2013,2017,Q1508402,George Vella
Malta,338,MLT,2016,Albrecht Freiherr von Boeselager,2014,2016,Q2639773,Albrecht Freiherr von Boeselager
Malta,338,MLT,2016,John E. Critien,2016,2017,Q52644814,
Malta,338,MLT,2017,Carmelo Abela,2017,2019,Q5043368,Carmelo Abela
Malta,338,MLT,2017,John E. Critien,2016,2017,Q52644814,
Malta,338,MLT,2017,George Vella,2013,2017,Q1508402,George Vella
Malta,338,MLT,2017,Albrecht Freiherr von Boeselager,2017,2019,Q2639773,Albrecht Freiherr von Boeselager
Malta,338,MLT,2018,Carmelo Abela,2017,2019,Q5043368,Carmelo Abela
Malta,338,MLT,2018,Albrecht Freiherr von Boeselager,2017,2019,Q2639773,Albrecht Freiherr von Boeselager
Malta,338,MLT,2019,Albrecht Freiherr von Boeselager,2017,2019,Q2639773,Albrecht Freiherr von Boeselager
Malta,338,MLT,2019,Carmelo Abela,2017,2019,Q5043368,Carmelo Abela
Marshall Islands,983,MHL,1979,Tony deBrum,1979,1987,Q3531936,Tony deBrum
Marshall Islands,983,MHL,1980,Tony deBrum,1979,1987,Q3531936,Tony deBrum
Marshall Islands,983,MHL,1981,Tony deBrum,1979,1987,Q3531936,Tony deBrum
Marshall Islands,983,MHL,1982,Tony deBrum,1979,1987,Q3531936,Tony deBrum
Marshall Islands,983,MHL,1983,Tony deBrum,1979,1987,Q3531936,Tony deBrum
Marshall Islands,983,MHL,1984,Tony deBrum,1979,1987,Q3531936,Tony deBrum
Marshall Islands,983,MHL,1985,Tony deBrum,1979,1987,Q3531936,Tony deBrum
Marshall Islands,983,MHL,1986,Tony deBrum,1979,1987,Q3531936,Tony deBrum
Marshall Islands,983,MHL,1987,Tony deBrum,1979,1987,Q3531936,Tony deBrum
Marshall Islands,983,MHL,1987,Charles Domnick,1987,1988,,
Marshall Islands,983,MHL,1988,Tom Kijiner,1988,1994,,
Marshall Islands,983,MHL,1988,Charles Domnick,1987,1988,,
Marshall Islands,983,MHL,1989,Tom Kijiner,1988,1994,,
Marshall Islands,983,MHL,1990,Tom Kijiner,1988,1994,,
Marshall Islands,983,MHL,1991,Tom Kijiner,1988,1994,,
Marshall Islands,983,MHL,1992,Tom Kijiner,1988,1994,,
Marshall Islands,983,MHL,1993,Tom Kijiner,1988,1994,,
Marshall Islands,983,MHL,1994,Phillip Muller,1994,2000,Q7185695,
Marshall Islands,983,MHL,1994,Tom Kijiner,1988,1994,,
Marshall Islands,983,MHL,1995,Phillip Muller,1994,2000,Q7185695,
Marshall Islands,983,MHL,1996,Phillip Muller,1994,2000,Q7185695,
Marshall Islands,983,MHL,1997,Phillip Muller,1994,2000,Q7185695,
Marshall Islands,983,MHL,1998,Phillip Muller,1994,2000,Q7185695,
Marshall Islands,983,MHL,1999,Phillip Muller,1994,2000,Q7185695,
Marshall Islands,983,MHL,2000,Phillip Muller,1994,2000,Q7185695,
Marshall Islands,983,MHL,2000,Alvin Jacklick,2000,2001,Q20090996,Alvin Jacklick
Marshall Islands,983,MHL,2001,Alvin Jacklick,2000,2001,Q20090996,Alvin Jacklick
Marshall Islands,983,MHL,2001,Gerald Zackios,2001,2008,Q635418,Gerald Zackios
Marshall Islands,983,MHL,2002,Gerald Zackios,2001,2008,Q635418,Gerald Zackios
Marshall Islands,983,MHL,2003,Gerald Zackios,2001,2008,Q635418,Gerald Zackios
Marshall Islands,983,MHL,2004,Gerald Zackios,2001,2008,Q635418,Gerald Zackios
Marshall Islands,983,MHL,2005,Gerald Zackios,2001,2008,Q635418,Gerald Zackios
Marshall Islands,983,MHL,2006,Gerald Zackios,2001,2008,Q635418,Gerald Zackios
Marshall Islands,983,MHL,2007,Gerald Zackios,2001,2008,Q635418,Gerald Zackios
Marshall Islands,983,MHL,2008,Tony deBrum,2008,2009,Q3531936,Tony deBrum
Marshall Islands,983,MHL,2008,Gerald Zackios,2001,2008,Q635418,Gerald Zackios
Marshall Islands,983,MHL,2009,Tony deBrum,2008,2009,Q3531936,Tony deBrum
Marshall Islands,983,MHL,2009,John Silk,2009,2012,Q1637473,John Silk
Marshall Islands,983,MHL,2010,John Silk,2009,2012,Q1637473,John Silk
Marshall Islands,983,MHL,2011,John Silk,2009,2012,Q1637473,John Silk
Marshall Islands,983,MHL,2012,Phillip Muller,2012,2014,Q7185695,
Marshall Islands,983,MHL,2012,John Silk,2009,2012,Q1637473,John Silk
Marshall Islands,983,MHL,2013,Phillip Muller,2012,2014,Q7185695,
Marshall Islands,983,MHL,2014,Phillip Muller,2012,2014,Q7185695,
Marshall Islands,983,MHL,2014,Tony deBrum,2014,2016,Q3531936,Tony deBrum
Marshall Islands,983,MHL,2015,Tony deBrum,2014,2016,Q3531936,Tony deBrum
Marshall Islands,983,MHL,2016,John Silk,2016,2019,Q1637473,John Silk
Marshall Islands,983,MHL,2016,Tony deBrum,2014,2016,Q3531936,Tony deBrum
Marshall Islands,983,MHL,2016,Kessai H. Note,2016,2016,Q12914,
Marshall Islands,983,MHL,2017,John Silk,2016,2019,Q1637473,John Silk
Marshall Islands,983,MHL,2018,John Silk,2016,2019,Q1637473,John Silk
Marshall Islands,983,MHL,2019,John Silk,2016,2019,Q1637473,John Silk
Mauritania,435,MRT,1960,Moktar Ould Daddah,1960,1962,Q345385,Moktar Ould Daddah
Mauritania,435,MRT,1961,Moktar Ould Daddah,1960,1962,Q345385,Moktar Ould Daddah
Mauritania,435,MRT,1962,Cheikhna Ould Mohamed Laghdaf,1962,1963,Q56062164,Cheikhna Ould Mohamed Laghdaf
Mauritania,435,MRT,1962,Moktar Ould Daddah,1960,1962,Q345385,Moktar Ould Daddah
Mauritania,435,MRT,1963,Sidi Mohamed Ould Deyine,1963,1965,Q56062166,
Mauritania,435,MRT,1963,Cheikhna Ould Mohamed Laghdaf,1962,1963,Q56062164,Cheikhna Ould Mohamed Laghdaf
Mauritania,435,MRT,1964,Sidi Mohamed Ould Deyine,1963,1965,Q56062166,
Mauritania,435,MRT,1965,Mohamed Ould Cheikh,1965,1966,Q56062183,
Mauritania,435,MRT,1965,Sidi Mohamed Ould Deyine,1963,1965,Q56062166,
Mauritania,435,MRT,1965,Moktar Ould Daddah,1965,1965,Q345385,Moktar Ould Daddah
Mauritania,435,MRT,1966,Mohamed Ould Cheikh,1965,1966,Q56062183,
Mauritania,435,MRT,1966,Wane Birane Mamadou,1966,1968,Q56062210,
Mauritania,435,MRT,1966,Maloum Ould Braham,1966,1966,Q56062206,
Mauritania,435,MRT,1967,Wane Birane Mamadou,1966,1968,Q56062210,
Mauritania,435,MRT,1968,Wane Birane Mamadou,1966,1968,Q56062210,
Mauritania,435,MRT,1968,Hamdi Ould Mouknass,1968,1970,Q56062256,
Mauritania,435,MRT,1969,Hamdi Ould Mouknass,1968,1970,Q56062256,
Mauritania,435,MRT,1970,Hamdi Ould Mouknass,1968,1970,Q56062256,
Mauritania,435,MRT,1970,Mohamed Moktar Ould Cheikh Abdellahi,1970,1971,Q56062279,
Mauritania,435,MRT,1971,Mohamed Moktar Ould Cheikh Abdellahi,1970,1971,Q56062279,
Mauritania,435,MRT,1971,Hamdi Ould Mouknass,1971,1978,Q56062256,
Mauritania,435,MRT,1972,Hamdi Ould Mouknass,1971,1978,Q56062256,
Mauritania,435,MRT,1973,Hamdi Ould Mouknass,1971,1978,Q56062256,
Mauritania,435,MRT,1974,Hamdi Ould Mouknass,1971,1978,Q56062256,
Mauritania,435,MRT,1975,Hamdi Ould Mouknass,1971,1978,Q56062256,
Mauritania,435,MRT,1976,Hamdi Ould Mouknass,1971,1978,Q56062256,
Mauritania,435,MRT,1977,Hamdi Ould Mouknass,1971,1978,Q56062256,
Mauritania,435,MRT,1978,Cheikhna Ould Mohamed Laghdaf,1978,1979,Q56062164,Cheikhna Ould Mohamed Laghdaf
Mauritania,435,MRT,1978,Hamdi Ould Mouknass,1971,1978,Q56062256,
Mauritania,435,MRT,1979,Cheikhna Ould Mohamed Laghdaf,1978,1979,Q56062164,Cheikhna Ould Mohamed Laghdaf
Mauritania,435,MRT,1979,Ahmedou Ould Abdallah,1979,1980,Q130523,
Mauritania,435,MRT,1980,Mohamed Moktar Ould Zamil,1980,1981,Q56062290,
Mauritania,435,MRT,1980,Ahmedou Ould Abdallah,1979,1980,Q130523,
Mauritania,435,MRT,1981,Mohamed Moktar Ould Zamil,1980,1981,Q56062290,
Mauritania,435,MRT,1981,Ahmed Ould Minnih,1981,1984,Q56062301,
Mauritania,435,MRT,1981,Dahane Ould Ahmed Mahmoud,1981,1981,Q3011926,
Mauritania,435,MRT,1982,Ahmed Ould Minnih,1981,1984,Q56062301,
Mauritania,435,MRT,1983,Ahmed Ould Minnih,1981,1984,Q56062301,
Mauritania,435,MRT,1984,Ahmed Ould Minnih,1984,1986,Q56062301,
Mauritania,435,MRT,1984,Ahmed Ould Minnih,1981,1984,Q56062301,
Mauritania,435,MRT,1984,Cheikh Sid'Ahmed Ould Babamine,1984,1984,Q56062310,
Mauritania,435,MRT,1985,Ahmed Ould Minnih,1984,1986,Q56062301,
Mauritania,435,MRT,1986,Mohamed Lemine Ould N'Diayane,1986,1988,Q3318672,Mohamed Lemine Ould N'Diayane
Mauritania,435,MRT,1986,Ahmed Ould Minnih,1984,1986,Q56062301,
Mauritania,435,MRT,1987,Mohamed Lemine Ould N'Diayane,1986,1988,Q3318672,Mohamed Lemine Ould N'Diayane
Mauritania,435,MRT,1988,Mohamed Lemine Ould N'Diayane,1986,1988,Q3318672,Mohamed Lemine Ould N'Diayane
Mauritania,435,MRT,1988,Mohamed Sidina Ould Sidiya,1988,1989,Q56062327,
Mauritania,435,MRT,1989,Sid'Ahmed Ould Baba,1989,1990,Q56062334,
Mauritania,435,MRT,1989,Mohamed Sidina Ould Sidiya,1988,1989,Q56062327,
Mauritania,435,MRT,1990,Hasni Ould Didi,1990,1992,Q56062341,
Mauritania,435,MRT,1990,Sid'Ahmed Ould Baba,1989,1990,Q56062334,
Mauritania,435,MRT,1991,Hasni Ould Didi,1990,1992,Q56062341,
Mauritania,435,MRT,1992,Mohamed Abderrahmane Ould Moine,1992,1993,Q56062350,
Mauritania,435,MRT,1992,Ismael Ould Yahi,1992,1992,Q56062345,
Mauritania,435,MRT,1992,Hasni Ould Didi,1990,1992,Q56062341,
Mauritania,435,MRT,1993,Mohamed Salem Ould Lekhal,1993,1996,Q56062359,
Mauritania,435,MRT,1993,Mohamed Abderrahmane Ould Moine,1992,1993,Q56062350,
Mauritania,435,MRT,1994,Mohamed Salem Ould Lekhal,1993,1996,Q56062359,
Mauritania,435,MRT,1995,Mohamed Salem Ould Lekhal,1993,1996,Q56062359,
Mauritania,435,MRT,1996,Lemrabott Sidi Mahmoud Ould Cheikh Ahmed,1996,1997,Q21065075,
Mauritania,435,MRT,1996,Mohamed Salem Ould Lekhal,1993,1996,Q56062359,
Mauritania,435,MRT,1997,Ahmed Sidi Ould Khalifa,1997,1997,Q56062371,
Mauritania,435,MRT,1997,Sow Abou Demba,1997,1997,Q56062797,
Mauritania,435,MRT,1997,Abdallahi Ould Nem,1997,1997,Q56062683,
Mauritania,435,MRT,1997,Mohamed El Hacen Ould Lebatt,1997,1998,Q56062973,
Mauritania,435,MRT,1997,Lemrabott Sidi Mahmoud Ould Cheikh Ahmed,1996,1997,Q21065075,
Mauritania,435,MRT,1998,Ahmed Ould Sid'Ahmed,1998,2001,Q4695972,Ahmed Ould Sid'Ahmed
Mauritania,435,MRT,1998,Cheikh El Avia Ould Mohamed Khouna,1998,1998,Q325511,Cheikh El Avia Ould Mohamed Khouna
Mauritania,435,MRT,1998,Mohamed El Hacen Ould Lebatt,1997,1998,Q56062973,
Mauritania,435,MRT,1999,Ahmed Ould Sid'Ahmed,1998,2001,Q4695972,Ahmed Ould Sid'Ahmed
Mauritania,435,MRT,2000,Ahmed Ould Sid'Ahmed,1998,2001,Q4695972,Ahmed Ould Sid'Ahmed
Mauritania,435,MRT,2001,Ahmed Ould Sid'Ahmed,1998,2001,Q4695972,Ahmed Ould Sid'Ahmed
Mauritania,435,MRT,2001,Dah Ould Abdi,2001,2002,Q5208703,Dah Ould Abdi
Mauritania,435,MRT,2002,Mohamed Ould Tolba,2002,2003,Q6891431,Mohamed Ould Tolba
Mauritania,435,MRT,2002,Dah Ould Abdi,2001,2002,Q5208703,Dah Ould Abdi
Mauritania,435,MRT,2003,Mohamed Vall Ould Bellal,2003,2005,Q3318869,Mohamed Vall Ould Bellal
Mauritania,435,MRT,2003,Mohamed Ould Tolba,2002,2003,Q6891431,Mohamed Ould Tolba
Mauritania,435,MRT,2004,Mohamed Vall Ould Bellal,2003,2005,Q3318869,Mohamed Vall Ould Bellal
Mauritania,435,MRT,2005,Mohamed Vall Ould Bellal,2003,2005,Q3318869,Mohamed Vall Ould Bellal
Mauritania,435,MRT,2005,Ahmed Ould Sid'Ahmed,2005,2007,Q4695972,Ahmed Ould Sid'Ahmed
Mauritania,435,MRT,2006,Ahmed Ould Sid'Ahmed,2005,2007,Q4695972,Ahmed Ould Sid'Ahmed
Mauritania,435,MRT,2007,Ahmed Ould Sid'Ahmed,2005,2007,Q4695972,Ahmed Ould Sid'Ahmed
Mauritania,435,MRT,2007,Mohamed Saleck Ould Mohamed Lemine,2007,2008,Q608538,Mohamed Saleck Ould Mohamed Lemine
Mauritania,435,MRT,2008,Mohamed Saleck Ould Mohamed Lemine,2007,2008,Q608538,Mohamed Saleck Ould Mohamed Lemine
Mauritania,435,MRT,2008,Abdallahi Ould Ben Hmeida,2008,2008,Q2820945,
Mauritania,435,MRT,2008,Cheikh El Avia Ould Mohamed Khouna,2008,2008,Q325511,Cheikh El Avia Ould Mohamed Khouna
Mauritania,435,MRT,2008,Mohamed Mahmoud Ould Mohamedou,2008,2009,Q4118153,Mohamed Mahmoud Ould Mohamedou
Mauritania,435,MRT,2009,Mohamed Mahmoud Ould Mohamedou,2008,2009,Q4118153,Mohamed Mahmoud Ould Mohamedou
Mauritania,435,MRT,2009,Naha Mint Mouknass,2009,2011,Q12194248,Naha Mint Mouknass
Mauritania,435,MRT,2010,Naha Mint Mouknass,2009,2011,Q12194248,Naha Mint Mouknass
Mauritania,435,MRT,2011,Naha Mint Mouknass,2009,2011,Q12194248,Naha Mint Mouknass
Mauritania,435,MRT,2011,Hamadi Ould Hamadi,2011,2013,Q3126304,
Mauritania,435,MRT,2012,Hamadi Ould Hamadi,2011,2013,Q3126304,
Mauritania,435,MRT,2013,Hamadi Ould Hamadi,2011,2013,Q3126304,
Mauritania,435,MRT,2013,Ahmed Ould Teguedi,2013,2015,Q11849927,Ahmed Ould Teguedi
Mauritania,435,MRT,2014,Ahmed Ould Teguedi,2013,2015,Q11849927,Ahmed Ould Teguedi
Mauritania,435,MRT,2015,Vatma Vall Mint Soueina,2015,2015,Q28739928,Vatma Vall Mint Soueina
Mauritania,435,MRT,2015,Ahmed Ould Teguedi,2013,2015,Q11849927,Ahmed Ould Teguedi
Mauritania,435,MRT,2015,Hamadi Ould Meimou,2015,2016,Q56064138,
Mauritania,435,MRT,2016,Hamadi Ould Meimou,2015,2016,Q56064138,
Mauritania,435,MRT,2016,Isselkou Ould Ahmed Izid Bih,2016,2018,Q56064168,
Mauritania,435,MRT,2017,Isselkou Ould Ahmed Izid Bih,2016,2018,Q56064168,
Mauritania,435,MRT,2018,Ismail Ould Cheikh Ahmed,2018,2019,Q16733931,Ismail Ould Cheikh Ahmed
Mauritania,435,MRT,2018,Isselkou Ould Ahmed Izid Bih,2016,2018,Q56064168,
Mauritania,435,MRT,2019,Ismail Ould Cheikh Ahmed,2018,2019,Q16733931,Ismail Ould Cheikh Ahmed
Mauritius,590,MUS,1968,Sir Seewoosagur Ramgoolam,1968,1969,Q2166580,Sir Seewoosagur Ramgoolam
Mauritius,590,MUS,1969,Sir Seewoosagur Ramgoolam,1968,1969,Q2166580,Sir Seewoosagur Ramgoolam
Mauritius,590,MUS,1969,Gaëtan Duval,1969,1973,Q3099909,Gaëtan Duval
Mauritius,590,MUS,1970,Gaëtan Duval,1969,1973,Q3099909,Gaëtan Duval
Mauritius,590,MUS,1971,Gaëtan Duval,1969,1973,Q3099909,Gaëtan Duval
Mauritius,590,MUS,1972,Gaëtan Duval,1969,1973,Q3099909,Gaëtan Duval
Mauritius,590,MUS,1973,Sir Seewoosagur Ramgoolam,1973,1976,Q2166580,Sir Seewoosagur Ramgoolam
Mauritius,590,MUS,1973,Gaëtan Duval,1969,1973,Q3099909,Gaëtan Duval
Mauritius,590,MUS,1974,Sir Seewoosagur Ramgoolam,1973,1976,Q2166580,Sir Seewoosagur Ramgoolam
Mauritius,590,MUS,1975,Sir Seewoosagur Ramgoolam,1973,1976,Q2166580,Sir Seewoosagur Ramgoolam
Mauritius,590,MUS,1976,Sir Seewoosagur Ramgoolam,1973,1976,Q2166580,Sir Seewoosagur Ramgoolam
Mauritius,590,MUS,1976,Sir Harold Walter,1976,1982,Q53351567,
Mauritius,590,MUS,1977,Sir Harold Walter,1976,1982,Q53351567,
Mauritius,590,MUS,1978,Sir Harold Walter,1976,1982,Q53351567,
Mauritius,590,MUS,1979,Sir Harold Walter,1976,1982,Q53351567,
Mauritius,590,MUS,1980,Sir Harold Walter,1976,1982,Q53351567,
Mauritius,590,MUS,1981,Sir Harold Walter,1976,1982,Q53351567,
Mauritius,590,MUS,1982,Sir Harold Walter,1976,1982,Q53351567,
Mauritius,590,MUS,1982,Jean-Claude de l'Estrac,1982,1983,Q3165276,Jean-Claude de l'Estrac
Mauritius,590,MUS,1983,Anil Gayan,1983,1986,Q4764635,Anil Gayan
Mauritius,590,MUS,1983,Jean-Claude de l'Estrac,1982,1983,Q3165276,Jean-Claude de l'Estrac
Mauritius,590,MUS,1984,Anil Gayan,1983,1986,Q4764635,Anil Gayan
Mauritius,590,MUS,1985,Anil Gayan,1983,1986,Q4764635,Anil Gayan
Mauritius,590,MUS,1986,Anil Gayan,1983,1986,Q4764635,Anil Gayan
Mauritius,590,MUS,1986,Sir Satcam Boolell,1986,1990,Q5582074,
Mauritius,590,MUS,1986,Madan Dulloo,1986,1986,Q3275413,Madan Dulloo
Mauritius,590,MUS,1987,Sir Satcam Boolell,1986,1990,Q5582074,
Mauritius,590,MUS,1988,Sir Satcam Boolell,1986,1990,Q5582074,
Mauritius,590,MUS,1989,Sir Satcam Boolell,1986,1990,Q5582074,
Mauritius,590,MUS,1990,Madan Dulloo,1990,1990,Q3275413,Madan Dulloo
Mauritius,590,MUS,1990,Sir Satcam Boolell,1986,1990,Q5582074,
Mauritius,590,MUS,1990,Jean-Claude de l'Estrac,1990,1991,Q3165276,Jean-Claude de l'Estrac
Mauritius,590,MUS,1991,Paul Bérenger,1991,1993,Q138970,Paul Bérenger
Mauritius,590,MUS,1991,Jean-Claude de l'Estrac,1990,1991,Q3165276,Jean-Claude de l'Estrac
Mauritius,590,MUS,1992,Paul Bérenger,1991,1993,Q138970,Paul Bérenger
Mauritius,590,MUS,1993,Swalay Kasenally,1993,1994,,
Mauritius,590,MUS,1993,Paul Bérenger,1991,1993,Q138970,Paul Bérenger
Mauritius,590,MUS,1994,Ramduthsing Jaddoo,1994,1995,,
Mauritius,590,MUS,1994,Swalay Kasenally,1993,1994,,
Mauritius,590,MUS,1995,Ramduthsing Jaddoo,1994,1995,,
Mauritius,590,MUS,1995,Paul Bérenger,1995,1997,Q138970,Paul Bérenger
Mauritius,590,MUS,1996,Paul Bérenger,1995,1997,Q138970,Paul Bérenger
Mauritius,590,MUS,1997,Rajkeswur Purryag,1997,2000,Q57545,
Mauritius,590,MUS,1997,Navin Ramgoolam,1997,1997,Q57836,Navin Ramgoolam
Mauritius,590,MUS,1997,Paul Bérenger,1995,1997,Q138970,Paul Bérenger
Mauritius,590,MUS,1998,Rajkeswur Purryag,1997,2000,Q57545,
Mauritius,590,MUS,1999,Rajkeswur Purryag,1997,2000,Q57545,
Mauritius,590,MUS,2000,Anil Gayan,2000,2003,Q4764635,Anil Gayan
Mauritius,590,MUS,2000,Rajkeswur Purryag,1997,2000,Q57545,
Mauritius,590,MUS,2001,Anil Gayan,2000,2003,Q4764635,Anil Gayan
Mauritius,590,MUS,2002,Anil Gayan,2000,2003,Q4764635,Anil Gayan
Mauritius,590,MUS,2003,Anil Gayan,2000,2003,Q4764635,Anil Gayan
Mauritius,590,MUS,2003,Jaya Krishna Cuttaree,2003,2005,Q3163283,Jaya Krishna Cuttaree
Mauritius,590,MUS,2004,Jaya Krishna Cuttaree,2003,2005,Q3163283,Jaya Krishna Cuttaree
Mauritius,590,MUS,2005,Jaya Krishna Cuttaree,2003,2005,Q3163283,Jaya Krishna Cuttaree
Mauritius,590,MUS,2005,Madan Dulloo,2005,2008,Q3275413,Madan Dulloo
Mauritius,590,MUS,2006,Madan Dulloo,2005,2008,Q3275413,Madan Dulloo
Mauritius,590,MUS,2007,Madan Dulloo,2005,2008,Q3275413,Madan Dulloo
Mauritius,590,MUS,2008,Arvin Boolell,2008,2014,Q58260,Arvin Boolell
Mauritius,590,MUS,2008,Madan Dulloo,2005,2008,Q3275413,Madan Dulloo
Mauritius,590,MUS,2008,Navin Ramgoolam,2008,2008,Q57836,Navin Ramgoolam
Mauritius,590,MUS,2009,Arvin Boolell,2008,2014,Q58260,Arvin Boolell
Mauritius,590,MUS,2010,Arvin Boolell,2008,2014,Q58260,Arvin Boolell
Mauritius,590,MUS,2011,Arvin Boolell,2008,2014,Q58260,Arvin Boolell
Mauritius,590,MUS,2012,Arvin Boolell,2008,2014,Q58260,Arvin Boolell
Mauritius,590,MUS,2013,Arvin Boolell,2008,2014,Q58260,Arvin Boolell
Mauritius,590,MUS,2014,Étienne Sinatambou,2014,2016,Q40047986,Étienne Sinatambou
Mauritius,590,MUS,2014,Arvin Boolell,2008,2014,Q58260,Arvin Boolell
Mauritius,590,MUS,2015,Étienne Sinatambou,2014,2016,Q40047986,Étienne Sinatambou
Mauritius,590,MUS,2016,Étienne Sinatambou,2014,2016,Q40047986,Étienne Sinatambou
Mauritius,590,MUS,2016,Vishnu Lutchmeenaraidoo,2016,2019,Q3561012,Vishnu Lutchmeenaraidoo
Mauritius,590,MUS,2017,Vishnu Lutchmeenaraidoo,2016,2019,Q3561012,Vishnu Lutchmeenaraidoo
Mauritius,590,MUS,2018,Vishnu Lutchmeenaraidoo,2016,2019,Q3561012,Vishnu Lutchmeenaraidoo
Mauritius,590,MUS,2019,Vishnu Lutchmeenaraidoo,2016,2019,Q3561012,Vishnu Lutchmeenaraidoo
Mexico,70,MEX,1948,Manuel Tello Baurraud,1948,1951,Q9028176,Manuel Tello Baurraud
Mexico,70,MEX,1949,Manuel Tello Baurraud,1948,1951,Q9028176,Manuel Tello Baurraud
Mexico,70,MEX,1950,Manuel Tello Baurraud,1948,1951,Q9028176,Manuel Tello Baurraud
Mexico,70,MEX,1951,Manuel Tello Baurraud,1951,1952,Q9028176,Manuel Tello Baurraud
Mexico,70,MEX,1951,Alfonso Guerra,1951,1951,Q2655704,Alfonso Guerra
Mexico,70,MEX,1951,Manuel Tello Baurraud,1948,1951,Q9028176,Manuel Tello Baurraud
Mexico,70,MEX,1952,Manuel Tello Baurraud,1951,1952,Q9028176,Manuel Tello Baurraud
Mexico,70,MEX,1952,Luis Padilla Nervo,1952,1958,Q563223,Luis Padilla Nervo
Mexico,70,MEX,1953,Luis Padilla Nervo,1952,1958,Q563223,Luis Padilla Nervo
Mexico,70,MEX,1954,Luis Padilla Nervo,1952,1958,Q563223,Luis Padilla Nervo
Mexico,70,MEX,1955,Luis Padilla Nervo,1952,1958,Q563223,Luis Padilla Nervo
Mexico,70,MEX,1956,Luis Padilla Nervo,1952,1958,Q563223,Luis Padilla Nervo
Mexico,70,MEX,1957,Luis Padilla Nervo,1952,1958,Q563223,Luis Padilla Nervo
Mexico,70,MEX,1958,Manuel Tello Baurraud,1958,1964,Q9028176,Manuel Tello Baurraud
Mexico,70,MEX,1958,Luis Padilla Nervo,1952,1958,Q563223,Luis Padilla Nervo
Mexico,70,MEX,1959,Manuel Tello Baurraud,1958,1964,Q9028176,Manuel Tello Baurraud
Mexico,70,MEX,1960,Manuel Tello Baurraud,1958,1964,Q9028176,Manuel Tello Baurraud
Mexico,70,MEX,1961,Manuel Tello Baurraud,1958,1964,Q9028176,Manuel Tello Baurraud
Mexico,70,MEX,1962,Manuel Tello Baurraud,1958,1964,Q9028176,Manuel Tello Baurraud
Mexico,70,MEX,1963,Manuel Tello Baurraud,1958,1964,Q9028176,Manuel Tello Baurraud
Mexico,70,MEX,1964,Manuel Tello Baurraud,1958,1964,Q9028176,Manuel Tello Baurraud
Mexico,70,MEX,1964,Antonio Carrillo Flores,1964,1970,Q2073431,Antonio Carrillo Flores
Mexico,70,MEX,1964,José Gorostiza,1964,1964,Q695854,José Gorostiza
Mexico,70,MEX,1965,Antonio Carrillo Flores,1964,1970,Q2073431,Antonio Carrillo Flores
Mexico,70,MEX,1966,Antonio Carrillo Flores,1964,1970,Q2073431,Antonio Carrillo Flores
Mexico,70,MEX,1967,Antonio Carrillo Flores,1964,1970,Q2073431,Antonio Carrillo Flores
Mexico,70,MEX,1968,Antonio Carrillo Flores,1964,1970,Q2073431,Antonio Carrillo Flores
Mexico,70,MEX,1969,Antonio Carrillo Flores,1964,1970,Q2073431,Antonio Carrillo Flores
Mexico,70,MEX,1970,Emilio Óscar Rabasa,1970,1975,Q947002,Emilio Óscar Rabasa
Mexico,70,MEX,1970,Antonio Carrillo Flores,1964,1970,Q2073431,Antonio Carrillo Flores
Mexico,70,MEX,1971,Emilio Óscar Rabasa,1970,1975,Q947002,Emilio Óscar Rabasa
Mexico,70,MEX,1972,Emilio Óscar Rabasa,1970,1975,Q947002,Emilio Óscar Rabasa
Mexico,70,MEX,1973,Emilio Óscar Rabasa,1970,1975,Q947002,Emilio Óscar Rabasa
Mexico,70,MEX,1974,Emilio Óscar Rabasa,1970,1975,Q947002,Emilio Óscar Rabasa
Mexico,70,MEX,1975,Alfonso García Robles,1975,1976,Q203843,Alfonso García Robles
Mexico,70,MEX,1975,Emilio Óscar Rabasa,1970,1975,Q947002,Emilio Óscar Rabasa
Mexico,70,MEX,1976,Alfonso García Robles,1975,1976,Q203843,Alfonso García Robles
Mexico,70,MEX,1976,Santiago Roel García,1976,1979,Q959255,
Mexico,70,MEX,1977,Santiago Roel García,1976,1979,Q959255,
Mexico,70,MEX,1978,Santiago Roel García,1976,1979,Q959255,
Mexico,70,MEX,1979,Jorge Castañeda y Álvarez,1979,1982,Q466285,
Mexico,70,MEX,1979,Santiago Roel García,1976,1979,Q959255,
Mexico,70,MEX,1980,Jorge Castañeda y Álvarez,1979,1982,Q466285,
Mexico,70,MEX,1981,Jorge Castañeda y Álvarez,1979,1982,Q466285,
Mexico,70,MEX,1982,Jorge Castañeda y Álvarez,1979,1982,Q466285,
Mexico,70,MEX,1982,Bernardo Sepúlveda Amor,1982,1988,Q823046,Bernardo Sepúlveda Amor
Mexico,70,MEX,1983,Bernardo Sepúlveda Amor,1982,1988,Q823046,Bernardo Sepúlveda Amor
Mexico,70,MEX,1984,Bernardo Sepúlveda Amor,1982,1988,Q823046,Bernardo Sepúlveda Amor
Mexico,70,MEX,1985,Bernardo Sepúlveda Amor,1982,1988,Q823046,Bernardo Sepúlveda Amor
Mexico,70,MEX,1986,Bernardo Sepúlveda Amor,1982,1988,Q823046,Bernardo Sepúlveda Amor
Mexico,70,MEX,1987,Bernardo Sepúlveda Amor,1982,1988,Q823046,Bernardo Sepúlveda Amor
Mexico,70,MEX,1988,Fernando Solana Morales,1988,1993,Q5444930,Fernando Solana Morales
Mexico,70,MEX,1988,Bernardo Sepúlveda Amor,1982,1988,Q823046,Bernardo Sepúlveda Amor
Mexico,70,MEX,1989,Fernando Solana Morales,1988,1993,Q5444930,Fernando Solana Morales
Mexico,70,MEX,1990,Fernando Solana Morales,1988,1993,Q5444930,Fernando Solana Morales
Mexico,70,MEX,1991,Fernando Solana Morales,1988,1993,Q5444930,Fernando Solana Morales
Mexico,70,MEX,1992,Fernando Solana Morales,1988,1993,Q5444930,Fernando Solana Morales
Mexico,70,MEX,1993,Manuel Camacho Solís,1993,1994,Q2174052,Manuel Camacho Solís
Mexico,70,MEX,1993,Fernando Solana Morales,1988,1993,Q5444930,Fernando Solana Morales
Mexico,70,MEX,1994,Manuel Tello Macías,1994,1994,Q4283792,Manuel Tello Macías
Mexico,70,MEX,1994,José Ángel Gurría Treviño,1994,1998,Q948143,
Mexico,70,MEX,1994,Manuel Camacho Solís,1993,1994,Q2174052,Manuel Camacho Solís
Mexico,70,MEX,1995,José Ángel Gurría Treviño,1994,1998,Q948143,
Mexico,70,MEX,1996,José Ángel Gurría Treviño,1994,1998,Q948143,
Mexico,70,MEX,1997,José Ángel Gurría Treviño,1994,1998,Q948143,
Mexico,70,MEX,1998,Rosario Green,1998,2000,Q162130,Rosario Green
Mexico,70,MEX,1998,José Ángel Gurría Treviño,1994,1998,Q948143,
Mexico,70,MEX,1999,Rosario Green,1998,2000,Q162130,Rosario Green
Mexico,70,MEX,2000,Rosario Green,1998,2000,Q162130,Rosario Green
Mexico,70,MEX,2000,Jorge G. Castañeda,2000,2003,Q1399260,
Mexico,70,MEX,2001,Jorge G. Castañeda,2000,2003,Q1399260,
Mexico,70,MEX,2002,Jorge G. Castañeda,2000,2003,Q1399260,
Mexico,70,MEX,2003,Jorge G. Castañeda,2000,2003,Q1399260,
Mexico,70,MEX,2003,Luis Ernesto Derbez,2003,2006,Q2055606,Luis Ernesto Derbez
Mexico,70,MEX,2004,Luis Ernesto Derbez,2003,2006,Q2055606,Luis Ernesto Derbez
Mexico,70,MEX,2005,Luis Ernesto Derbez,2003,2006,Q2055606,Luis Ernesto Derbez
Mexico,70,MEX,2006,Luis Ernesto Derbez,2003,2006,Q2055606,Luis Ernesto Derbez
Mexico,70,MEX,2006,Patricia Espinosa,2006,2012,Q58082,Patricia Espinosa
Mexico,70,MEX,2007,Patricia Espinosa,2006,2012,Q58082,Patricia Espinosa
Mexico,70,MEX,2008,Patricia Espinosa,2006,2012,Q58082,Patricia Espinosa
Mexico,70,MEX,2009,Patricia Espinosa,2006,2012,Q58082,Patricia Espinosa
Mexico,70,MEX,2010,Patricia Espinosa,2006,2012,Q58082,Patricia Espinosa
Mexico,70,MEX,2011,Patricia Espinosa,2006,2012,Q58082,Patricia Espinosa
Mexico,70,MEX,2012,José Antonio Meade,2012,2015,Q3186168,José Antonio Meade
Mexico,70,MEX,2012,Patricia Espinosa,2006,2012,Q58082,Patricia Espinosa
Mexico,70,MEX,2013,José Antonio Meade,2012,2015,Q3186168,José Antonio Meade
Mexico,70,MEX,2014,José Antonio Meade,2012,2015,Q3186168,José Antonio Meade
Mexico,70,MEX,2015,Claudia Ruiz Massieu,2015,2017,Q5771792,Claudia Ruiz Massieu
Mexico,70,MEX,2015,José Antonio Meade,2012,2015,Q3186168,José Antonio Meade
Mexico,70,MEX,2016,Claudia Ruiz Massieu,2015,2017,Q5771792,Claudia Ruiz Massieu
Mexico,70,MEX,2017,Claudia Ruiz Massieu,2015,2017,Q5771792,Claudia Ruiz Massieu
Mexico,70,MEX,2017,Luis Videgaray,2017,2018,Q11689894,
Mexico,70,MEX,2018,Luis Videgaray,2017,2018,Q11689894,
Mexico,70,MEX,2018,Marcelo Luis Ebrard Casaubón,2018,2019,Q1396586,
Mexico,70,MEX,2019,Marcelo Luis Ebrard Casaubón,2018,2019,Q1396586,
"Micronesia, Federated States of",987,FSM,1979,Andon Amaraich,1979,1990,Q4063959,Andon Amaraich
"Micronesia, Federated States of",987,FSM,1980,Andon Amaraich,1979,1990,Q4063959,Andon Amaraich
"Micronesia, Federated States of",987,FSM,1981,Andon Amaraich,1979,1990,Q4063959,Andon Amaraich
"Micronesia, Federated States of",987,FSM,1982,Andon Amaraich,1979,1990,Q4063959,Andon Amaraich
"Micronesia, Federated States of",987,FSM,1983,Andon Amaraich,1979,1990,Q4063959,Andon Amaraich
"Micronesia, Federated States of",987,FSM,1984,Andon Amaraich,1979,1990,Q4063959,Andon Amaraich
"Micronesia, Federated States of",987,FSM,1985,Andon Amaraich,1979,1990,Q4063959,Andon Amaraich
"Micronesia, Federated States of",987,FSM,1986,Andon Amaraich,1979,1990,Q4063959,Andon Amaraich
"Micronesia, Federated States of",987,FSM,1987,Andon Amaraich,1979,1990,Q4063959,Andon Amaraich
"Micronesia, Federated States of",987,FSM,1988,Andon Amaraich,1979,1990,Q4063959,Andon Amaraich
"Micronesia, Federated States of",987,FSM,1989,Andon Amaraich,1979,1990,Q4063959,Andon Amaraich
"Micronesia, Federated States of",987,FSM,1990,Andon Amaraich,1979,1990,Q4063959,Andon Amaraich
"Micronesia, Federated States of",987,FSM,1990,Asterio R. Takesy,1990,1991,,
"Micronesia, Federated States of",987,FSM,1991,Asterio R. Takesy,1990,1991,,
"Micronesia, Federated States of",987,FSM,1991,Epel K. Ilon,1991,1992,,
"Micronesia, Federated States of",987,FSM,1992,Epel K. Ilon,1991,1992,,
"Micronesia, Federated States of",987,FSM,1992,Resio S. Moses,1992,1996,,
"Micronesia, Federated States of",987,FSM,1993,Resio S. Moses,1992,1996,,
"Micronesia, Federated States of",987,FSM,1994,Resio S. Moses,1992,1996,,
"Micronesia, Federated States of",987,FSM,1995,Resio S. Moses,1992,1996,,
"Micronesia, Federated States of",987,FSM,1996,Asterio R. Takesy,1996,1997,,
"Micronesia, Federated States of",987,FSM,1996,Resio S. Moses,1992,1996,,
"Micronesia, Federated States of",987,FSM,1997,Asterio R. Takesy,1996,1997,,
"Micronesia, Federated States of",987,FSM,1997,Epel K. Ilon,1997,2000,,
"Micronesia, Federated States of",987,FSM,1998,Epel K. Ilon,1997,2000,,
"Micronesia, Federated States of",987,FSM,1999,Epel K. Ilon,1997,2000,,
"Micronesia, Federated States of",987,FSM,2000,Ieske K. Iehsi,2000,2003,,
"Micronesia, Federated States of",987,FSM,2000,Epel K. Ilon,1997,2000,,
"Micronesia, Federated States of",987,FSM,2001,Ieske K. Iehsi,2000,2003,,
"Micronesia, Federated States of",987,FSM,2002,Ieske K. Iehsi,2000,2003,,
"Micronesia, Federated States of",987,FSM,2003,David W. Panuelo,2003,2003,Q63872093,David W. Panuelo
"Micronesia, Federated States of",987,FSM,2003,Sebastian Anefal,2003,2007,Q3476865,Sebastian Anefal
"Micronesia, Federated States of",987,FSM,2003,Ieske K. Iehsi,2000,2003,,
"Micronesia, Federated States of",987,FSM,2004,Sebastian Anefal,2003,2007,Q3476865,Sebastian Anefal
"Micronesia, Federated States of",987,FSM,2005,Sebastian Anefal,2003,2007,Q3476865,Sebastian Anefal
"Micronesia, Federated States of",987,FSM,2006,Sebastian Anefal,2003,2007,Q3476865,Sebastian Anefal
"Micronesia, Federated States of",987,FSM,2007,Sebastian Anefal,2003,2007,Q3476865,Sebastian Anefal
"Micronesia, Federated States of",987,FSM,2007,Lorin S. Robert,2007,2019,Q58242,Lorin S. Robert
"Micronesia, Federated States of",987,FSM,2008,Lorin S. Robert,2007,2019,Q58242,Lorin S. Robert
"Micronesia, Federated States of",987,FSM,2009,Lorin S. Robert,2007,2019,Q58242,Lorin S. Robert
"Micronesia, Federated States of",987,FSM,2010,Lorin S. Robert,2007,2019,Q58242,Lorin S. Robert
"Micronesia, Federated States of",987,FSM,2011,Lorin S. Robert,2007,2019,Q58242,Lorin S. Robert
"Micronesia, Federated States of",987,FSM,2012,Lorin S. Robert,2007,2019,Q58242,Lorin S. Robert
"Micronesia, Federated States of",987,FSM,2013,Lorin S. Robert,2007,2019,Q58242,Lorin S. Robert
"Micronesia, Federated States of",987,FSM,2014,Lorin S. Robert,2007,2019,Q58242,Lorin S. Robert
"Micronesia, Federated States of",987,FSM,2015,Lorin S. Robert,2007,2019,Q58242,Lorin S. Robert
"Micronesia, Federated States of",987,FSM,2016,Lorin S. Robert,2007,2019,Q58242,Lorin S. Robert
"Micronesia, Federated States of",987,FSM,2017,Lorin S. Robert,2007,2019,Q58242,Lorin S. Robert
"Micronesia, Federated States of",987,FSM,2018,Lorin S. Robert,2007,2019,Q58242,Lorin S. Robert
"Micronesia, Federated States of",987,FSM,2019,Lorin S. Robert,2007,2019,Q58242,Lorin S. Robert
Moldova,359,MDA,1946,Gerasim Rud,1946,1958,Q10835544,
Moldova,359,MDA,1947,Gerasim Rud,1946,1958,Q10835544,
Moldova,359,MDA,1948,Gerasim Rud,1946,1958,Q10835544,
Moldova,359,MDA,1949,Gerasim Rud,1946,1958,Q10835544,
Moldova,359,MDA,1950,Gerasim Rud,1946,1958,Q10835544,
Moldova,359,MDA,1951,Gerasim Rud,1946,1958,Q10835544,
Moldova,359,MDA,1952,Gerasim Rud,1946,1958,Q10835544,
Moldova,359,MDA,1953,Gerasim Rud,1946,1958,Q10835544,
Moldova,359,MDA,1954,Gerasim Rud,1946,1958,Q10835544,
Moldova,359,MDA,1955,Gerasim Rud,1946,1958,Q10835544,
Moldova,359,MDA,1956,Gerasim Rud,1946,1958,Q10835544,
Moldova,359,MDA,1957,Gerasim Rud,1946,1958,Q10835544,
Moldova,359,MDA,1958,Aleksandr Diorditsa,1958,1970,Q2073207,
Moldova,359,MDA,1958,Gerasim Rud,1946,1958,Q10835544,
Moldova,359,MDA,1959,Aleksandr Diorditsa,1958,1970,Q2073207,
Moldova,359,MDA,1960,Aleksandr Diorditsa,1958,1970,Q2073207,
Moldova,359,MDA,1961,Aleksandr Diorditsa,1958,1970,Q2073207,
Moldova,359,MDA,1962,Aleksandr Diorditsa,1958,1970,Q2073207,
Moldova,359,MDA,1963,Aleksandr Diorditsa,1958,1970,Q2073207,
Moldova,359,MDA,1964,Aleksandr Diorditsa,1958,1970,Q2073207,
Moldova,359,MDA,1965,Aleksandr Diorditsa,1958,1970,Q2073207,
Moldova,359,MDA,1966,Aleksandr Diorditsa,1958,1970,Q2073207,
Moldova,359,MDA,1967,Aleksandr Diorditsa,1958,1970,Q2073207,
Moldova,359,MDA,1968,Aleksandr Diorditsa,1958,1970,Q2073207,
Moldova,359,MDA,1969,Aleksandr Diorditsa,1958,1970,Q2073207,
Moldova,359,MDA,1970,Aleksandr Diorditsa,1958,1970,Q2073207,
Moldova,359,MDA,1970,Pyotr Paskar,1970,1976,Q7179179,
Moldova,359,MDA,1971,Pyotr Paskar,1970,1976,Q7179179,
Moldova,359,MDA,1972,Pyotr Paskar,1970,1976,Q7179179,
Moldova,359,MDA,1973,Pyotr Paskar,1970,1976,Q7179179,
Moldova,359,MDA,1974,Pyotr Paskar,1970,1976,Q7179179,
Moldova,359,MDA,1975,Pyotr Paskar,1970,1976,Q7179179,
Moldova,359,MDA,1976,Semyon Grossu,1976,1980,Q2042234,
Moldova,359,MDA,1976,Pyotr Paskar,1970,1976,Q7179179,
Moldova,359,MDA,1977,Semyon Grossu,1976,1980,Q2042234,
Moldova,359,MDA,1978,Semyon Grossu,1976,1980,Q2042234,
Moldova,359,MDA,1979,Semyon Grossu,1976,1980,Q2042234,
Moldova,359,MDA,1980,Ivan Ustiyan,1980,1981,Q13580373,
Moldova,359,MDA,1980,Semyon Grossu,1976,1980,Q2042234,
Moldova,359,MDA,1981,Pyotr Komendant,1981,1989,Q4229516,
Moldova,359,MDA,1981,Ivan Ustiyan,1980,1981,Q13580373,
Moldova,359,MDA,1982,Pyotr Komendant,1981,1989,Q4229516,
Moldova,359,MDA,1983,Pyotr Komendant,1981,1989,Q4229516,
Moldova,359,MDA,1984,Pyotr Komendant,1981,1989,Q4229516,
Moldova,359,MDA,1985,Pyotr Komendant,1981,1989,Q4229516,
Moldova,359,MDA,1986,Pyotr Komendant,1981,1989,Q4229516,
Moldova,359,MDA,1987,Pyotr Komendant,1981,1989,Q4229516,
Moldova,359,MDA,1988,Pyotr Komendant,1981,1989,Q4229516,
Moldova,359,MDA,1989,Pyotr Komendant,1981,1989,Q4229516,
Moldova,359,MDA,1990,Nicolae Tiu,1990,1993,Q4506456,
Moldova,359,MDA,1991,Nicolae Tiu,1990,1993,Q4506456,
Moldova,359,MDA,1992,Nicolae Tiu,1990,1993,Q4506456,
Moldova,359,MDA,1993,Nicolae Tiu,1990,1993,Q4506456,
Moldova,359,MDA,1993,Ion Botnaru,1993,1994,,
Moldova,359,MDA,1994,Mihai Popov,1994,1997,Q10957156,Mihai Popov
Moldova,359,MDA,1994,Ion Botnaru,1993,1994,,
Moldova,359,MDA,1995,Mihai Popov,1994,1997,Q10957156,Mihai Popov
Moldova,359,MDA,1996,Mihai Popov,1994,1997,Q10957156,Mihai Popov
Moldova,359,MDA,1997,Nicolae Tabacaru,1997,2000,Q12736761,
Moldova,359,MDA,1997,Mihai Popov,1994,1997,Q10957156,Mihai Popov
Moldova,359,MDA,1998,Nicolae Tabacaru,1997,2000,Q12736761,
Moldova,359,MDA,1999,Nicolae Tabacaru,1997,2000,Q12736761,
Moldova,359,MDA,2000,Nicolae Cernomaz,2000,2001,Q12134624,Nicolae Cernomaz
Moldova,359,MDA,2000,Nicolae Tabacaru,1997,2000,Q12736761,
Moldova,359,MDA,2001,Iurie Leanca,2001,2001,Q58087,
Moldova,359,MDA,2001,Nicolae Dudau,2001,2004,Q12736652,
Moldova,359,MDA,2001,Nicolae Cernomaz,2000,2001,Q12134624,Nicolae Cernomaz
Moldova,359,MDA,2002,Nicolae Dudau,2001,2004,Q12736652,
Moldova,359,MDA,2003,Nicolae Dudau,2001,2004,Q12736652,
Moldova,359,MDA,2004,Andrei Stratan,2004,2009,Q502593,Andrei Stratan
Moldova,359,MDA,2004,Nicolae Dudau,2001,2004,Q12736652,
Moldova,359,MDA,2005,Andrei Stratan,2004,2009,Q502593,Andrei Stratan
Moldova,359,MDA,2006,Andrei Stratan,2004,2009,Q502593,Andrei Stratan
Moldova,359,MDA,2007,Andrei Stratan,2004,2009,Q502593,Andrei Stratan
Moldova,359,MDA,2008,Andrei Stratan,2004,2009,Q502593,Andrei Stratan
Moldova,359,MDA,2009,Andrei Stratan,2004,2009,Q502593,Andrei Stratan
Moldova,359,MDA,2009,Iurie Leanca,2009,2013,Q58087,
Moldova,359,MDA,2010,Iurie Leanca,2009,2013,Q58087,
Moldova,359,MDA,2011,Iurie Leanca,2009,2013,Q58087,
Moldova,359,MDA,2012,Iurie Leanca,2009,2013,Q58087,
Moldova,359,MDA,2013,Iurie Leanca,2009,2013,Q58087,
Moldova,359,MDA,2013,Natalia Gherman,2013,2016,Q6968023,Natalia Gherman
Moldova,359,MDA,2014,Natalia Gherman,2013,2016,Q6968023,Natalia Gherman
Moldova,359,MDA,2015,Natalia Gherman,2013,2016,Q6968023,Natalia Gherman
Moldova,359,MDA,2016,Natalia Gherman,2013,2016,Q6968023,Natalia Gherman
Moldova,359,MDA,2016,Andrei Galbur,2016,2018,Q22236317,Andrei Galbur
Moldova,359,MDA,2017,Andrei Galbur,2016,2018,Q22236317,Andrei Galbur
Moldova,359,MDA,2018,Andrei Galbur,2016,2018,Q22236317,Andrei Galbur
Moldova,359,MDA,2018,Tudor Ulianovschi,2018,2019,Q47247206,Tudor Ulianovschi
Moldova,359,MDA,2019,Tudor Ulianovschi,2018,2019,Q47247206,Tudor Ulianovschi
Monaco,221,MCO,2005,Rainier Imperti,2005,2006,Q54862527,Rainier Imperti
Monaco,221,MCO,2006,Rainier Imperti,2005,2006,Q54862527,Rainier Imperti
Monaco,221,MCO,2006,Henri Fissore,2006,2007,Q3131082,Henri Fissore
Monaco,221,MCO,2007,Henri Fissore,2006,2007,Q3131082,Henri Fissore
Monaco,221,MCO,2007,Jean Pastorelli,2007,2008,Q3173862,Jean Pastorelli
Monaco,221,MCO,2008,Franck Biancheri,2008,2011,Q966092,Franck Biancheri
Monaco,221,MCO,2008,Jean Pastorelli,2007,2008,Q3173862,Jean Pastorelli
Monaco,221,MCO,2009,Franck Biancheri,2008,2011,Q966092,Franck Biancheri
Monaco,221,MCO,2010,Franck Biancheri,2008,2011,Q966092,Franck Biancheri
Monaco,221,MCO,2011,José Badia,2011,2015,Q3186188,José Badia
Monaco,221,MCO,2011,Franck Biancheri,2008,2011,Q966092,Franck Biancheri
Monaco,221,MCO,2012,José Badia,2011,2015,Q3186188,José Badia
Monaco,221,MCO,2013,José Badia,2011,2015,Q3186188,José Badia
Monaco,221,MCO,2014,José Badia,2011,2015,Q3186188,José Badia
Monaco,221,MCO,2015,Gilles Tonelli,2015,2019,Q19924352,Gilles Tonelli
Monaco,221,MCO,2015,José Badia,2011,2015,Q3186188,José Badia
Monaco,221,MCO,2016,Gilles Tonelli,2015,2019,Q19924352,Gilles Tonelli
Monaco,221,MCO,2017,Gilles Tonelli,2015,2019,Q19924352,Gilles Tonelli
Monaco,221,MCO,2018,Gilles Tonelli,2015,2019,Q19924352,Gilles Tonelli
Monaco,221,MCO,2019,Gilles Tonelli,2015,2019,Q19924352,Gilles Tonelli
Mongolia,712,MNG,1939,Khorloogiyn Choybalsan,1939,1950,Q311488,
Mongolia,712,MNG,1940,Khorloogiyn Choybalsan,1939,1950,Q311488,
Mongolia,712,MNG,1941,Khorloogiyn Choybalsan,1939,1950,Q311488,
Mongolia,712,MNG,1942,Khorloogiyn Choybalsan,1939,1950,Q311488,
Mongolia,712,MNG,1943,Khorloogiyn Choybalsan,1939,1950,Q311488,
Mongolia,712,MNG,1944,Khorloogiyn Choybalsan,1939,1950,Q311488,
Mongolia,712,MNG,1945,Khorloogiyn Choybalsan,1939,1950,Q311488,
Mongolia,712,MNG,1946,Khorloogiyn Choybalsan,1939,1950,Q311488,
Mongolia,712,MNG,1947,Khorloogiyn Choybalsan,1939,1950,Q311488,
Mongolia,712,MNG,1948,Khorloogiyn Choybalsan,1939,1950,Q311488,
Mongolia,712,MNG,1949,Khorloogiyn Choybalsan,1939,1950,Q311488,
Mongolia,712,MNG,1950,Khorloogiyn Choybalsan,1939,1950,Q311488,
Mongolia,712,MNG,1950,Nantayshiriyn Lkhamsüren,1950,1953,,
Mongolia,712,MNG,1951,Nantayshiriyn Lkhamsüren,1950,1953,,
Mongolia,712,MNG,1952,Nantayshiriyn Lkhamsüren,1950,1953,,
Mongolia,712,MNG,1953,Nantayshiriyn Lkhamsüren,1950,1953,,
Mongolia,712,MNG,1953,Bayaryn Jargalsaikhan,1953,1955,Q20610436,
Mongolia,712,MNG,1954,Bayaryn Jargalsaikhan,1953,1955,Q20610436,
Mongolia,712,MNG,1955,Bayaryn Jargalsaikhan,1953,1955,Q20610436,
Mongolia,712,MNG,1955,Sandavyn Ravdan,1955,1956,,
Mongolia,712,MNG,1956,Dashiyn Adilbish,1956,1957,,
Mongolia,712,MNG,1956,Sandavyn Ravdan,1955,1956,,
Mongolia,712,MNG,1957,Sonomyn Avarzed,1957,1958,,
Mongolia,712,MNG,1957,Dashiyn Adilbish,1956,1957,,
Mongolia,712,MNG,1958,Sonomyn Avarzed,1957,1958,,
Mongolia,712,MNG,1958,Puntsagiyn Shagdarsüren,1958,1963,Q29427021,Puntsagiyn Shagdarsüren
Mongolia,712,MNG,1959,Puntsagiyn Shagdarsüren,1958,1963,Q29427021,Puntsagiyn Shagdarsüren
Mongolia,712,MNG,1960,Puntsagiyn Shagdarsüren,1958,1963,Q29427021,Puntsagiyn Shagdarsüren
Mongolia,712,MNG,1961,Puntsagiyn Shagdarsüren,1958,1963,Q29427021,Puntsagiyn Shagdarsüren
Mongolia,712,MNG,1962,Puntsagiyn Shagdarsüren,1958,1963,Q29427021,Puntsagiyn Shagdarsüren
Mongolia,712,MNG,1963,Mangalyn Dügersüren,1963,1968,Q29428921,Mangalyn Dügersüren
Mongolia,712,MNG,1963,Puntsagiyn Shagdarsüren,1958,1963,Q29427021,Puntsagiyn Shagdarsüren
Mongolia,712,MNG,1964,Mangalyn Dügersüren,1963,1968,Q29428921,Mangalyn Dügersüren
Mongolia,712,MNG,1965,Mangalyn Dügersüren,1963,1968,Q29428921,Mangalyn Dügersüren
Mongolia,712,MNG,1966,Mangalyn Dügersüren,1963,1968,Q29428921,Mangalyn Dügersüren
Mongolia,712,MNG,1967,Mangalyn Dügersüren,1963,1968,Q29428921,Mangalyn Dügersüren
Mongolia,712,MNG,1968,Mangalyn Dügersüren,1963,1968,Q29428921,Mangalyn Dügersüren
Mongolia,712,MNG,1968,Luvsandorjiyn Toiv,1968,1970,Q29428934,Luvsandorjiyn Toiv
Mongolia,712,MNG,1969,Luvsandorjiyn Toiv,1968,1970,Q29428934,Luvsandorjiyn Toiv
Mongolia,712,MNG,1970,Daramyn Yondon,1970,1970,,
Mongolia,712,MNG,1970,Luvsandorjiyn Toiv,1968,1970,Q29428934,Luvsandorjiyn Toiv
Mongolia,712,MNG,1970,Lodongiyn Rinchin,1970,1976,Q47154436,Lodongiyn Rinchin
Mongolia,712,MNG,1971,Lodongiyn Rinchin,1970,1976,Q47154436,Lodongiyn Rinchin
Mongolia,712,MNG,1972,Lodongiyn Rinchin,1970,1976,Q47154436,Lodongiyn Rinchin
Mongolia,712,MNG,1973,Lodongiyn Rinchin,1970,1976,Q47154436,Lodongiyn Rinchin
Mongolia,712,MNG,1974,Lodongiyn Rinchin,1970,1976,Q47154436,Lodongiyn Rinchin
Mongolia,712,MNG,1975,Lodongiyn Rinchin,1970,1976,Q47154436,Lodongiyn Rinchin
Mongolia,712,MNG,1976,Mangalyn Dügersüren,1976,1988,Q29428921,Mangalyn Dügersüren
Mongolia,712,MNG,1976,Lodongiyn Rinchin,1970,1976,Q47154436,Lodongiyn Rinchin
Mongolia,712,MNG,1977,Mangalyn Dügersüren,1976,1988,Q29428921,Mangalyn Dügersüren
Mongolia,712,MNG,1978,Mangalyn Dügersüren,1976,1988,Q29428921,Mangalyn Dügersüren
Mongolia,712,MNG,1979,Mangalyn Dügersüren,1976,1988,Q29428921,Mangalyn Dügersüren
Mongolia,712,MNG,1980,Mangalyn Dügersüren,1976,1988,Q29428921,Mangalyn Dügersüren
Mongolia,712,MNG,1981,Mangalyn Dügersüren,1976,1988,Q29428921,Mangalyn Dügersüren
Mongolia,712,MNG,1982,Mangalyn Dügersüren,1976,1988,Q29428921,Mangalyn Dügersüren
Mongolia,712,MNG,1983,Mangalyn Dügersüren,1976,1988,Q29428921,Mangalyn Dügersüren
Mongolia,712,MNG,1984,Mangalyn Dügersüren,1976,1988,Q29428921,Mangalyn Dügersüren
Mongolia,712,MNG,1985,Mangalyn Dügersüren,1976,1988,Q29428921,Mangalyn Dügersüren
Mongolia,712,MNG,1986,Mangalyn Dügersüren,1976,1988,Q29428921,Mangalyn Dügersüren
Mongolia,712,MNG,1987,Mangalyn Dügersüren,1976,1988,Q29428921,Mangalyn Dügersüren
Mongolia,712,MNG,1988,Tserenpiliyn Gombosüren,1988,1996,Q56886685,
Mongolia,712,MNG,1988,Mangalyn Dügersüren,1976,1988,Q29428921,Mangalyn Dügersüren
Mongolia,712,MNG,1989,Tserenpiliyn Gombosüren,1988,1996,Q56886685,
Mongolia,712,MNG,1990,Tserenpiliyn Gombosüren,1988,1996,Q56886685,
Mongolia,712,MNG,1991,Tserenpiliyn Gombosüren,1988,1996,Q56886685,
Mongolia,712,MNG,1992,Tserenpiliyn Gombosüren,1988,1996,Q56886685,
Mongolia,712,MNG,1993,Tserenpiliyn Gombosüren,1988,1996,Q56886685,
Mongolia,712,MNG,1994,Tserenpiliyn Gombosüren,1988,1996,Q56886685,
Mongolia,712,MNG,1995,Tserenpiliyn Gombosüren,1988,1996,Q56886685,
Mongolia,712,MNG,1996,Shukher Altangerel,1996,1998,Q25390490,
Mongolia,712,MNG,1996,Mendsaikhany Enkhsaikhan,1996,1996,Q1393621,Mendsaikhany Enkhsaikhan
Mongolia,712,MNG,1996,Tserenpiliyn Gombosüren,1988,1996,Q56886685,
Mongolia,712,MNG,1997,Shukher Altangerel,1996,1998,Q25390490,
Mongolia,712,MNG,1998,Rinchinnyamyn Amarjargal,1998,1998,Q1393569,Rinchinnyamyn Amarjargal
Mongolia,712,MNG,1998,Nyam-Osoryn Tuyaa,1998,2000,Q541239,Nyam-Osoryn Tuyaa
Mongolia,712,MNG,1998,Shukher Altangerel,1996,1998,Q25390490,
Mongolia,712,MNG,1999,Nyam-Osoryn Tuyaa,1998,2000,Q541239,Nyam-Osoryn Tuyaa
Mongolia,712,MNG,2000,Luvsangiyn Erdenechuluun,2000,2004,Q1956352,
Mongolia,712,MNG,2000,Nyam-Osoryn Tuyaa,1998,2000,Q541239,Nyam-Osoryn Tuyaa
Mongolia,712,MNG,2001,Luvsangiyn Erdenechuluun,2000,2004,Q1956352,
Mongolia,712,MNG,2002,Luvsangiyn Erdenechuluun,2000,2004,Q1956352,
Mongolia,712,MNG,2003,Luvsangiyn Erdenechuluun,2000,2004,Q1956352,
Mongolia,712,MNG,2004,Tsendiyn Munkh-Orgil,2004,2006,Q28741315,Tsendiyn Munkh-Orgil
Mongolia,712,MNG,2004,Luvsangiyn Erdenechuluun,2000,2004,Q1956352,
Mongolia,712,MNG,2005,Tsendiyn Munkh-Orgil,2004,2006,Q28741315,Tsendiyn Munkh-Orgil
Mongolia,712,MNG,2006,Tsendiyn Munkh-Orgil,2004,2006,Q28741315,Tsendiyn Munkh-Orgil
Mongolia,712,MNG,2006,Nyamaa Enkhbold,2006,2007,Q3346574,Nyamaa Enkhbold
Mongolia,712,MNG,2007,Nyamaa Enkhbold,2006,2007,Q3346574,Nyamaa Enkhbold
Mongolia,712,MNG,2007,Sanjaasürengiyn Oyun,2007,2008,Q276238,
Mongolia,712,MNG,2008,Sükhbaataryn Batbold,2008,2009,Q372202,Sükhbaataryn Batbold
Mongolia,712,MNG,2008,Sanjaasürengiyn Oyun,2007,2008,Q276238,
Mongolia,712,MNG,2009,Sükhbaataryn Batbold,2008,2009,Q372202,Sükhbaataryn Batbold
Mongolia,712,MNG,2009,Gombojav Zandanshatar,2009,2012,Q4142905,
Mongolia,712,MNG,2010,Gombojav Zandanshatar,2009,2012,Q4142905,
Mongolia,712,MNG,2011,Gombojav Zandanshatar,2009,2012,Q4142905,
Mongolia,712,MNG,2012,Luvsanvandan Bold,2012,2014,Q20608760,
Mongolia,712,MNG,2012,Gombojav Zandanshatar,2009,2012,Q4142905,
Mongolia,712,MNG,2013,Luvsanvandan Bold,2012,2014,Q20608760,
Mongolia,712,MNG,2014,Luvsanvandan Bold,2012,2014,Q20608760,
Mongolia,712,MNG,2014,Lündeg Pürevsüren,2014,2016,Q25632768,
Mongolia,712,MNG,2015,Lündeg Pürevsüren,2014,2016,Q25632768,
Mongolia,712,MNG,2016,Lündeg Pürevsüren,2014,2016,Q25632768,
Mongolia,712,MNG,2016,Tsendiyn Munkh-Orgil,2016,2017,Q28741315,Tsendiyn Munkh-Orgil
Mongolia,712,MNG,2017,Tsendiyn Munkh-Orgil,2016,2017,Q28741315,Tsendiyn Munkh-Orgil
Mongolia,712,MNG,2017,Damdin Tsogtbaatar,2017,2019,Q9350396,Damdin Tsogtbaatar
Mongolia,712,MNG,2018,Damdin Tsogtbaatar,2017,2019,Q9350396,Damdin Tsogtbaatar
Mongolia,712,MNG,2019,Damdin Tsogtbaatar,2017,2019,Q9350396,Damdin Tsogtbaatar
Montenegro,348,MNE,1982,Milenko Stefanovic,1982,1985,,
Montenegro,348,MNE,1983,Milenko Stefanovic,1982,1985,,
Montenegro,348,MNE,1984,Milenko Stefanovic,1982,1985,,
Montenegro,348,MNE,1985,Milenko Stefanovic,1982,1985,,
Montenegro,348,MNE,1985,Igor Jovovic,1985,1990,,
Montenegro,348,MNE,1986,Igor Jovovic,1985,1990,,
Montenegro,348,MNE,1987,Igor Jovovic,1985,1990,,
Montenegro,348,MNE,1988,Igor Jovovic,1985,1990,,
Montenegro,348,MNE,1989,Igor Jovovic,1985,1990,,
Montenegro,348,MNE,1990,Branko Lukovac,1990,1991,,
Montenegro,348,MNE,1990,Igor Jovovic,1985,1990,,
Montenegro,348,MNE,1991,Nikola Samardzic,1991,1992,Q20526005,
Montenegro,348,MNE,1991,Branko Lukovac,1990,1991,,
Montenegro,348,MNE,1992,Miodrag Lekic,1992,1995,Q10944678,
Montenegro,348,MNE,1992,Nikola Samardzic,1991,1992,Q20526005,
Montenegro,348,MNE,1993,Miodrag Lekic,1992,1995,Q10944678,
Montenegro,348,MNE,1994,Miodrag Lekic,1992,1995,Q10944678,
Montenegro,348,MNE,1995,Miodrag Lekic,1992,1995,Q10944678,
Montenegro,348,MNE,1995,Janko Jeknic,1995,1997,,
Montenegro,348,MNE,1996,Janko Jeknic,1995,1997,,
Montenegro,348,MNE,1997,Janko Jeknic,1995,1997,,
Montenegro,348,MNE,1997,Branko Perovic,1997,2000,,
Montenegro,348,MNE,1998,Branko Perovic,1997,2000,,
Montenegro,348,MNE,1999,Branko Perovic,1997,2000,,
Montenegro,348,MNE,2000,Branko Perovic,1997,2000,,
Montenegro,348,MNE,2000,Branko Lukovac,2000,2002,,
Montenegro,348,MNE,2001,Branko Lukovac,2000,2002,,
Montenegro,348,MNE,2002,Branko Lukovac,2000,2002,,
Montenegro,348,MNE,2002,Dragan Djurovic,2002,2003,Q5304918,
Montenegro,348,MNE,2003,Dragisa Burzan,2003,2004,Q5304975,
Montenegro,348,MNE,2003,Dragan Djurovic,2002,2003,Q5304918,
Montenegro,348,MNE,2004,Dragisa Burzan,2003,2004,Q5304975,
Montenegro,348,MNE,2004,Miodrag Vlahovic,2004,2006,Q6871382,
Montenegro,348,MNE,2005,Miodrag Vlahovic,2004,2006,Q6871382,
Montenegro,348,MNE,2006,Milan Rocen,2006,2012,Q725641,
Montenegro,348,MNE,2006,Miodrag Vlahovic,2004,2006,Q6871382,
Montenegro,348,MNE,2007,Milan Rocen,2006,2012,Q725641,
Montenegro,348,MNE,2008,Milan Rocen,2006,2012,Q725641,
Montenegro,348,MNE,2009,Milan Rocen,2006,2012,Q725641,
Montenegro,348,MNE,2010,Milan Rocen,2006,2012,Q725641,
Montenegro,348,MNE,2011,Milan Rocen,2006,2012,Q725641,
Montenegro,348,MNE,2012,Milan Rocen,2006,2012,Q725641,
Montenegro,348,MNE,2012,Nebojsa Kaludjerovic,2012,2012,Q58220,
Montenegro,348,MNE,2012,Igor Luksic,2012,2016,Q57746,
Montenegro,348,MNE,2013,Igor Luksic,2012,2016,Q57746,
Montenegro,348,MNE,2014,Igor Luksic,2012,2016,Q57746,
Montenegro,348,MNE,2015,Igor Luksic,2012,2016,Q57746,
Montenegro,348,MNE,2016,Milo Djukanovic,2016,2016,Q200305,
Montenegro,348,MNE,2016,Srdjan Darmanovic,2016,2019,Q30001839,
Montenegro,348,MNE,2016,Igor Luksic,2012,2016,Q57746,
Montenegro,348,MNE,2017,Srdjan Darmanovic,2016,2019,Q30001839,
Montenegro,348,MNE,2018,Srdjan Darmanovic,2016,2019,Q30001839,
Montenegro,348,MNE,2019,Srdjan Darmanovic,2016,2019,Q30001839,
Morocco,600,MAR,1956,Ahmed Balafrej,1956,1958,Q401160,Ahmed Balafrej
Morocco,600,MAR,1957,Ahmed Balafrej,1956,1958,Q401160,Ahmed Balafrej
Morocco,600,MAR,1958,Ahmed Balafrej,1956,1958,Q401160,Ahmed Balafrej
Morocco,600,MAR,1958,Abdallah Ibrahim,1958,1960,Q307596,Abdallah Ibrahim
Morocco,600,MAR,1959,Abdallah Ibrahim,1958,1960,Q307596,Abdallah Ibrahim
Morocco,600,MAR,1960,Abdallah Ibrahim,1958,1960,Q307596,Abdallah Ibrahim
Morocco,600,MAR,1960,Driss M'Hammedi,1960,1961,Q3039500,
Morocco,600,MAR,1961,Ahmed Balafrej,1961,1963,Q401160,Ahmed Balafrej
Morocco,600,MAR,1961,Driss M'Hammedi,1960,1961,Q3039500,
Morocco,600,MAR,1962,Ahmed Balafrej,1961,1963,Q401160,Ahmed Balafrej
Morocco,600,MAR,1963,Ahmed Réda Guédira,1963,1964,Q2827648,
Morocco,600,MAR,1963,Ahmed Balafrej,1961,1963,Q401160,Ahmed Balafrej
Morocco,600,MAR,1964,Ahmed Réda Guédira,1963,1964,Q2827648,
Morocco,600,MAR,1964,Ahmed Taibi Benhima,1964,1966,Q98751091,Ahmed Taibi Benhima
Morocco,600,MAR,1965,Ahmed Taibi Benhima,1964,1966,Q98751091,Ahmed Taibi Benhima
Morocco,600,MAR,1966,Mohamed Cherkaoui,1966,1967,Q3318483,Mohamed Cherkaoui
Morocco,600,MAR,1966,Ahmed Taibi Benhima,1964,1966,Q98751091,Ahmed Taibi Benhima
Morocco,600,MAR,1967,Mohamed Cherkaoui,1966,1967,Q3318483,Mohamed Cherkaoui
Morocco,600,MAR,1967,Ahmed Laraki,1967,1969,Q401360,Ahmed Laraki
Morocco,600,MAR,1968,Ahmed Laraki,1967,1969,Q401360,Ahmed Laraki
Morocco,600,MAR,1969,Ahmed Laraki,1967,1969,Q401360,Ahmed Laraki
Morocco,600,MAR,1969,Abdelhadi Boutaleb,1969,1970,Q307873,Abdelhadi Boutaleb
Morocco,600,MAR,1970,Abdelhadi Boutaleb,1969,1970,Q307873,Abdelhadi Boutaleb
Morocco,600,MAR,1970,Youssef Ben Abbes,1970,1971,,
Morocco,600,MAR,1971,Abdellatif Filali,1971,1972,Q307997,Abdellatif Filali
Morocco,600,MAR,1971,Youssef Ben Abbes,1970,1971,,
Morocco,600,MAR,1972,Ahmed Taibi Benhima,1972,1974,Q98751091,Ahmed Taibi Benhima
Morocco,600,MAR,1972,Abdellatif Filali,1971,1972,Q307997,Abdellatif Filali
Morocco,600,MAR,1973,Ahmed Taibi Benhima,1972,1974,Q98751091,Ahmed Taibi Benhima
Morocco,600,MAR,1974,Ahmed Taibi Benhima,1972,1974,Q98751091,Ahmed Taibi Benhima
Morocco,600,MAR,1974,Ahmed Laraki,1974,1977,Q401360,Ahmed Laraki
Morocco,600,MAR,1975,Ahmed Laraki,1974,1977,Q401360,Ahmed Laraki
Morocco,600,MAR,1976,Ahmed Laraki,1974,1977,Q401360,Ahmed Laraki
Morocco,600,MAR,1977,Ahmed Laraki,1974,1977,Q401360,Ahmed Laraki
Morocco,600,MAR,1977,M'hamed Boucetta,1977,1983,Q3272330,M'hamed Boucetta
Morocco,600,MAR,1978,M'hamed Boucetta,1977,1983,Q3272330,M'hamed Boucetta
Morocco,600,MAR,1979,M'hamed Boucetta,1977,1983,Q3272330,M'hamed Boucetta
Morocco,600,MAR,1980,M'hamed Boucetta,1977,1983,Q3272330,M'hamed Boucetta
Morocco,600,MAR,1981,M'hamed Boucetta,1977,1983,Q3272330,M'hamed Boucetta
Morocco,600,MAR,1982,M'hamed Boucetta,1977,1983,Q3272330,M'hamed Boucetta
Morocco,600,MAR,1983,M'hamed Boucetta,1977,1983,Q3272330,M'hamed Boucetta
Morocco,600,MAR,1983,Abdelouahed Belkeziz,1983,1985,Q2821199,Abdelouahed Belkeziz
Morocco,600,MAR,1984,Abdelouahed Belkeziz,1983,1985,Q2821199,Abdelouahed Belkeziz
Morocco,600,MAR,1985,Abdelouahed Belkeziz,1983,1985,Q2821199,Abdelouahed Belkeziz
Morocco,600,MAR,1985,Abdellatif Filali,1985,1999,Q307997,Abdellatif Filali
Morocco,600,MAR,1986,Abdellatif Filali,1985,1999,Q307997,Abdellatif Filali
Morocco,600,MAR,1987,Abdellatif Filali,1985,1999,Q307997,Abdellatif Filali
Morocco,600,MAR,1988,Abdellatif Filali,1985,1999,Q307997,Abdellatif Filali
Morocco,600,MAR,1989,Abdellatif Filali,1985,1999,Q307997,Abdellatif Filali
Morocco,600,MAR,1990,Abdellatif Filali,1985,1999,Q307997,Abdellatif Filali
Morocco,600,MAR,1991,Abdellatif Filali,1985,1999,Q307997,Abdellatif Filali
Morocco,600,MAR,1992,Abdellatif Filali,1985,1999,Q307997,Abdellatif Filali
Morocco,600,MAR,1993,Abdellatif Filali,1985,1999,Q307997,Abdellatif Filali
Morocco,600,MAR,1994,Abdellatif Filali,1985,1999,Q307997,Abdellatif Filali
Morocco,600,MAR,1995,Abdellatif Filali,1985,1999,Q307997,Abdellatif Filali
Morocco,600,MAR,1996,Abdellatif Filali,1985,1999,Q307997,Abdellatif Filali
Morocco,600,MAR,1997,Abdellatif Filali,1985,1999,Q307997,Abdellatif Filali
Morocco,600,MAR,1998,Abdellatif Filali,1985,1999,Q307997,Abdellatif Filali
Morocco,600,MAR,1999,Abdellatif Filali,1985,1999,Q307997,Abdellatif Filali
Morocco,600,MAR,1999,Mohamed Benaissa,1999,2007,Q3098614,Mohamed Benaissa
Morocco,600,MAR,2000,Mohamed Benaissa,1999,2007,Q3098614,Mohamed Benaissa
Morocco,600,MAR,2001,Mohamed Benaissa,1999,2007,Q3098614,Mohamed Benaissa
Morocco,600,MAR,2002,Mohamed Benaissa,1999,2007,Q3098614,Mohamed Benaissa
Morocco,600,MAR,2003,Mohamed Benaissa,1999,2007,Q3098614,Mohamed Benaissa
Morocco,600,MAR,2004,Mohamed Benaissa,1999,2007,Q3098614,Mohamed Benaissa
Morocco,600,MAR,2005,Mohamed Benaissa,1999,2007,Q3098614,Mohamed Benaissa
Morocco,600,MAR,2006,Mohamed Benaissa,1999,2007,Q3098614,Mohamed Benaissa
Morocco,600,MAR,2007,Taieb Fassi Fihri,2007,2012,Q2585447,Taieb Fassi Fihri
Morocco,600,MAR,2007,Mohamed Benaissa,1999,2007,Q3098614,Mohamed Benaissa
Morocco,600,MAR,2008,Taieb Fassi Fihri,2007,2012,Q2585447,Taieb Fassi Fihri
Morocco,600,MAR,2009,Taieb Fassi Fihri,2007,2012,Q2585447,Taieb Fassi Fihri
Morocco,600,MAR,2010,Taieb Fassi Fihri,2007,2012,Q2585447,Taieb Fassi Fihri
Morocco,600,MAR,2011,Taieb Fassi Fihri,2007,2012,Q2585447,Taieb Fassi Fihri
Morocco,600,MAR,2012,Taieb Fassi Fihri,2007,2012,Q2585447,Taieb Fassi Fihri
Morocco,600,MAR,2012,Saadeddine El Othmani,2012,2013,Q2033385,
Morocco,600,MAR,2013,Salaheddine Mezouar,2013,2017,Q206209,Salaheddine Mezouar
Morocco,600,MAR,2013,Saadeddine El Othmani,2012,2013,Q2033385,
Morocco,600,MAR,2014,Salaheddine Mezouar,2013,2017,Q206209,Salaheddine Mezouar
Morocco,600,MAR,2015,Salaheddine Mezouar,2013,2017,Q206209,Salaheddine Mezouar
Morocco,600,MAR,2016,Salaheddine Mezouar,2013,2017,Q206209,Salaheddine Mezouar
Morocco,600,MAR,2017,Salaheddine Mezouar,2013,2017,Q206209,Salaheddine Mezouar
Morocco,600,MAR,2017,Nasser Bourita,2017,2019,Q26036628,Nasser Bourita
Morocco,600,MAR,2018,Nasser Bourita,2017,2019,Q26036628,Nasser Bourita
Morocco,600,MAR,2019,Nasser Bourita,2017,2019,Q26036628,Nasser Bourita
Mozambique,541,MOZ,1975,Joaquim Chissano,1975,1987,Q208355,Joaquim Chissano
Mozambique,541,MOZ,1976,Joaquim Chissano,1975,1987,Q208355,Joaquim Chissano
Mozambique,541,MOZ,1977,Joaquim Chissano,1975,1987,Q208355,Joaquim Chissano
Mozambique,541,MOZ,1978,Joaquim Chissano,1975,1987,Q208355,Joaquim Chissano
Mozambique,541,MOZ,1979,Joaquim Chissano,1975,1987,Q208355,Joaquim Chissano
Mozambique,541,MOZ,1980,Joaquim Chissano,1975,1987,Q208355,Joaquim Chissano
Mozambique,541,MOZ,1981,Joaquim Chissano,1975,1987,Q208355,Joaquim Chissano
Mozambique,541,MOZ,1982,Joaquim Chissano,1975,1987,Q208355,Joaquim Chissano
Mozambique,541,MOZ,1983,Joaquim Chissano,1975,1987,Q208355,Joaquim Chissano
Mozambique,541,MOZ,1984,Joaquim Chissano,1975,1987,Q208355,Joaquim Chissano
Mozambique,541,MOZ,1985,Joaquim Chissano,1975,1987,Q208355,Joaquim Chissano
Mozambique,541,MOZ,1986,Joaquim Chissano,1975,1987,Q208355,Joaquim Chissano
Mozambique,541,MOZ,1987,Joaquim Chissano,1975,1987,Q208355,Joaquim Chissano
Mozambique,541,MOZ,1987,Pascoal Mocumbi,1987,1994,Q1383773,Pascoal Mocumbi
Mozambique,541,MOZ,1988,Pascoal Mocumbi,1987,1994,Q1383773,Pascoal Mocumbi
Mozambique,541,MOZ,1989,Pascoal Mocumbi,1987,1994,Q1383773,Pascoal Mocumbi
Mozambique,541,MOZ,1990,Pascoal Mocumbi,1987,1994,Q1383773,Pascoal Mocumbi
Mozambique,541,MOZ,1991,Pascoal Mocumbi,1987,1994,Q1383773,Pascoal Mocumbi
Mozambique,541,MOZ,1992,Pascoal Mocumbi,1987,1994,Q1383773,Pascoal Mocumbi
Mozambique,541,MOZ,1993,Pascoal Mocumbi,1987,1994,Q1383773,Pascoal Mocumbi
Mozambique,541,MOZ,1994,Leonardo Simão,1994,2005,Q6526096,Leonardo Simão
Mozambique,541,MOZ,1994,Pascoal Mocumbi,1987,1994,Q1383773,Pascoal Mocumbi
Mozambique,541,MOZ,1995,Leonardo Simão,1994,2005,Q6526096,Leonardo Simão
Mozambique,541,MOZ,1996,Leonardo Simão,1994,2005,Q6526096,Leonardo Simão
Mozambique,541,MOZ,1997,Leonardo Simão,1994,2005,Q6526096,Leonardo Simão
Mozambique,541,MOZ,1998,Leonardo Simão,1994,2005,Q6526096,Leonardo Simão
Mozambique,541,MOZ,1999,Leonardo Simão,1994,2005,Q6526096,Leonardo Simão
Mozambique,541,MOZ,2000,Leonardo Simão,1994,2005,Q6526096,Leonardo Simão
Mozambique,541,MOZ,2001,Leonardo Simão,1994,2005,Q6526096,Leonardo Simão
Mozambique,541,MOZ,2002,Leonardo Simão,1994,2005,Q6526096,Leonardo Simão
Mozambique,541,MOZ,2003,Leonardo Simão,1994,2005,Q6526096,Leonardo Simão
Mozambique,541,MOZ,2004,Leonardo Simão,1994,2005,Q6526096,Leonardo Simão
Mozambique,541,MOZ,2005,Alcinda Abreu,2005,2008,Q2832185,Alcinda Abreu
Mozambique,541,MOZ,2005,Leonardo Simão,1994,2005,Q6526096,Leonardo Simão
Mozambique,541,MOZ,2006,Alcinda Abreu,2005,2008,Q2832185,Alcinda Abreu
Mozambique,541,MOZ,2007,Alcinda Abreu,2005,2008,Q2832185,Alcinda Abreu
Mozambique,541,MOZ,2008,Alcinda Abreu,2005,2008,Q2832185,Alcinda Abreu
Mozambique,541,MOZ,2008,Oldemiro Balói,2008,2017,Q58223,Oldemiro Balói
Mozambique,541,MOZ,2009,Oldemiro Balói,2008,2017,Q58223,Oldemiro Balói
Mozambique,541,MOZ,2010,Oldemiro Balói,2008,2017,Q58223,Oldemiro Balói
Mozambique,541,MOZ,2011,Oldemiro Balói,2008,2017,Q58223,Oldemiro Balói
Mozambique,541,MOZ,2012,Oldemiro Balói,2008,2017,Q58223,Oldemiro Balói
Mozambique,541,MOZ,2013,Oldemiro Balói,2008,2017,Q58223,Oldemiro Balói
Mozambique,541,MOZ,2014,Oldemiro Balói,2008,2017,Q58223,Oldemiro Balói
Mozambique,541,MOZ,2015,Oldemiro Balói,2008,2017,Q58223,Oldemiro Balói
Mozambique,541,MOZ,2016,Oldemiro Balói,2008,2017,Q58223,Oldemiro Balói
Mozambique,541,MOZ,2017,Oldemiro Balói,2008,2017,Q58223,Oldemiro Balói
Mozambique,541,MOZ,2017,José Pacheco,2017,2019,Q6291941,José Pacheco
Mozambique,541,MOZ,2018,José Pacheco,2017,2019,Q6291941,José Pacheco
Mozambique,541,MOZ,2019,José Pacheco,2017,2019,Q6291941,José Pacheco
Myanmar,775,MMR,1949,E Maung,1949,1950,Q740342,
Myanmar,775,MMR,1950,E Maung,1949,1950,Q740342,
Myanmar,775,MMR,1950,Sao Hkun Hkio,1950,1958,Q20992072,Sao Hkun Hkio
Myanmar,775,MMR,1951,Sao Hkun Hkio,1950,1958,Q20992072,Sao Hkun Hkio
Myanmar,775,MMR,1952,Sao Hkun Hkio,1950,1958,Q20992072,Sao Hkun Hkio
Myanmar,775,MMR,1953,Sao Hkun Hkio,1950,1958,Q20992072,Sao Hkun Hkio
Myanmar,775,MMR,1954,Sao Hkun Hkio,1950,1958,Q20992072,Sao Hkun Hkio
Myanmar,775,MMR,1955,Sao Hkun Hkio,1950,1958,Q20992072,Sao Hkun Hkio
Myanmar,775,MMR,1956,Sao Hkun Hkio,1950,1958,Q20992072,Sao Hkun Hkio
Myanmar,775,MMR,1957,Sao Hkun Hkio,1950,1958,Q20992072,Sao Hkun Hkio
Myanmar,775,MMR,1958,Thein Maung,1958,1960,,
Myanmar,775,MMR,1958,Sao Hkun Hkio,1950,1958,Q20992072,Sao Hkun Hkio
Myanmar,775,MMR,1959,Thein Maung,1958,1960,,
Myanmar,775,MMR,1960,Sao Hkun Hkio,1960,1962,Q20992072,Sao Hkun Hkio
Myanmar,775,MMR,1960,Thein Maung,1958,1960,,
Myanmar,775,MMR,1961,Sao Hkun Hkio,1960,1962,Q20992072,Sao Hkun Hkio
Myanmar,775,MMR,1962,Thi Han,1962,1969,,
Myanmar,775,MMR,1962,Sao Hkun Hkio,1960,1962,Q20992072,Sao Hkun Hkio
Myanmar,775,MMR,1963,Thi Han,1962,1969,,
Myanmar,775,MMR,1964,Thi Han,1962,1969,,
Myanmar,775,MMR,1965,Thi Han,1962,1969,,
Myanmar,775,MMR,1966,Thi Han,1962,1969,,
Myanmar,775,MMR,1967,Thi Han,1962,1969,,
Myanmar,775,MMR,1968,Thi Han,1962,1969,,
Myanmar,775,MMR,1969,Thi Han,1962,1969,,
Myanmar,775,MMR,1969,Maung Lwin,1969,1970,,
Myanmar,775,MMR,1970,Maung Lwin,1969,1970,,
Myanmar,775,MMR,1970,Hla Han,1970,1972,,
Myanmar,775,MMR,1971,Hla Han,1970,1972,,
Myanmar,775,MMR,1972,Hla Han,1970,1972,,
Myanmar,775,MMR,1972,Kyaw Soe,1972,1974,Q20985791,Kyaw Soe
Myanmar,775,MMR,1973,Kyaw Soe,1972,1974,Q20985791,Kyaw Soe
Myanmar,775,MMR,1974,Kyaw Soe,1972,1974,Q20985791,Kyaw Soe
Myanmar,775,MMR,1974,Hla Phone,1974,1978,,
Myanmar,775,MMR,1975,Hla Phone,1974,1978,,
Myanmar,775,MMR,1976,Hla Phone,1974,1978,,
Myanmar,775,MMR,1977,Hla Phone,1974,1978,,
Myanmar,775,MMR,1978,Myint Maung,1978,1980,,
Myanmar,775,MMR,1978,Hla Phone,1974,1978,,
Myanmar,775,MMR,1979,Myint Maung,1978,1980,,
Myanmar,775,MMR,1980,Lay Maung,1980,1981,,
Myanmar,775,MMR,1980,Myint Maung,1978,1980,,
Myanmar,775,MMR,1981,Lay Maung,1980,1981,,
Myanmar,775,MMR,1981,Chit Hlaing,1981,1985,Q339610,Chit Hlaing
Myanmar,775,MMR,1982,Chit Hlaing,1981,1985,Q339610,Chit Hlaing
Myanmar,775,MMR,1983,Chit Hlaing,1981,1985,Q339610,Chit Hlaing
Myanmar,775,MMR,1984,Chit Hlaing,1981,1985,Q339610,Chit Hlaing
Myanmar,775,MMR,1985,Chit Hlaing,1981,1985,Q339610,Chit Hlaing
Myanmar,775,MMR,1985,Ye Gaung,1985,1988,,
Myanmar,775,MMR,1986,Ye Gaung,1985,1988,,
Myanmar,775,MMR,1987,Ye Gaung,1985,1988,,
Myanmar,775,MMR,1988,Ye Gaung,1985,1988,,
Myanmar,775,MMR,1988,Saw Maung,1988,1991,Q740342,Saw Maung
Myanmar,775,MMR,1989,Saw Maung,1988,1991,Q740342,Saw Maung
Myanmar,775,MMR,1990,Saw Maung,1988,1991,Q740342,Saw Maung
Myanmar,775,MMR,1991,Saw Maung,1988,1991,Q740342,Saw Maung
Myanmar,775,MMR,1991,Ohn Gyaw,1991,1998,Q7081109,Ohn Gyaw
Myanmar,775,MMR,1992,Ohn Gyaw,1991,1998,Q7081109,Ohn Gyaw
Myanmar,775,MMR,1993,Ohn Gyaw,1991,1998,Q7081109,Ohn Gyaw
Myanmar,775,MMR,1994,Ohn Gyaw,1991,1998,Q7081109,Ohn Gyaw
Myanmar,775,MMR,1995,Ohn Gyaw,1991,1998,Q7081109,Ohn Gyaw
Myanmar,775,MMR,1996,Ohn Gyaw,1991,1998,Q7081109,Ohn Gyaw
Myanmar,775,MMR,1997,Ohn Gyaw,1991,1998,Q7081109,Ohn Gyaw
Myanmar,775,MMR,1998,Win Aung,1998,2004,Q454491,Win Aung
Myanmar,775,MMR,1998,Ohn Gyaw,1991,1998,Q7081109,Ohn Gyaw
Myanmar,775,MMR,1999,Win Aung,1998,2004,Q454491,Win Aung
Myanmar,775,MMR,2000,Win Aung,1998,2004,Q454491,Win Aung
Myanmar,775,MMR,2001,Win Aung,1998,2004,Q454491,Win Aung
Myanmar,775,MMR,2002,Win Aung,1998,2004,Q454491,Win Aung
Myanmar,775,MMR,2003,Win Aung,1998,2004,Q454491,Win Aung
Myanmar,775,MMR,2004,Nyan Win,2004,2011,Q58153,Nyan Win
Myanmar,775,MMR,2004,Win Aung,1998,2004,Q454491,Win Aung
Myanmar,775,MMR,2005,Nyan Win,2004,2011,Q58153,Nyan Win
Myanmar,775,MMR,2006,Nyan Win,2004,2011,Q58153,Nyan Win
Myanmar,775,MMR,2007,Nyan Win,2004,2011,Q58153,Nyan Win
Myanmar,775,MMR,2008,Nyan Win,2004,2011,Q58153,Nyan Win
Myanmar,775,MMR,2009,Nyan Win,2004,2011,Q58153,Nyan Win
Myanmar,775,MMR,2010,Nyan Win,2004,2011,Q58153,Nyan Win
Myanmar,775,MMR,2011,Wunna Maung Lwin,2011,2016,Q339081,Wunna Maung Lwin
Myanmar,775,MMR,2011,Nyan Win,2004,2011,Q58153,Nyan Win
Myanmar,775,MMR,2012,Wunna Maung Lwin,2011,2016,Q339081,Wunna Maung Lwin
Myanmar,775,MMR,2013,Wunna Maung Lwin,2011,2016,Q339081,Wunna Maung Lwin
Myanmar,775,MMR,2014,Wunna Maung Lwin,2011,2016,Q339081,Wunna Maung Lwin
Myanmar,775,MMR,2015,Wunna Maung Lwin,2011,2016,Q339081,Wunna Maung Lwin
Myanmar,775,MMR,2016,Aung San Suu Kyi,2016,2019,Q36740,Aung San Suu Kyi
Myanmar,775,MMR,2016,Wunna Maung Lwin,2011,2016,Q339081,Wunna Maung Lwin
Myanmar,775,MMR,2017,Aung San Suu Kyi,2016,2019,Q36740,Aung San Suu Kyi
Myanmar,775,MMR,2018,Aung San Suu Kyi,2016,2019,Q36740,Aung San Suu Kyi
Myanmar,775,MMR,2019,Aung San Suu Kyi,2016,2019,Q36740,Aung San Suu Kyi
Namibia,565,NAM,1990,Theo-Ben Gurirab,1990,2002,Q654433,Theo-Ben Gurirab
Namibia,565,NAM,1991,Theo-Ben Gurirab,1990,2002,Q654433,Theo-Ben Gurirab
Namibia,565,NAM,1992,Theo-Ben Gurirab,1990,2002,Q654433,Theo-Ben Gurirab
Namibia,565,NAM,1993,Theo-Ben Gurirab,1990,2002,Q654433,Theo-Ben Gurirab
Namibia,565,NAM,1994,Theo-Ben Gurirab,1990,2002,Q654433,Theo-Ben Gurirab
Namibia,565,NAM,1995,Theo-Ben Gurirab,1990,2002,Q654433,Theo-Ben Gurirab
Namibia,565,NAM,1996,Theo-Ben Gurirab,1990,2002,Q654433,Theo-Ben Gurirab
Namibia,565,NAM,1997,Theo-Ben Gurirab,1990,2002,Q654433,Theo-Ben Gurirab
Namibia,565,NAM,1998,Theo-Ben Gurirab,1990,2002,Q654433,Theo-Ben Gurirab
Namibia,565,NAM,1999,Theo-Ben Gurirab,1990,2002,Q654433,Theo-Ben Gurirab
Namibia,565,NAM,2000,Theo-Ben Gurirab,1990,2002,Q654433,Theo-Ben Gurirab
Namibia,565,NAM,2001,Theo-Ben Gurirab,1990,2002,Q654433,Theo-Ben Gurirab
Namibia,565,NAM,2002,Theo-Ben Gurirab,1990,2002,Q654433,Theo-Ben Gurirab
Namibia,565,NAM,2002,Hidipo Hamutenya,2002,2004,Q557014,Hidipo Hamutenya
Namibia,565,NAM,2003,Hidipo Hamutenya,2002,2004,Q557014,Hidipo Hamutenya
Namibia,565,NAM,2004,Marco Hausiku,2004,2010,Q1893781,Marco Hausiku
Namibia,565,NAM,2004,Hidipo Hamutenya,2002,2004,Q557014,Hidipo Hamutenya
Namibia,565,NAM,2005,Marco Hausiku,2004,2010,Q1893781,Marco Hausiku
Namibia,565,NAM,2006,Marco Hausiku,2004,2010,Q1893781,Marco Hausiku
Namibia,565,NAM,2007,Marco Hausiku,2004,2010,Q1893781,Marco Hausiku
Namibia,565,NAM,2008,Marco Hausiku,2004,2010,Q1893781,Marco Hausiku
Namibia,565,NAM,2009,Marco Hausiku,2004,2010,Q1893781,Marco Hausiku
Namibia,565,NAM,2010,Utoni Nujoma,2010,2012,Q58304,Utoni Nujoma
Namibia,565,NAM,2010,Marco Hausiku,2004,2010,Q1893781,Marco Hausiku
Namibia,565,NAM,2011,Utoni Nujoma,2010,2012,Q58304,Utoni Nujoma
Namibia,565,NAM,2012,Utoni Nujoma,2010,2012,Q58304,Utoni Nujoma
Namibia,565,NAM,2012,Netumbo Nandi-Ndaitwah,2012,2019,Q527020,Netumbo Nandi-Ndaitwah
Namibia,565,NAM,2013,Netumbo Nandi-Ndaitwah,2012,2019,Q527020,Netumbo Nandi-Ndaitwah
Namibia,565,NAM,2014,Netumbo Nandi-Ndaitwah,2012,2019,Q527020,Netumbo Nandi-Ndaitwah
Namibia,565,NAM,2015,Netumbo Nandi-Ndaitwah,2012,2019,Q527020,Netumbo Nandi-Ndaitwah
Namibia,565,NAM,2016,Netumbo Nandi-Ndaitwah,2012,2019,Q527020,Netumbo Nandi-Ndaitwah
Namibia,565,NAM,2017,Netumbo Nandi-Ndaitwah,2012,2019,Q527020,Netumbo Nandi-Ndaitwah
Namibia,565,NAM,2018,Netumbo Nandi-Ndaitwah,2012,2019,Q527020,Netumbo Nandi-Ndaitwah
Namibia,565,NAM,2019,Netumbo Nandi-Ndaitwah,2012,2019,Q527020,Netumbo Nandi-Ndaitwah
Nauru,970,NRU,1968,the presidents,1968,2004,,
Nauru,970,NRU,1969,the presidents,1968,2004,,
Nauru,970,NRU,1970,the presidents,1968,2004,,
Nauru,970,NRU,1971,the presidents,1968,2004,,
Nauru,970,NRU,1972,the presidents,1968,2004,,
Nauru,970,NRU,1973,the presidents,1968,2004,,
Nauru,970,NRU,1974,the presidents,1968,2004,,
Nauru,970,NRU,1975,the presidents,1968,2004,,
Nauru,970,NRU,1976,the presidents,1968,2004,,
Nauru,970,NRU,1977,the presidents,1968,2004,,
Nauru,970,NRU,1978,the presidents,1968,2004,,
Nauru,970,NRU,1979,the presidents,1968,2004,,
Nauru,970,NRU,1980,the presidents,1968,2004,,
Nauru,970,NRU,1981,the presidents,1968,2004,,
Nauru,970,NRU,1982,the presidents,1968,2004,,
Nauru,970,NRU,1983,the presidents,1968,2004,,
Nauru,970,NRU,1984,the presidents,1968,2004,,
Nauru,970,NRU,1985,the presidents,1968,2004,,
Nauru,970,NRU,1986,the presidents,1968,2004,,
Nauru,970,NRU,1987,the presidents,1968,2004,,
Nauru,970,NRU,1988,the presidents,1968,2004,,
Nauru,970,NRU,1989,the presidents,1968,2004,,
Nauru,970,NRU,1990,the presidents,1968,2004,,
Nauru,970,NRU,1991,the presidents,1968,2004,,
Nauru,970,NRU,1992,the presidents,1968,2004,,
Nauru,970,NRU,1993,the presidents,1968,2004,,
Nauru,970,NRU,1994,the presidents,1968,2004,,
Nauru,970,NRU,1995,the presidents,1968,2004,,
Nauru,970,NRU,1996,the presidents,1968,2004,,
Nauru,970,NRU,1997,the presidents,1968,2004,,
Nauru,970,NRU,1998,the presidents,1968,2004,,
Nauru,970,NRU,1999,the presidents,1968,2004,,
Nauru,970,NRU,2000,the presidents,1968,2004,,
Nauru,970,NRU,2001,the presidents,1968,2004,,
Nauru,970,NRU,2002,the presidents,1968,2004,,
Nauru,970,NRU,2003,the presidents,1968,2004,,
Nauru,970,NRU,2004,the presidents,1968,2004,,
Nauru,970,NRU,2004,David Adeang,2004,2007,Q58096,David Adeang
Nauru,970,NRU,2005,David Adeang,2004,2007,Q58096,David Adeang
Nauru,970,NRU,2006,David Adeang,2004,2007,Q58096,David Adeang
Nauru,970,NRU,2007,Kieren Keke,2007,2011,Q1391207,Kieren Keke
Nauru,970,NRU,2007,David Adeang,2004,2007,Q58096,David Adeang
Nauru,970,NRU,2008,Kieren Keke,2007,2011,Q1391207,Kieren Keke
Nauru,970,NRU,2009,Kieren Keke,2007,2011,Q1391207,Kieren Keke
Nauru,970,NRU,2010,Kieren Keke,2007,2011,Q1391207,Kieren Keke
Nauru,970,NRU,2011,Mathew Batsiua,2011,2011,Q3298531,Mathew Batsiua
Nauru,970,NRU,2011,Kieren Keke,2007,2011,Q1391207,Kieren Keke
Nauru,970,NRU,2011,Sprent Dabwido,2011,2012,Q57543,Sprent Dabwido
Nauru,970,NRU,2012,Kieren Keke,2012,2013,Q1391207,Kieren Keke
Nauru,970,NRU,2012,Sprent Dabwido,2011,2012,Q57543,Sprent Dabwido
Nauru,970,NRU,2013,Kieren Keke,2012,2013,Q1391207,Kieren Keke
Nauru,970,NRU,2013,Sprent Dabwido,2013,2013,Q57543,Sprent Dabwido
Nauru,970,NRU,2013,Roland Kun,2013,2013,Q2162897,Roland Kun
Nauru,970,NRU,2013,Baron Waqa,2013,2019,Q563297,Baron Waqa
Nauru,970,NRU,2014,Baron Waqa,2013,2019,Q563297,Baron Waqa
Nauru,970,NRU,2015,Baron Waqa,2013,2019,Q563297,Baron Waqa
Nauru,970,NRU,2016,Baron Waqa,2013,2019,Q563297,Baron Waqa
Nauru,970,NRU,2017,Baron Waqa,2013,2019,Q563297,Baron Waqa
Nauru,970,NRU,2018,Baron Waqa,2013,2019,Q563297,Baron Waqa
Nauru,970,NRU,2019,Baron Waqa,2013,2019,Q563297,Baron Waqa
Nepal,790,NPL,1948,Mohan Shamsher Jang Bahadur Rana,1948,1951,Q2268114,Mohan Shamsher Jang Bahadur Rana
Nepal,790,NPL,1949,Mohan Shamsher Jang Bahadur Rana,1948,1951,Q2268114,Mohan Shamsher Jang Bahadur Rana
Nepal,790,NPL,1950,Mohan Shamsher Jang Bahadur Rana,1948,1951,Q2268114,Mohan Shamsher Jang Bahadur Rana
Nepal,790,NPL,1951,Mohan Shamsher Jang Bahadur Rana,1948,1951,Q2268114,Mohan Shamsher Jang Bahadur Rana
Nepal,790,NPL,1951,Matrika Prasad Koirala,1951,1952,Q1398637,Matrika Prasad Koirala
Nepal,790,NPL,1952,Matrika Prasad Koirala,1951,1952,Q1398637,Matrika Prasad Koirala
Nepal,790,NPL,1952,Khadga Man Singh,1952,1953,,
Nepal,790,NPL,1953,Matrika Prasad Koirala,1953,1954,Q1398637,Matrika Prasad Koirala
Nepal,790,NPL,1953,Khadga Man Singh,1952,1953,,
Nepal,790,NPL,1954,Matrika Prasad Koirala,1953,1954,Q1398637,Matrika Prasad Koirala
Nepal,790,NPL,1954,Dilli Raman Regmi,1954,1955,Q5276892,Dilli Raman Regmi
Nepal,790,NPL,1955,Dilli Raman Regmi,1954,1955,Q5276892,Dilli Raman Regmi
Nepal,790,NPL,1955,Sovag Jung Thapa,1955,1956,,
Nepal,790,NPL,1956,Chuda Prasad Sharma,1956,1957,,
Nepal,790,NPL,1956,Sovag Jung Thapa,1955,1956,,
Nepal,790,NPL,1957,Kunwar Indrajit Singh,1957,1957,Q2268118,
Nepal,790,NPL,1957,Chuda Prasad Sharma,1956,1957,,
Nepal,790,NPL,1958,Purendra Bikram Shah,1958,1959,Q98768400,
Nepal,790,NPL,1959,Purendra Bikram Shah,1958,1959,Q98768400,
Nepal,790,NPL,1959,Bishweshwar Prasad Koirala,1959,1960,Q560515,
Nepal,790,NPL,1960,Tulsi Giri,1960,1962,Q2510568,Tulsi Giri
Nepal,790,NPL,1960,Bishweshwar Prasad Koirala,1959,1960,Q560515,
Nepal,790,NPL,1961,Tulsi Giri,1960,1962,Q2510568,Tulsi Giri
Nepal,790,NPL,1962,Tulsi Giri,1962,1963,Q2510568,Tulsi Giri
Nepal,790,NPL,1962,Rishikesh Shaha,1962,1962,Q7336057,Rishikesh Shaha
Nepal,790,NPL,1962,Tulsi Giri,1960,1962,Q2510568,Tulsi Giri
Nepal,790,NPL,1963,Tulsi Giri,1962,1963,Q2510568,Tulsi Giri
Nepal,790,NPL,1963,Kirti Nidhi Bista,1963,1968,Q2267879,Kirti Nidhi Bista
Nepal,790,NPL,1964,Kirti Nidhi Bista,1963,1968,Q2267879,Kirti Nidhi Bista
Nepal,790,NPL,1965,Kirti Nidhi Bista,1963,1968,Q2267879,Kirti Nidhi Bista
Nepal,790,NPL,1966,Kirti Nidhi Bista,1963,1968,Q2267879,Kirti Nidhi Bista
Nepal,790,NPL,1967,Kirti Nidhi Bista,1963,1968,Q2267879,Kirti Nidhi Bista
Nepal,790,NPL,1968,Kirti Nidhi Bista,1963,1968,Q2267879,Kirti Nidhi Bista
Nepal,790,NPL,1968,Gehendra Bahadur Rajbhandari,1968,1971,Q740352,Gehendra Bahadur Rajbhandari
Nepal,790,NPL,1969,Gehendra Bahadur Rajbhandari,1968,1971,Q740352,Gehendra Bahadur Rajbhandari
Nepal,790,NPL,1970,Gehendra Bahadur Rajbhandari,1968,1971,Q740352,Gehendra Bahadur Rajbhandari
Nepal,790,NPL,1971,Gehendra Bahadur Rajbhandari,1968,1971,Q740352,Gehendra Bahadur Rajbhandari
Nepal,790,NPL,1971,Kirti Nidhi Bista,1971,1972,Q2267879,Kirti Nidhi Bista
Nepal,790,NPL,1972,Gyanendra Bahadur Karki,1972,1975,Q30300972,Gyanendra Bahadur Karki
Nepal,790,NPL,1972,Kirti Nidhi Bista,1971,1972,Q2267879,Kirti Nidhi Bista
Nepal,790,NPL,1973,Gyanendra Bahadur Karki,1972,1975,Q30300972,Gyanendra Bahadur Karki
Nepal,790,NPL,1974,Gyanendra Bahadur Karki,1972,1975,Q30300972,Gyanendra Bahadur Karki
Nepal,790,NPL,1975,Gyanendra Bahadur Karki,1972,1975,Q30300972,Gyanendra Bahadur Karki
Nepal,790,NPL,1975,Krishna Raj Aryal,1975,1979,,
Nepal,790,NPL,1976,Krishna Raj Aryal,1975,1979,,
Nepal,790,NPL,1977,Krishna Raj Aryal,1975,1979,,
Nepal,790,NPL,1978,Krishna Raj Aryal,1975,1979,,
Nepal,790,NPL,1979,K.B. Shahi,1979,1981,,
Nepal,790,NPL,1979,Krishna Raj Aryal,1975,1979,,
Nepal,790,NPL,1979,Kirti Nidhi Bista,1979,1979,Q2267879,Kirti Nidhi Bista
Nepal,790,NPL,1980,K.B. Shahi,1979,1981,,
Nepal,790,NPL,1981,Surya Bahadur Thapa,1981,1982,Q983444,Surya Bahadur Thapa
Nepal,790,NPL,1981,K.B. Shahi,1979,1981,,
Nepal,790,NPL,1982,Surya Bahadur Thapa,1981,1982,Q983444,Surya Bahadur Thapa
Nepal,790,NPL,1982,Padma Bahadur Khatri,1982,1985,Q33128868,Padma Bahadur Khatri
Nepal,790,NPL,1983,Padma Bahadur Khatri,1982,1985,Q33128868,Padma Bahadur Khatri
Nepal,790,NPL,1984,Padma Bahadur Khatri,1982,1985,Q33128868,Padma Bahadur Khatri
Nepal,790,NPL,1985,Ranadhir Subba,1985,1986,,
Nepal,790,NPL,1985,Padma Bahadur Khatri,1982,1985,Q33128868,Padma Bahadur Khatri
Nepal,790,NPL,1986,Ranadhir Subba,1985,1986,,
Nepal,790,NPL,1986,Shailendra Kumar Upadhyaya,1986,1990,Q978732,Shailendra Kumar Upadhyaya
Nepal,790,NPL,1987,Shailendra Kumar Upadhyaya,1986,1990,Q978732,Shailendra Kumar Upadhyaya
Nepal,790,NPL,1988,Shailendra Kumar Upadhyaya,1986,1990,Q978732,Shailendra Kumar Upadhyaya
Nepal,790,NPL,1989,Shailendra Kumar Upadhyaya,1986,1990,Q978732,Shailendra Kumar Upadhyaya
Nepal,790,NPL,1990,Pashupati Shamsher Jang Bahadur Rana,1990,1990,Q3896957,Pashupati Shamsher Jang Bahadur Rana
Nepal,790,NPL,1990,Hari Bahadur Basnet,1990,1990,Q5657099,Hari Bahadur Basnet
Nepal,790,NPL,1990,Shailendra Kumar Upadhyaya,1986,1990,Q978732,Shailendra Kumar Upadhyaya
Nepal,790,NPL,1990,Krishna Prasad Bhattarai,1990,1991,Q380145,Krishna Prasad Bhattarai
Nepal,790,NPL,1991,Krishna Prasad Bhattarai,1990,1991,Q380145,Krishna Prasad Bhattarai
Nepal,790,NPL,1991,Girija Prasad Koirala,1991,1994,Q220991,Girija Prasad Koirala
Nepal,790,NPL,1992,Girija Prasad Koirala,1991,1994,Q220991,Girija Prasad Koirala
Nepal,790,NPL,1993,Girija Prasad Koirala,1991,1994,Q220991,Girija Prasad Koirala
Nepal,790,NPL,1994,Madhav Kumar Nepal,1994,1995,Q332509,Madhav Kumar Nepal
Nepal,790,NPL,1994,Girija Prasad Koirala,1991,1994,Q220991,Girija Prasad Koirala
Nepal,790,NPL,1995,Madhav Kumar Nepal,1994,1995,Q332509,Madhav Kumar Nepal
Nepal,790,NPL,1995,Prakash Chandra Lohani,1995,1997,Q7238170,Prakash Chandra Lohani
Nepal,790,NPL,1996,Prakash Chandra Lohani,1995,1997,Q7238170,Prakash Chandra Lohani
Nepal,790,NPL,1997,Prakash Chandra Lohani,1997,1997,Q7238170,Prakash Chandra Lohani
Nepal,790,NPL,1997,Rabindra Nath Sharma,1997,1997,Q7278752,Rabindra Nath Sharma
Nepal,790,NPL,1997,Kamal Thapa,1997,1998,Q6355538,Kamal Thapa
Nepal,790,NPL,1997,Prakash Chandra Lohani,1995,1997,Q7238170,Prakash Chandra Lohani
Nepal,790,NPL,1998,Kamal Thapa,1997,1998,Q6355538,Kamal Thapa
Nepal,790,NPL,1998,Girija Prasad Koirala,1998,1999,Q220991,Girija Prasad Koirala
Nepal,790,NPL,1999,Krishna Prasad Bhattarai,1999,1999,Q380145,Krishna Prasad Bhattarai
Nepal,790,NPL,1999,Ram Sharan Mahat,1999,2000,Q13181551,
Nepal,790,NPL,1999,Girija Prasad Koirala,1998,1999,Q220991,Girija Prasad Koirala
Nepal,790,NPL,2000,Chakra Bastola,2000,2001,,
Nepal,790,NPL,2000,Ram Sharan Mahat,1999,2000,Q13181551,
Nepal,790,NPL,2001,Sher Bahadur Deuba,2001,2002,Q470903,Sher Bahadur Deuba
Nepal,790,NPL,2001,Chakra Bastola,2000,2001,,
Nepal,790,NPL,2002,Sher Bahadur Deuba,2001,2002,Q470903,Sher Bahadur Deuba
Nepal,790,NPL,2002,Narendra Bikram Shah,2002,2003,,
Nepal,790,NPL,2003,Narendra Bikram Shah,2002,2003,,
Nepal,790,NPL,2003,Surya Bahadur Thapa,2003,2004,Q983444,Surya Bahadur Thapa
Nepal,790,NPL,2004,Bhekh Bahadur Thapa,2004,2004,Q19682086,
Nepal,790,NPL,2004,Surya Bahadur Thapa,2003,2004,Q983444,Surya Bahadur Thapa
Nepal,790,NPL,2004,Sher Bahadur Deuba,2004,2005,Q470903,Sher Bahadur Deuba
Nepal,790,NPL,2005,Ramesh Nath Pandey,2005,2006,,
Nepal,790,NPL,2005,Sher Bahadur Deuba,2004,2005,Q470903,Sher Bahadur Deuba
Nepal,790,NPL,2006,K.P. Sharma Oli,2006,2007,Q3195923,
Nepal,790,NPL,2006,Ramesh Nath Pandey,2005,2006,,
Nepal,790,NPL,2007,K.P. Sharma Oli,2006,2007,Q3195923,
Nepal,790,NPL,2007,Sahana Pradhan,2007,2008,Q577100,Sahana Pradhan
Nepal,790,NPL,2008,Sahana Pradhan,2007,2008,Q577100,Sahana Pradhan
Nepal,790,NPL,2008,Upendra Yadav,2008,2009,Q3109312,Upendra Yadav
Nepal,790,NPL,2009,Sujata Koirala,2009,2011,Q58299,Sujata Koirala
Nepal,790,NPL,2009,Upendra Yadav,2008,2009,Q3109312,Upendra Yadav
Nepal,790,NPL,2010,Sujata Koirala,2009,2011,Q58299,Sujata Koirala
Nepal,790,NPL,2011,Sujata Koirala,2009,2011,Q58299,Sujata Koirala
Nepal,790,NPL,2011,Upendra Yadav,2011,2011,Q3109312,Upendra Yadav
Nepal,790,NPL,2011,Narayan Kaji Shrestha,2011,2012,Q947445,Narayan Kaji Shrestha
Nepal,790,NPL,2012,Narayan Kaji Shrestha,2012,2013,Q947445,Narayan Kaji Shrestha
Nepal,790,NPL,2012,Narayan Kaji Shrestha,2011,2012,Q947445,Narayan Kaji Shrestha
Nepal,790,NPL,2012,Ishwor Pokhrel,2012,2012,Q16866447,
Nepal,790,NPL,2013,Madhav Prasad Ghimire,2013,2014,,
Nepal,790,NPL,2013,Narayan Kaji Shrestha,2012,2013,Q947445,Narayan Kaji Shrestha
Nepal,790,NPL,2014,Mahendra Pandey,2014,2015,Q17386508,
Nepal,790,NPL,2014,Madhav Prasad Ghimire,2013,2014,,
Nepal,790,NPL,2015,Kamal Thapa,2015,2016,Q6355538,Kamal Thapa
Nepal,790,NPL,2015,Mahendra Pandey,2014,2015,Q17386508,
Nepal,790,NPL,2016,Kamal Thapa,2015,2016,Q6355538,Kamal Thapa
Nepal,790,NPL,2016,Prakash Sharan Mahat,2016,2017,Q27916210,Prakash Sharan Mahat
Nepal,790,NPL,2017,Krishna Bahadur Mahara,2017,2017,Q1779490,Krishna Bahadur Mahara
Nepal,790,NPL,2017,Prakash Sharan Mahat,2016,2017,Q27916210,Prakash Sharan Mahat
Nepal,790,NPL,2017,Sher Bahadur Deuba,2017,2018,Q470903,Sher Bahadur Deuba
Nepal,790,NPL,2018,Pradeep Gyawali,2018,2019,Q7237474,
Nepal,790,NPL,2018,Sher Bahadur Deuba,2017,2018,Q470903,Sher Bahadur Deuba
Nepal,790,NPL,2019,Pradeep Gyawali,2018,2019,Q7237474,
Netherlands,210,NLD,1948,Dirk Uipko Stikker,1948,1952,Q194654,Dirk Uipko Stikker
Netherlands,210,NLD,1949,Dirk Uipko Stikker,1948,1952,Q194654,Dirk Uipko Stikker
Netherlands,210,NLD,1950,Dirk Uipko Stikker,1948,1952,Q194654,Dirk Uipko Stikker
Netherlands,210,NLD,1951,Dirk Uipko Stikker,1948,1952,Q194654,Dirk Uipko Stikker
Netherlands,210,NLD,1952,Dirk Uipko Stikker,1948,1952,Q194654,Dirk Uipko Stikker
Netherlands,210,NLD,1952,Johan Willem Beyen,1952,1956,Q697276,Johan Willem Beyen
Netherlands,210,NLD,1953,Johan Willem Beyen,1952,1956,Q697276,Johan Willem Beyen
Netherlands,210,NLD,1954,Johan Willem Beyen,1952,1956,Q697276,Johan Willem Beyen
Netherlands,210,NLD,1955,Johan Willem Beyen,1952,1956,Q697276,Johan Willem Beyen
Netherlands,210,NLD,1956,Johan Willem Beyen,1952,1956,Q697276,Johan Willem Beyen
Netherlands,210,NLD,1956,Joseph Luns,1956,1971,Q553882,Joseph Luns
Netherlands,210,NLD,1957,Joseph Luns,1956,1971,Q553882,Joseph Luns
Netherlands,210,NLD,1958,Joseph Luns,1956,1971,Q553882,Joseph Luns
Netherlands,210,NLD,1959,Joseph Luns,1956,1971,Q553882,Joseph Luns
Netherlands,210,NLD,1960,Joseph Luns,1956,1971,Q553882,Joseph Luns
Netherlands,210,NLD,1961,Joseph Luns,1956,1971,Q553882,Joseph Luns
Netherlands,210,NLD,1962,Joseph Luns,1956,1971,Q553882,Joseph Luns
Netherlands,210,NLD,1963,Joseph Luns,1956,1971,Q553882,Joseph Luns
Netherlands,210,NLD,1964,Joseph Luns,1956,1971,Q553882,Joseph Luns
Netherlands,210,NLD,1965,Joseph Luns,1956,1971,Q553882,Joseph Luns
Netherlands,210,NLD,1966,Joseph Luns,1956,1971,Q553882,Joseph Luns
Netherlands,210,NLD,1967,Joseph Luns,1956,1971,Q553882,Joseph Luns
Netherlands,210,NLD,1968,Joseph Luns,1956,1971,Q553882,Joseph Luns
Netherlands,210,NLD,1969,Joseph Luns,1956,1971,Q553882,Joseph Luns
Netherlands,210,NLD,1970,Joseph Luns,1956,1971,Q553882,Joseph Luns
Netherlands,210,NLD,1971,Joseph Luns,1956,1971,Q553882,Joseph Luns
Netherlands,210,NLD,1971,Norbert Schmelzer,1971,1973,Q472249,Norbert Schmelzer
Netherlands,210,NLD,1972,Norbert Schmelzer,1971,1973,Q472249,Norbert Schmelzer
Netherlands,210,NLD,1973,Max van der Stoel,1973,1977,Q773635,Max van der Stoel
Netherlands,210,NLD,1973,Norbert Schmelzer,1971,1973,Q472249,Norbert Schmelzer
Netherlands,210,NLD,1974,Max van der Stoel,1973,1977,Q773635,Max van der Stoel
Netherlands,210,NLD,1975,Max van der Stoel,1973,1977,Q773635,Max van der Stoel
Netherlands,210,NLD,1976,Max van der Stoel,1973,1977,Q773635,Max van der Stoel
Netherlands,210,NLD,1977,Max van der Stoel,1973,1977,Q773635,Max van der Stoel
Netherlands,210,NLD,1977,Chris van der Klaauw,1977,1981,Q1077899,Chris van der Klaauw
Netherlands,210,NLD,1978,Chris van der Klaauw,1977,1981,Q1077899,Chris van der Klaauw
Netherlands,210,NLD,1979,Chris van der Klaauw,1977,1981,Q1077899,Chris van der Klaauw
Netherlands,210,NLD,1980,Chris van der Klaauw,1977,1981,Q1077899,Chris van der Klaauw
Netherlands,210,NLD,1981,Chris van der Klaauw,1977,1981,Q1077899,Chris van der Klaauw
Netherlands,210,NLD,1981,Max van der Stoel,1981,1982,Q773635,Max van der Stoel
Netherlands,210,NLD,1982,Andreas van Agt,1982,1982,Q318334,
Netherlands,210,NLD,1982,Max van der Stoel,1981,1982,Q773635,Max van der Stoel
Netherlands,210,NLD,1982,Hans van den Broek,1982,1993,Q712105,Hans van den Broek
Netherlands,210,NLD,1983,Hans van den Broek,1982,1993,Q712105,Hans van den Broek
Netherlands,210,NLD,1984,Hans van den Broek,1982,1993,Q712105,Hans van den Broek
Netherlands,210,NLD,1985,Hans van den Broek,1982,1993,Q712105,Hans van den Broek
Netherlands,210,NLD,1986,Hans van den Broek,1982,1993,Q712105,Hans van den Broek
Netherlands,210,NLD,1987,Hans van den Broek,1982,1993,Q712105,Hans van den Broek
Netherlands,210,NLD,1988,Hans van den Broek,1982,1993,Q712105,Hans van den Broek
Netherlands,210,NLD,1989,Hans van den Broek,1982,1993,Q712105,Hans van den Broek
Netherlands,210,NLD,1990,Hans van den Broek,1982,1993,Q712105,Hans van den Broek
Netherlands,210,NLD,1991,Hans van den Broek,1982,1993,Q712105,Hans van den Broek
Netherlands,210,NLD,1992,Hans van den Broek,1982,1993,Q712105,Hans van den Broek
Netherlands,210,NLD,1993,Pieter Kooijmans,1993,1994,Q481465,Pieter Kooijmans
Netherlands,210,NLD,1993,Hans van den Broek,1982,1993,Q712105,Hans van den Broek
Netherlands,210,NLD,1994,Pieter Kooijmans,1993,1994,Q481465,Pieter Kooijmans
Netherlands,210,NLD,1994,Hans van Mierlo,1994,1998,Q288771,Hans van Mierlo
Netherlands,210,NLD,1995,Hans van Mierlo,1994,1998,Q288771,Hans van Mierlo
Netherlands,210,NLD,1996,Hans van Mierlo,1994,1998,Q288771,Hans van Mierlo
Netherlands,210,NLD,1997,Hans van Mierlo,1994,1998,Q288771,Hans van Mierlo
Netherlands,210,NLD,1998,Jozias van Aartsen,1998,2002,Q1366279,Jozias van Aartsen
Netherlands,210,NLD,1998,Hans van Mierlo,1994,1998,Q288771,Hans van Mierlo
Netherlands,210,NLD,1999,Jozias van Aartsen,1998,2002,Q1366279,Jozias van Aartsen
Netherlands,210,NLD,2000,Jozias van Aartsen,1998,2002,Q1366279,Jozias van Aartsen
Netherlands,210,NLD,2001,Jozias van Aartsen,1998,2002,Q1366279,Jozias van Aartsen
Netherlands,210,NLD,2002,Jaap de Hoop Scheffer,2002,2003,Q273812,Jaap de Hoop Scheffer
Netherlands,210,NLD,2002,Jozias van Aartsen,1998,2002,Q1366279,Jozias van Aartsen
Netherlands,210,NLD,2003,Jaap de Hoop Scheffer,2002,2003,Q273812,Jaap de Hoop Scheffer
Netherlands,210,NLD,2003,Ben Bot,2003,2007,Q816446,Ben Bot
Netherlands,210,NLD,2004,Ben Bot,2003,2007,Q816446,Ben Bot
Netherlands,210,NLD,2005,Ben Bot,2003,2007,Q816446,Ben Bot
Netherlands,210,NLD,2006,Ben Bot,2003,2007,Q816446,Ben Bot
Netherlands,210,NLD,2007,Maxime Verhagen,2007,2010,Q554116,Maxime Verhagen
Netherlands,210,NLD,2007,Ben Bot,2003,2007,Q816446,Ben Bot
Netherlands,210,NLD,2008,Maxime Verhagen,2007,2010,Q554116,Maxime Verhagen
Netherlands,210,NLD,2009,Maxime Verhagen,2007,2010,Q554116,Maxime Verhagen
Netherlands,210,NLD,2010,Maxime Verhagen,2007,2010,Q554116,Maxime Verhagen
Netherlands,210,NLD,2010,Uri Rosenthal,2010,2012,Q58115,Uri Rosenthal
Netherlands,210,NLD,2011,Uri Rosenthal,2010,2012,Q58115,Uri Rosenthal
Netherlands,210,NLD,2012,Frans Timmermans,2012,2014,Q32681,Frans Timmermans
Netherlands,210,NLD,2012,Uri Rosenthal,2010,2012,Q58115,Uri Rosenthal
Netherlands,210,NLD,2013,Frans Timmermans,2012,2014,Q32681,Frans Timmermans
Netherlands,210,NLD,2014,Frans Timmermans,2012,2014,Q32681,Frans Timmermans
Netherlands,210,NLD,2014,Bert Koenders,2014,2017,Q3023616,Bert Koenders
Netherlands,210,NLD,2015,Bert Koenders,2014,2017,Q3023616,Bert Koenders
Netherlands,210,NLD,2016,Bert Koenders,2014,2017,Q3023616,Bert Koenders
Netherlands,210,NLD,2017,Bert Koenders,2014,2017,Q3023616,Bert Koenders
Netherlands,210,NLD,2017,Halbe Zijlstra,2017,2018,Q1375236,Halbe Zijlstra
Netherlands,210,NLD,2018,Halbe Zijlstra,2017,2018,Q1375236,Halbe Zijlstra
Netherlands,210,NLD,2018,Stef Blok,2018,2019,Q2858481,Stef Blok
Netherlands,210,NLD,2018,Sigrid Kaag,2018,2018,Q15077856,Sigrid Kaag
Netherlands,210,NLD,2019,Stef Blok,2018,2019,Q2858481,Stef Blok
Netherlands Antilles,68,ANT,2004,Etienne Ys,2004,2006,Q2805147,Etienne Ys
Netherlands Antilles,68,ANT,2005,Etienne Ys,2004,2006,Q2805147,Etienne Ys
Netherlands Antilles,68,ANT,2006,Emily de Jongh-Elhage,2006,2010,Q463431,Emily de Jongh-Elhage
Netherlands Antilles,68,ANT,2006,Etienne Ys,2004,2006,Q2805147,Etienne Ys
Netherlands Antilles,68,ANT,2007,Emily de Jongh-Elhage,2006,2010,Q463431,Emily de Jongh-Elhage
Netherlands Antilles,68,ANT,2008,Emily de Jongh-Elhage,2006,2010,Q463431,Emily de Jongh-Elhage
Netherlands Antilles,68,ANT,2009,Emily de Jongh-Elhage,2006,2010,Q463431,Emily de Jongh-Elhage
Netherlands Antilles,68,ANT,2010,Emily de Jongh-Elhage,2006,2010,Q463431,Emily de Jongh-Elhage
New Zealand,920,NZL,1949,Frederick Widdowson Doidge,1949,1951,Q1452846,Frederick Widdowson Doidge
New Zealand,920,NZL,1950,Frederick Widdowson Doidge,1949,1951,Q1452846,Frederick Widdowson Doidge
New Zealand,920,NZL,1951,Thomas Clifton Webb,1951,1954,Q958022,Thomas Clifton Webb
New Zealand,920,NZL,1951,Frederick Widdowson Doidge,1949,1951,Q1452846,Frederick Widdowson Doidge
New Zealand,920,NZL,1952,Thomas Clifton Webb,1951,1954,Q958022,Thomas Clifton Webb
New Zealand,920,NZL,1953,Thomas Clifton Webb,1951,1954,Q958022,Thomas Clifton Webb
New Zealand,920,NZL,1954,Thomas Clifton Webb,1951,1954,Q958022,Thomas Clifton Webb
New Zealand,920,NZL,1954,Thomas Lachlan Macdonald,1954,1957,Q984322,
New Zealand,920,NZL,1955,Thomas Lachlan Macdonald,1954,1957,Q984322,
New Zealand,920,NZL,1956,Thomas Lachlan Macdonald,1954,1957,Q984322,
New Zealand,920,NZL,1957,Walter Nash,1957,1960,Q721770,Walter Nash
New Zealand,920,NZL,1957,Thomas Lachlan Macdonald,1954,1957,Q984322,
New Zealand,920,NZL,1958,Walter Nash,1957,1960,Q721770,Walter Nash
New Zealand,920,NZL,1959,Walter Nash,1957,1960,Q721770,Walter Nash
New Zealand,920,NZL,1960,Walter Nash,1957,1960,Q721770,Walter Nash
New Zealand,920,NZL,1960,Keith Jacka Holyoake,1960,1972,Q637012,Keith Jacka Holyoake
New Zealand,920,NZL,1961,Keith Jacka Holyoake,1960,1972,Q637012,Keith Jacka Holyoake
New Zealand,920,NZL,1962,Keith Jacka Holyoake,1960,1972,Q637012,Keith Jacka Holyoake
New Zealand,920,NZL,1963,Keith Jacka Holyoake,1960,1972,Q637012,Keith Jacka Holyoake
New Zealand,920,NZL,1964,Keith Jacka Holyoake,1960,1972,Q637012,Keith Jacka Holyoake
New Zealand,920,NZL,1965,Keith Jacka Holyoake,1960,1972,Q637012,Keith Jacka Holyoake
New Zealand,920,NZL,1966,Keith Jacka Holyoake,1960,1972,Q637012,Keith Jacka Holyoake
New Zealand,920,NZL,1967,Keith Jacka Holyoake,1960,1972,Q637012,Keith Jacka Holyoake
New Zealand,920,NZL,1968,Keith Jacka Holyoake,1960,1972,Q637012,Keith Jacka Holyoake
New Zealand,920,NZL,1969,Keith Jacka Holyoake,1960,1972,Q637012,Keith Jacka Holyoake
New Zealand,920,NZL,1970,Keith Jacka Holyoake,1960,1972,Q637012,Keith Jacka Holyoake
New Zealand,920,NZL,1971,Keith Jacka Holyoake,1960,1972,Q637012,Keith Jacka Holyoake
New Zealand,920,NZL,1972,Keith Jacka Holyoake,1960,1972,Q637012,Keith Jacka Holyoake
New Zealand,920,NZL,1972,Norman Eric Kirk,1972,1974,Q1237120,
New Zealand,920,NZL,1973,Norman Eric Kirk,1972,1974,Q1237120,
New Zealand,920,NZL,1974,Wallace Edward Rowling,1974,1975,Q862430,Wallace Edward Rowling
New Zealand,920,NZL,1974,Joseph Albert Walding,1974,1974,Q4476097,Joseph Albert Walding
New Zealand,920,NZL,1974,Norman Eric Kirk,1972,1974,Q1237120,
New Zealand,920,NZL,1975,Brian Talboys,1975,1981,Q461383,Brian Talboys
New Zealand,920,NZL,1975,Wallace Edward Rowling,1974,1975,Q862430,Wallace Edward Rowling
New Zealand,920,NZL,1976,Brian Talboys,1975,1981,Q461383,Brian Talboys
New Zealand,920,NZL,1977,Brian Talboys,1975,1981,Q461383,Brian Talboys
New Zealand,920,NZL,1978,Brian Talboys,1975,1981,Q461383,Brian Talboys
New Zealand,920,NZL,1979,Brian Talboys,1975,1981,Q461383,Brian Talboys
New Zealand,920,NZL,1980,Brian Talboys,1975,1981,Q461383,Brian Talboys
New Zealand,920,NZL,1981,Warren Cooper,1981,1984,Q2549675,Warren Cooper
New Zealand,920,NZL,1981,Brian Talboys,1975,1981,Q461383,Brian Talboys
New Zealand,920,NZL,1982,Warren Cooper,1981,1984,Q2549675,Warren Cooper
New Zealand,920,NZL,1983,Warren Cooper,1981,1984,Q2549675,Warren Cooper
New Zealand,920,NZL,1984,Warren Cooper,1981,1984,Q2549675,Warren Cooper
New Zealand,920,NZL,1984,David Lange,1984,1987,Q367589,David Lange
New Zealand,920,NZL,1985,David Lange,1984,1987,Q367589,David Lange
New Zealand,920,NZL,1986,David Lange,1984,1987,Q367589,David Lange
New Zealand,920,NZL,1987,David Lange,1984,1987,Q367589,David Lange
New Zealand,920,NZL,1987,Russell Marshall,1987,1990,Q2176939,Russell Marshall
New Zealand,920,NZL,1988,Russell Marshall,1987,1990,Q2176939,Russell Marshall
New Zealand,920,NZL,1989,Russell Marshall,1987,1990,Q2176939,Russell Marshall
New Zealand,920,NZL,1990,Mike Moore,1990,1990,Q558647,Mike Moore
New Zealand,920,NZL,1990,Don McKinnon,1990,1999,Q599938,Don McKinnon
New Zealand,920,NZL,1990,Russell Marshall,1987,1990,Q2176939,Russell Marshall
New Zealand,920,NZL,1991,Don McKinnon,1990,1999,Q599938,Don McKinnon
New Zealand,920,NZL,1992,Don McKinnon,1990,1999,Q599938,Don McKinnon
New Zealand,920,NZL,1993,Don McKinnon,1990,1999,Q599938,Don McKinnon
New Zealand,920,NZL,1994,Don McKinnon,1990,1999,Q599938,Don McKinnon
New Zealand,920,NZL,1995,Don McKinnon,1990,1999,Q599938,Don McKinnon
New Zealand,920,NZL,1996,Don McKinnon,1990,1999,Q599938,Don McKinnon
New Zealand,920,NZL,1997,Don McKinnon,1990,1999,Q599938,Don McKinnon
New Zealand,920,NZL,1998,Don McKinnon,1990,1999,Q599938,Don McKinnon
New Zealand,920,NZL,1999,Phil Goff,1999,2005,Q597909,Phil Goff
New Zealand,920,NZL,1999,Don McKinnon,1990,1999,Q599938,Don McKinnon
New Zealand,920,NZL,2000,Phil Goff,1999,2005,Q597909,Phil Goff
New Zealand,920,NZL,2001,Phil Goff,1999,2005,Q597909,Phil Goff
New Zealand,920,NZL,2002,Phil Goff,1999,2005,Q597909,Phil Goff
New Zealand,920,NZL,2003,Phil Goff,1999,2005,Q597909,Phil Goff
New Zealand,920,NZL,2004,Phil Goff,1999,2005,Q597909,Phil Goff
New Zealand,920,NZL,2005,Winston Peters,2005,2008,Q1396178,Winston Peters
New Zealand,920,NZL,2005,Phil Goff,1999,2005,Q597909,Phil Goff
New Zealand,920,NZL,2006,Winston Peters,2005,2008,Q1396178,Winston Peters
New Zealand,920,NZL,2007,Winston Peters,2005,2008,Q1396178,Winston Peters
New Zealand,920,NZL,2008,Helen Clark,2008,2008,Q180383,Helen Clark
New Zealand,920,NZL,2008,Murray McCully,2008,2017,Q58291,Murray McCully
New Zealand,920,NZL,2008,Winston Peters,2005,2008,Q1396178,Winston Peters
New Zealand,920,NZL,2009,Murray McCully,2008,2017,Q58291,Murray McCully
New Zealand,920,NZL,2010,Murray McCully,2008,2017,Q58291,Murray McCully
New Zealand,920,NZL,2011,Murray McCully,2008,2017,Q58291,Murray McCully
New Zealand,920,NZL,2012,Murray McCully,2008,2017,Q58291,Murray McCully
New Zealand,920,NZL,2013,Murray McCully,2008,2017,Q58291,Murray McCully
New Zealand,920,NZL,2014,Murray McCully,2008,2017,Q58291,Murray McCully
New Zealand,920,NZL,2015,Murray McCully,2008,2017,Q58291,Murray McCully
New Zealand,920,NZL,2016,Murray McCully,2008,2017,Q58291,Murray McCully
New Zealand,920,NZL,2017,Murray McCully,2008,2017,Q58291,Murray McCully
New Zealand,920,NZL,2017,Winston Peters,2017,2019,Q1396178,Winston Peters
New Zealand,920,NZL,2017,Gerry Brownlee,2017,2017,Q4352603,Gerry Brownlee
New Zealand,920,NZL,2018,Winston Peters,2017,2019,Q1396178,Winston Peters
New Zealand,920,NZL,2019,Winston Peters,2017,2019,Q1396178,Winston Peters
Nicaragua,93,NIC,1949,Óscar Sevilla Sacasa,1949,1956,,
Nicaragua,93,NIC,1950,Óscar Sevilla Sacasa,1949,1956,,
Nicaragua,93,NIC,1951,Óscar Sevilla Sacasa,1949,1956,,
Nicaragua,93,NIC,1952,Óscar Sevilla Sacasa,1949,1956,,
Nicaragua,93,NIC,1953,Óscar Sevilla Sacasa,1949,1956,,
Nicaragua,93,NIC,1954,Óscar Sevilla Sacasa,1949,1956,,
Nicaragua,93,NIC,1955,Óscar Sevilla Sacasa,1949,1956,,
Nicaragua,93,NIC,1956,Óscar Sevilla Sacasa,1949,1956,,
Nicaragua,93,NIC,1957,Alejandro Montiel,1957,1961,Q4302159,
Nicaragua,93,NIC,1958,Alejandro Montiel,1957,1961,Q4302159,
Nicaragua,93,NIC,1959,Alejandro Montiel,1957,1961,Q4302159,
Nicaragua,93,NIC,1960,Alejandro Montiel,1957,1961,Q4302159,
Nicaragua,93,NIC,1961,René Schick Gutiérrez,1961,1962,Q182848,René Schick Gutiérrez
Nicaragua,93,NIC,1961,Alejandro Montiel,1957,1961,Q4302159,
Nicaragua,93,NIC,1962,Alfonso Ortega Urbina,1962,1967,Q18275212,Alfonso Ortega Urbina
Nicaragua,93,NIC,1962,René Schick Gutiérrez,1961,1962,Q182848,René Schick Gutiérrez
Nicaragua,93,NIC,1963,Alfonso Ortega Urbina,1962,1967,Q18275212,Alfonso Ortega Urbina
Nicaragua,93,NIC,1964,Alfonso Ortega Urbina,1962,1967,Q18275212,Alfonso Ortega Urbina
Nicaragua,93,NIC,1965,Alfonso Ortega Urbina,1962,1967,Q18275212,Alfonso Ortega Urbina
Nicaragua,93,NIC,1966,Alfonso Ortega Urbina,1962,1967,Q18275212,Alfonso Ortega Urbina
Nicaragua,93,NIC,1967,Lorenzo Guerrero Gutiérrez,1967,1972,Q888703,
Nicaragua,93,NIC,1967,Alfonso Ortega Urbina,1962,1967,Q18275212,Alfonso Ortega Urbina
Nicaragua,93,NIC,1968,Lorenzo Guerrero Gutiérrez,1967,1972,Q888703,
Nicaragua,93,NIC,1969,Lorenzo Guerrero Gutiérrez,1967,1972,Q888703,
Nicaragua,93,NIC,1970,Lorenzo Guerrero Gutiérrez,1967,1972,Q888703,
Nicaragua,93,NIC,1971,Lorenzo Guerrero Gutiérrez,1967,1972,Q888703,
Nicaragua,93,NIC,1972,Lorenzo Guerrero Gutiérrez,1967,1972,Q888703,
Nicaragua,93,NIC,1972,Alejandro Montiel,1972,1977,Q4302159,
Nicaragua,93,NIC,1973,Alejandro Montiel,1972,1977,Q4302159,
Nicaragua,93,NIC,1974,Alejandro Montiel,1972,1977,Q4302159,
Nicaragua,93,NIC,1975,Alejandro Montiel,1972,1977,Q4302159,
Nicaragua,93,NIC,1976,Alejandro Montiel,1972,1977,Q4302159,
Nicaragua,93,NIC,1977,Alejandro Montiel,1972,1977,Q4302159,
Nicaragua,93,NIC,1977,Julio C. Quintana Villanueva,1977,1979,,
Nicaragua,93,NIC,1978,Julio C. Quintana Villanueva,1977,1979,,
Nicaragua,93,NIC,1979,Julio C. Quintana Villanueva,1977,1979,,
Nicaragua,93,NIC,1979,Miguel D'Escoto Brockmann,1979,1990,Q113935,
Nicaragua,93,NIC,1979,Harry Bodán Shields,1979,1979,,
Nicaragua,93,NIC,1980,Miguel D'Escoto Brockmann,1979,1990,Q113935,
Nicaragua,93,NIC,1981,Miguel D'Escoto Brockmann,1979,1990,Q113935,
Nicaragua,93,NIC,1982,Miguel D'Escoto Brockmann,1979,1990,Q113935,
Nicaragua,93,NIC,1983,Miguel D'Escoto Brockmann,1979,1990,Q113935,
Nicaragua,93,NIC,1984,Miguel D'Escoto Brockmann,1979,1990,Q113935,
Nicaragua,93,NIC,1985,Miguel D'Escoto Brockmann,1979,1990,Q113935,
Nicaragua,93,NIC,1986,Miguel D'Escoto Brockmann,1979,1990,Q113935,
Nicaragua,93,NIC,1987,Miguel D'Escoto Brockmann,1979,1990,Q113935,
Nicaragua,93,NIC,1988,Miguel D'Escoto Brockmann,1979,1990,Q113935,
Nicaragua,93,NIC,1989,Miguel D'Escoto Brockmann,1979,1990,Q113935,
Nicaragua,93,NIC,1990,Enrique Dreyfus,1990,1992,,
Nicaragua,93,NIC,1990,Miguel D'Escoto Brockmann,1979,1990,Q113935,
Nicaragua,93,NIC,1991,Enrique Dreyfus,1990,1992,,
Nicaragua,93,NIC,1992,Enrique Dreyfus,1990,1992,,
Nicaragua,93,NIC,1992,Ernesto Leal,1992,1997,,
Nicaragua,93,NIC,1993,Ernesto Leal,1992,1997,,
Nicaragua,93,NIC,1994,Ernesto Leal,1992,1997,,
Nicaragua,93,NIC,1995,Ernesto Leal,1992,1997,,
Nicaragua,93,NIC,1996,Ernesto Leal,1992,1997,,
Nicaragua,93,NIC,1997,Ernesto Leal,1992,1997,,
Nicaragua,93,NIC,1997,Emilio Álvarez Montalván,1997,1998,Q5371978,Emilio Álvarez Montalván
Nicaragua,93,NIC,1998,Eduardo Montealegre,1998,2000,Q3048361,Eduardo Montealegre
Nicaragua,93,NIC,1998,Emilio Álvarez Montalván,1997,1998,Q5371978,Emilio Álvarez Montalván
Nicaragua,93,NIC,1999,Eduardo Montealegre,1998,2000,Q3048361,Eduardo Montealegre
Nicaragua,93,NIC,2000,Francisco Aguirre Sacasa,2000,2002,,
Nicaragua,93,NIC,2000,José Adán Guerra Pastora,2000,2000,,
Nicaragua,93,NIC,2000,Eduardo Montealegre,1998,2000,Q3048361,Eduardo Montealegre
Nicaragua,93,NIC,2001,Francisco Aguirre Sacasa,2000,2002,,
Nicaragua,93,NIC,2002,Norman José Caldera Cardenal,2002,2007,,
Nicaragua,93,NIC,2002,Francisco Aguirre Sacasa,2000,2002,,
Nicaragua,93,NIC,2003,Norman José Caldera Cardenal,2002,2007,,
Nicaragua,93,NIC,2004,Norman José Caldera Cardenal,2002,2007,,
Nicaragua,93,NIC,2005,Norman José Caldera Cardenal,2002,2007,,
Nicaragua,93,NIC,2006,Norman José Caldera Cardenal,2002,2007,,
Nicaragua,93,NIC,2007,Samuel Santos,2007,2017,Q58262,
Nicaragua,93,NIC,2007,Norman José Caldera Cardenal,2002,2007,,
Nicaragua,93,NIC,2008,Samuel Santos,2007,2017,Q58262,
Nicaragua,93,NIC,2009,Samuel Santos,2007,2017,Q58262,
Nicaragua,93,NIC,2010,Samuel Santos,2007,2017,Q58262,
Nicaragua,93,NIC,2011,Samuel Santos,2007,2017,Q58262,
Nicaragua,93,NIC,2012,Samuel Santos,2007,2017,Q58262,
Nicaragua,93,NIC,2013,Samuel Santos,2007,2017,Q58262,
Nicaragua,93,NIC,2014,Samuel Santos,2007,2017,Q58262,
Nicaragua,93,NIC,2015,Samuel Santos,2007,2017,Q58262,
Nicaragua,93,NIC,2016,Samuel Santos,2007,2017,Q58262,
Nicaragua,93,NIC,2017,Samuel Santos,2007,2017,Q58262,
Nicaragua,93,NIC,2017,Denis Moncada,2017,2019,Q28381212,Denis Moncada
Nicaragua,93,NIC,2018,Denis Moncada,2017,2019,Q28381212,Denis Moncada
Nicaragua,93,NIC,2019,Denis Moncada,2017,2019,Q28381212,Denis Moncada
Niger,436,NER,1958,Hamani Diori,1958,1963,Q314355,
Niger,436,NER,1959,Hamani Diori,1958,1963,Q314355,
Niger,436,NER,1960,Hamani Diori,1958,1963,Q314355,
Niger,436,NER,1961,Hamani Diori,1958,1963,Q314355,
Niger,436,NER,1962,Hamani Diori,1958,1963,Q314355,
Niger,436,NER,1963,Adamou Mayaki,1963,1965,Q351662,Adamou Mayaki
Niger,436,NER,1963,Hamani Diori,1958,1963,Q314355,
Niger,436,NER,1964,Adamou Mayaki,1963,1965,Q351662,Adamou Mayaki
Niger,436,NER,1965,Adamou Mayaki,1963,1965,Q351662,Adamou Mayaki
Niger,436,NER,1965,Hamani Diori,1965,1967,Q314355,
Niger,436,NER,1966,Hamani Diori,1965,1967,Q314355,
Niger,436,NER,1967,Abdou Sidikou,1967,1970,Q4665149,Abdou Sidikou
Niger,436,NER,1967,Hamani Diori,1965,1967,Q314355,
Niger,436,NER,1968,Abdou Sidikou,1967,1970,Q4665149,Abdou Sidikou
Niger,436,NER,1969,Abdou Sidikou,1967,1970,Q4665149,Abdou Sidikou
Niger,436,NER,1970,Barcourgné Courmo,1970,1970,Q132293,Barcourgné Courmo
Niger,436,NER,1970,Abdou Sidikou,1967,1970,Q4665149,Abdou Sidikou
Niger,436,NER,1970,Mamadou Maidah,1970,1972,Q1888412,Mamadou Maidah
Niger,436,NER,1971,Mamadou Maidah,1970,1972,Q1888412,Mamadou Maidah
Niger,436,NER,1972,Mamadou Maidah,1970,1972,Q1888412,Mamadou Maidah
Niger,436,NER,1972,Boukary Sabo,1972,1974,Q895031,Boukary Sabo
Niger,436,NER,1973,Boukary Sabo,1972,1974,Q895031,Boukary Sabo
Niger,436,NER,1974,Boukary Sabo,1972,1974,Q895031,Boukary Sabo
Niger,436,NER,1974,Moumouni Adamou Djermakoye,1974,1979,Q2755794,Moumouni Adamou Djermakoye
Niger,436,NER,1975,Moumouni Adamou Djermakoye,1974,1979,Q2755794,Moumouni Adamou Djermakoye
Niger,436,NER,1976,Moumouni Adamou Djermakoye,1974,1979,Q2755794,Moumouni Adamou Djermakoye
Niger,436,NER,1977,Moumouni Adamou Djermakoye,1974,1979,Q2755794,Moumouni Adamou Djermakoye
Niger,436,NER,1978,Moumouni Adamou Djermakoye,1974,1979,Q2755794,Moumouni Adamou Djermakoye
Niger,436,NER,1979,Moumouni Adamou Djermakoye,1974,1979,Q2755794,Moumouni Adamou Djermakoye
Niger,436,NER,1979,Daouda Diallo,1979,1983,Q26858531,Daouda Diallo
Niger,436,NER,1980,Daouda Diallo,1979,1983,Q26858531,Daouda Diallo
Niger,436,NER,1981,Daouda Diallo,1979,1983,Q26858531,Daouda Diallo
Niger,436,NER,1982,Daouda Diallo,1979,1983,Q26858531,Daouda Diallo
Niger,436,NER,1983,Ide Oumarou,1983,1985,Q4021998,Ide Oumarou
Niger,436,NER,1983,Daouda Diallo,1979,1983,Q26858531,Daouda Diallo
Niger,436,NER,1984,Ide Oumarou,1983,1985,Q4021998,Ide Oumarou
Niger,436,NER,1985,Ide Oumarou,1983,1985,Q4021998,Ide Oumarou
Niger,436,NER,1985,Mahamane Sani Bako,1985,1988,Q26868343,Mahamane Sani Bako
Niger,436,NER,1986,Mahamane Sani Bako,1985,1988,Q26868343,Mahamane Sani Bako
Niger,436,NER,1987,Mahamane Sani Bako,1985,1988,Q26868343,Mahamane Sani Bako
Niger,436,NER,1988,Mahamane Sani Bako,1985,1988,Q26868343,Mahamane Sani Bako
Niger,436,NER,1988,Allele Elhadj Habibou,1988,1989,Q41074316,
Niger,436,NER,1989,Mahamane Sani Bako,1989,1991,Q26868343,Mahamane Sani Bako
Niger,436,NER,1989,Allele Elhadj Habibou,1988,1989,Q41074316,
Niger,436,NER,1990,Mahamane Sani Bako,1989,1991,Q26868343,Mahamane Sani Bako
Niger,436,NER,1991,Mahamane Sani Bako,1989,1991,Q26868343,Mahamane Sani Bako
Niger,436,NER,1991,Hassane Hamidou,1991,1993,,
Niger,436,NER,1992,Hassane Hamidou,1991,1993,,
Niger,436,NER,1993,Abdourahmane Hama,1993,1995,,
Niger,436,NER,1993,Hassane Hamidou,1991,1993,,
Niger,436,NER,1994,Abdourahmane Hama,1993,1995,,
Niger,436,NER,1995,Mohamed Bazoum,1995,1996,Q3318398,Mohamed Bazoum
Niger,436,NER,1995,Abdourahmane Hama,1993,1995,,
Niger,436,NER,1996,Ibrahim Assane Mayaki,1996,1997,Q761823,Ibrahim Assane Mayaki
Niger,436,NER,1996,Mohamed Bazoum,1995,1996,Q3318398,Mohamed Bazoum
Niger,436,NER,1996,André Salifou,1996,1996,Q4760057,André Salifou
Niger,436,NER,1997,Maman Sambo Sidikou,1997,1999,Q6745419,Maman Sambo Sidikou
Niger,436,NER,1997,Ibrahim Assane Mayaki,1996,1997,Q761823,Ibrahim Assane Mayaki
Niger,436,NER,1998,Maman Sambo Sidikou,1997,1999,Q6745419,Maman Sambo Sidikou
Niger,436,NER,1999,Aïchatou Mindaoudou,1999,2000,Q2876218,Aïchatou Mindaoudou
Niger,436,NER,1999,Maman Sambo Sidikou,1997,1999,Q6745419,Maman Sambo Sidikou
Niger,436,NER,2000,Nassirou Sabo,2000,2001,Q6967677,Nassirou Sabo
Niger,436,NER,2000,Aïchatou Mindaoudou,1999,2000,Q2876218,Aïchatou Mindaoudou
Niger,436,NER,2001,Nassirou Sabo,2000,2001,Q6967677,Nassirou Sabo
Niger,436,NER,2001,Aïchatou Mindaoudou,2001,2010,Q2876218,Aïchatou Mindaoudou
Niger,436,NER,2002,Aïchatou Mindaoudou,2001,2010,Q2876218,Aïchatou Mindaoudou
Niger,436,NER,2003,Aïchatou Mindaoudou,2001,2010,Q2876218,Aïchatou Mindaoudou
Niger,436,NER,2004,Aïchatou Mindaoudou,2001,2010,Q2876218,Aïchatou Mindaoudou
Niger,436,NER,2005,Aïchatou Mindaoudou,2001,2010,Q2876218,Aïchatou Mindaoudou
Niger,436,NER,2006,Aïchatou Mindaoudou,2001,2010,Q2876218,Aïchatou Mindaoudou
Niger,436,NER,2007,Aïchatou Mindaoudou,2001,2010,Q2876218,Aïchatou Mindaoudou
Niger,436,NER,2008,Aïchatou Mindaoudou,2001,2010,Q2876218,Aïchatou Mindaoudou
Niger,436,NER,2009,Aïchatou Mindaoudou,2001,2010,Q2876218,Aïchatou Mindaoudou
Niger,436,NER,2010,Aïchatou Mindaoudou,2001,2010,Q2876218,Aïchatou Mindaoudou
Niger,436,NER,2010,Touré Aminatou Maiga,2010,2011,Q2843402,
Niger,436,NER,2011,Mohamed Bazoum,2011,2015,Q3318398,Mohamed Bazoum
Niger,436,NER,2011,Touré Aminatou Maiga,2010,2011,Q2843402,
Niger,436,NER,2012,Mohamed Bazoum,2011,2015,Q3318398,Mohamed Bazoum
Niger,436,NER,2013,Mohamed Bazoum,2011,2015,Q3318398,Mohamed Bazoum
Niger,436,NER,2014,Mohamed Bazoum,2011,2015,Q3318398,Mohamed Bazoum
Niger,436,NER,2015,Mohamed Bazoum,2011,2015,Q3318398,Mohamed Bazoum
Niger,436,NER,2015,Aïchatou Kané Boulama,2015,2016,Q794630,
Niger,436,NER,2016,Ibrahim Yacouba,2016,2018,Q15819843,Ibrahim Yacouba
Niger,436,NER,2016,Aïchatou Kané Boulama,2015,2016,Q794630,
Niger,436,NER,2017,Ibrahim Yacouba,2016,2018,Q15819843,Ibrahim Yacouba
Niger,436,NER,2018,Ibrahim Yacouba,2016,2018,Q15819843,Ibrahim Yacouba
Niger,436,NER,2018,Kalla Ankourao,2018,2019,Q6353461,Kalla Ankourao
Niger,436,NER,2019,Kalla Ankourao,2018,2019,Q6353461,Kalla Ankourao
Nigeria,475,NGA,1960,Sir Abubakar Tafawa Balewa,1960,1961,Q335684,
Nigeria,475,NGA,1961,Jaja Anucha Wachuku,1961,1965,Q548710,
Nigeria,475,NGA,1961,Sir Abubakar Tafawa Balewa,1960,1961,Q335684,
Nigeria,475,NGA,1962,Jaja Anucha Wachuku,1961,1965,Q548710,
Nigeria,475,NGA,1963,Jaja Anucha Wachuku,1961,1965,Q548710,
Nigeria,475,NGA,1964,Jaja Anucha Wachuku,1961,1965,Q548710,
Nigeria,475,NGA,1965,Jaja Anucha Wachuku,1961,1965,Q548710,
Nigeria,475,NGA,1965,Nuhu Bamali,1965,1966,Q7068796,
Nigeria,475,NGA,1965,Sir Abubakar Tafawa Balewa,1965,1965,Q335684,
Nigeria,475,NGA,1966,Yakubu Gowon,1966,1967,Q354695,Yakubu Gowon
Nigeria,475,NGA,1966,Edwin Ogebe Ogbu,1966,1966,,
Nigeria,475,NGA,1966,Nuhu Bamali,1965,1966,Q7068796,
Nigeria,475,NGA,1967,Yakubu Gowon,1966,1967,Q354695,Yakubu Gowon
Nigeria,475,NGA,1967,Okoi Arikpo,1967,1975,Q4069242,
Nigeria,475,NGA,1968,Okoi Arikpo,1967,1975,Q4069242,
Nigeria,475,NGA,1969,Okoi Arikpo,1967,1975,Q4069242,
Nigeria,475,NGA,1970,Okoi Arikpo,1967,1975,Q4069242,
Nigeria,475,NGA,1971,Okoi Arikpo,1967,1975,Q4069242,
Nigeria,475,NGA,1972,Okoi Arikpo,1967,1975,Q4069242,
Nigeria,475,NGA,1973,Okoi Arikpo,1967,1975,Q4069242,
Nigeria,475,NGA,1974,Okoi Arikpo,1967,1975,Q4069242,
Nigeria,475,NGA,1975,Okoi Arikpo,1967,1975,Q4069242,
Nigeria,475,NGA,1975,Joseph Nanven Garba,1975,1978,Q282519,Joseph Nanven Garba
Nigeria,475,NGA,1976,Joseph Nanven Garba,1975,1978,Q282519,Joseph Nanven Garba
Nigeria,475,NGA,1977,Joseph Nanven Garba,1975,1978,Q282519,Joseph Nanven Garba
Nigeria,475,NGA,1978,Henry Adefope,1978,1979,Q546873,Henry Adefope
Nigeria,475,NGA,1978,Joseph Nanven Garba,1975,1978,Q282519,Joseph Nanven Garba
Nigeria,475,NGA,1979,Henry Adefope,1978,1979,Q546873,Henry Adefope
Nigeria,475,NGA,1979,Ishaya Audu,1979,1983,Q4072400,Ishaya Audu
Nigeria,475,NGA,1980,Ishaya Audu,1979,1983,Q4072400,Ishaya Audu
Nigeria,475,NGA,1981,Ishaya Audu,1979,1983,Q4072400,Ishaya Audu
Nigeria,475,NGA,1982,Ishaya Audu,1979,1983,Q4072400,Ishaya Audu
Nigeria,475,NGA,1983,Ishaya Audu,1979,1983,Q4072400,Ishaya Audu
Nigeria,475,NGA,1983,Emeka Anyaoku,1983,1983,Q959577,Emeka Anyaoku
Nigeria,475,NGA,1984,Ibrahim Gambari,1984,1985,Q953167,Ibrahim Gambari
Nigeria,475,NGA,1985,Bolaji Akinyemi,1985,1987,Q4938894,Bolaji Akinyemi
Nigeria,475,NGA,1985,Ibrahim Gambari,1984,1985,Q953167,Ibrahim Gambari
Nigeria,475,NGA,1986,Bolaji Akinyemi,1985,1987,Q4938894,Bolaji Akinyemi
Nigeria,475,NGA,1987,Bolaji Akinyemi,1985,1987,Q4938894,Bolaji Akinyemi
Nigeria,475,NGA,1987,Ike Nwachukwu,1987,1989,Q3381247,Ike Nwachukwu
Nigeria,475,NGA,1988,Ike Nwachukwu,1987,1989,Q3381247,Ike Nwachukwu
Nigeria,475,NGA,1989,Ike Nwachukwu,1987,1989,Q3381247,Ike Nwachukwu
Nigeria,475,NGA,1989,Rilwanu Lukman,1989,1990,Q7334311,Rilwanu Lukman
Nigeria,475,NGA,1990,Rilwanu Lukman,1989,1990,Q7334311,Rilwanu Lukman
Nigeria,475,NGA,1990,Ike Nwachukwu,1990,1993,Q3381247,Ike Nwachukwu
Nigeria,475,NGA,1991,Ike Nwachukwu,1990,1993,Q3381247,Ike Nwachukwu
Nigeria,475,NGA,1992,Ike Nwachukwu,1990,1993,Q3381247,Ike Nwachukwu
Nigeria,475,NGA,1993,Ike Nwachukwu,1990,1993,Q3381247,Ike Nwachukwu
Nigeria,475,NGA,1993,Matthew Mbu,1993,1993,Q255422,Matthew Mbu
Nigeria,475,NGA,1993,Babagana Kingibe,1993,1995,Q4837296,Babagana Kingibe
Nigeria,475,NGA,1994,Babagana Kingibe,1993,1995,Q4837296,Babagana Kingibe
Nigeria,475,NGA,1995,Babagana Kingibe,1993,1995,Q4837296,Babagana Kingibe
Nigeria,475,NGA,1995,Tom Ikimi,1995,1998,Q7816294,Tom Ikimi
Nigeria,475,NGA,1996,Tom Ikimi,1995,1998,Q7816294,Tom Ikimi
Nigeria,475,NGA,1997,Tom Ikimi,1995,1998,Q7816294,Tom Ikimi
Nigeria,475,NGA,1998,Tom Ikimi,1995,1998,Q7816294,Tom Ikimi
Nigeria,475,NGA,1998,Ignatius C. Olisemeka,1998,1999,Q5992790,
Nigeria,475,NGA,1999,Sule Lamido,1999,2003,Q3041557,Sule Lamido
Nigeria,475,NGA,1999,Ignatius C. Olisemeka,1998,1999,Q5992790,
Nigeria,475,NGA,2000,Sule Lamido,1999,2003,Q3041557,Sule Lamido
Nigeria,475,NGA,2001,Sule Lamido,1999,2003,Q3041557,Sule Lamido
Nigeria,475,NGA,2002,Sule Lamido,1999,2003,Q3041557,Sule Lamido
Nigeria,475,NGA,2003,Oluyemi Adeniji,2003,2006,Q7088880,Oluyemi Adeniji
Nigeria,475,NGA,2003,Sule Lamido,1999,2003,Q3041557,Sule Lamido
Nigeria,475,NGA,2004,Oluyemi Adeniji,2003,2006,Q7088880,Oluyemi Adeniji
Nigeria,475,NGA,2005,Oluyemi Adeniji,2003,2006,Q7088880,Oluyemi Adeniji
Nigeria,475,NGA,2006,Joy Ogwu,2006,2007,Q3187207,Joy Ogwu
Nigeria,475,NGA,2006,Ngozi Okonjo-Iweala,2006,2006,Q289350,Ngozi Okonjo-Iweala
Nigeria,475,NGA,2006,Oluyemi Adeniji,2003,2006,Q7088880,Oluyemi Adeniji
Nigeria,475,NGA,2007,Joy Ogwu,2006,2007,Q3187207,Joy Ogwu
Nigeria,475,NGA,2007,Ojo Maduekwe,2007,2010,Q3349989,Ojo Maduekwe
Nigeria,475,NGA,2008,Ojo Maduekwe,2007,2010,Q3349989,Ojo Maduekwe
Nigeria,475,NGA,2009,Ojo Maduekwe,2007,2010,Q3349989,Ojo Maduekwe
Nigeria,475,NGA,2010,Martin Uhomoibhi,2010,2010,Q6775749,
Nigeria,475,NGA,2010,Odein Ajumogobia,2010,2011,Q2014261,
Nigeria,475,NGA,2010,Ojo Maduekwe,2007,2010,Q3349989,Ojo Maduekwe
Nigeria,475,NGA,2011,Odein Ajumogobia,2010,2011,Q2014261,
Nigeria,475,NGA,2011,Olugbenga Ashiru,2011,2013,Q18604150,Olugbenga Ashiru
Nigeria,475,NGA,2012,Olugbenga Ashiru,2011,2013,Q18604150,Olugbenga Ashiru
Nigeria,475,NGA,2013,Viola Onwuliri,2013,2014,Q22678155,Viola Onwuliri
Nigeria,475,NGA,2013,Olugbenga Ashiru,2011,2013,Q18604150,Olugbenga Ashiru
Nigeria,475,NGA,2014,Viola Onwuliri,2013,2014,Q22678155,Viola Onwuliri
Nigeria,475,NGA,2014,Aminu Wali,2014,2015,Q19834500,
Nigeria,475,NGA,2015,Aminu Wali,2014,2015,Q19834500,
Nigeria,475,NGA,2015,Geoffrey Onyeama,2015,2019,Q21467394,Geoffrey Onyeama
Nigeria,475,NGA,2016,Geoffrey Onyeama,2015,2019,Q21467394,Geoffrey Onyeama
Nigeria,475,NGA,2017,Geoffrey Onyeama,2015,2019,Q21467394,Geoffrey Onyeama
Nigeria,475,NGA,2018,Geoffrey Onyeama,2015,2019,Q21467394,Geoffrey Onyeama
Nigeria,475,NGA,2019,Geoffrey Onyeama,2015,2019,Q21467394,Geoffrey Onyeama
Niue,9253,NIU,1999,Sani Lakatani,1999,2002,Q2424697,Sani Lakatani
Niue,9253,NIU,2000,Sani Lakatani,1999,2002,Q2424697,Sani Lakatani
Niue,9253,NIU,2001,Sani Lakatani,1999,2002,Q2424697,Sani Lakatani
Niue,9253,NIU,2002,Sani Lakatani,1999,2002,Q2424697,Sani Lakatani
Niue,9253,NIU,2002,Young Vivian,2002,2008,Q508830,Young Vivian
Niue,9253,NIU,2003,Young Vivian,2002,2008,Q508830,Young Vivian
Niue,9253,NIU,2004,Young Vivian,2002,2008,Q508830,Young Vivian
Niue,9253,NIU,2005,Young Vivian,2002,2008,Q508830,Young Vivian
Niue,9253,NIU,2006,Young Vivian,2002,2008,Q508830,Young Vivian
Niue,9253,NIU,2007,Young Vivian,2002,2008,Q508830,Young Vivian
Niue,9253,NIU,2008,Young Vivian,2002,2008,Q508830,Young Vivian
Niue,9253,NIU,2008,Toke Talagi,2008,2019,Q785548,Toke Talagi
Niue,9253,NIU,2009,Toke Talagi,2008,2019,Q785548,Toke Talagi
Niue,9253,NIU,2010,Toke Talagi,2008,2019,Q785548,Toke Talagi
Niue,9253,NIU,2011,Toke Talagi,2008,2019,Q785548,Toke Talagi
Niue,9253,NIU,2012,Toke Talagi,2008,2019,Q785548,Toke Talagi
Niue,9253,NIU,2013,Toke Talagi,2008,2019,Q785548,Toke Talagi
Niue,9253,NIU,2014,Toke Talagi,2008,2019,Q785548,Toke Talagi
Niue,9253,NIU,2015,Toke Talagi,2008,2019,Q785548,Toke Talagi
Niue,9253,NIU,2016,Toke Talagi,2008,2019,Q785548,Toke Talagi
Niue,9253,NIU,2017,Toke Talagi,2008,2019,Q785548,Toke Talagi
Niue,9253,NIU,2018,Toke Talagi,2008,2019,Q785548,Toke Talagi
Niue,9253,NIU,2019,Toke Talagi,2008,2019,Q785548,Toke Talagi
North Korea,731,PRK,1948,Pak Hon Yong,1948,1953,Q334297,
North Korea,731,PRK,1949,Pak Hon Yong,1948,1953,Q334297,
North Korea,731,PRK,1950,Pak Hon Yong,1948,1953,Q334297,
North Korea,731,PRK,1951,Pak Hon Yong,1948,1953,Q334297,
North Korea,731,PRK,1952,Pak Hon Yong,1948,1953,Q334297,
North Korea,731,PRK,1953,Nam Il,1953,1959,Q492895,
North Korea,731,PRK,1953,Pak Hon Yong,1948,1953,Q334297,
North Korea,731,PRK,1954,Nam Il,1953,1959,Q492895,
North Korea,731,PRK,1955,Nam Il,1953,1959,Q492895,
North Korea,731,PRK,1956,Nam Il,1953,1959,Q492895,
North Korea,731,PRK,1957,Nam Il,1953,1959,Q492895,
North Korea,731,PRK,1958,Nam Il,1953,1959,Q492895,
North Korea,731,PRK,1959,Nam Il,1953,1959,Q492895,
North Korea,731,PRK,1959,Pak Song Chol,1959,1970,Q494597,
North Korea,731,PRK,1960,Pak Song Chol,1959,1970,Q494597,
North Korea,731,PRK,1961,Pak Song Chol,1959,1970,Q494597,
North Korea,731,PRK,1962,Pak Song Chol,1959,1970,Q494597,
North Korea,731,PRK,1963,Pak Song Chol,1959,1970,Q494597,
North Korea,731,PRK,1964,Pak Song Chol,1959,1970,Q494597,
North Korea,731,PRK,1965,Pak Song Chol,1959,1970,Q494597,
North Korea,731,PRK,1966,Pak Song Chol,1959,1970,Q494597,
North Korea,731,PRK,1967,Pak Song Chol,1959,1970,Q494597,
North Korea,731,PRK,1968,Pak Song Chol,1959,1970,Q494597,
North Korea,731,PRK,1969,Pak Song Chol,1959,1970,Q494597,
North Korea,731,PRK,1970,Ho Dam,1970,1983,Q490822,Ho Dam
North Korea,731,PRK,1970,Pak Song Chol,1959,1970,Q494597,
North Korea,731,PRK,1971,Ho Dam,1970,1983,Q490822,Ho Dam
North Korea,731,PRK,1972,Ho Dam,1970,1983,Q490822,Ho Dam
North Korea,731,PRK,1973,Ho Dam,1970,1983,Q490822,Ho Dam
North Korea,731,PRK,1974,Ho Dam,1970,1983,Q490822,Ho Dam
North Korea,731,PRK,1975,Ho Dam,1970,1983,Q490822,Ho Dam
North Korea,731,PRK,1976,Ho Dam,1970,1983,Q490822,Ho Dam
North Korea,731,PRK,1977,Ho Dam,1970,1983,Q490822,Ho Dam
North Korea,731,PRK,1978,Ho Dam,1970,1983,Q490822,Ho Dam
North Korea,731,PRK,1979,Ho Dam,1970,1983,Q490822,Ho Dam
North Korea,731,PRK,1980,Ho Dam,1970,1983,Q490822,Ho Dam
North Korea,731,PRK,1981,Ho Dam,1970,1983,Q490822,Ho Dam
North Korea,731,PRK,1982,Ho Dam,1970,1983,Q490822,Ho Dam
North Korea,731,PRK,1983,Kim Yong Nam,1983,1998,Q110456,
North Korea,731,PRK,1983,Ho Dam,1970,1983,Q490822,Ho Dam
North Korea,731,PRK,1984,Kim Yong Nam,1983,1998,Q110456,
North Korea,731,PRK,1985,Kim Yong Nam,1983,1998,Q110456,
North Korea,731,PRK,1986,Kim Yong Nam,1983,1998,Q110456,
North Korea,731,PRK,1987,Kim Yong Nam,1983,1998,Q110456,
North Korea,731,PRK,1988,Kim Yong Nam,1983,1998,Q110456,
North Korea,731,PRK,1989,Kim Yong Nam,1983,1998,Q110456,
North Korea,731,PRK,1990,Kim Yong Nam,1983,1998,Q110456,
North Korea,731,PRK,1991,Kim Yong Nam,1983,1998,Q110456,
North Korea,731,PRK,1992,Kim Yong Nam,1983,1998,Q110456,
North Korea,731,PRK,1993,Kim Yong Nam,1983,1998,Q110456,
North Korea,731,PRK,1994,Kim Yong Nam,1983,1998,Q110456,
North Korea,731,PRK,1995,Kim Yong Nam,1983,1998,Q110456,
North Korea,731,PRK,1996,Kim Yong Nam,1983,1998,Q110456,
North Korea,731,PRK,1997,Kim Yong Nam,1983,1998,Q110456,
North Korea,731,PRK,1998,Kim Yong Nam,1983,1998,Q110456,
North Korea,731,PRK,1998,Paek Nam Sun,1998,2007,Q494061,
North Korea,731,PRK,1999,Paek Nam Sun,1998,2007,Q494061,
North Korea,731,PRK,2000,Paek Nam Sun,1998,2007,Q494061,
North Korea,731,PRK,2001,Paek Nam Sun,1998,2007,Q494061,
North Korea,731,PRK,2002,Paek Nam Sun,1998,2007,Q494061,
North Korea,731,PRK,2003,Paek Nam Sun,1998,2007,Q494061,
North Korea,731,PRK,2004,Paek Nam Sun,1998,2007,Q494061,
North Korea,731,PRK,2005,Paek Nam Sun,1998,2007,Q494061,
North Korea,731,PRK,2006,Paek Nam Sun,1998,2007,Q494061,
North Korea,731,PRK,2007,Pak Ui Chun,2007,2014,Q58214,
North Korea,731,PRK,2007,Kang Sok Ju,2007,2007,Q705608,
North Korea,731,PRK,2007,Paek Nam Sun,1998,2007,Q494061,
North Korea,731,PRK,2008,Pak Ui Chun,2007,2014,Q58214,
North Korea,731,PRK,2009,Pak Ui Chun,2007,2014,Q58214,
North Korea,731,PRK,2010,Pak Ui Chun,2007,2014,Q58214,
North Korea,731,PRK,2011,Pak Ui Chun,2007,2014,Q58214,
North Korea,731,PRK,2012,Pak Ui Chun,2007,2014,Q58214,
North Korea,731,PRK,2013,Pak Ui Chun,2007,2014,Q58214,
North Korea,731,PRK,2014,Pak Ui Chun,2007,2014,Q58214,
North Korea,731,PRK,2014,Ri Su Yong,2014,2016,Q9310191,
North Korea,731,PRK,2015,Ri Su Yong,2014,2016,Q9310191,
North Korea,731,PRK,2016,Ri Su Yong,2014,2016,Q9310191,
North Korea,731,PRK,2016,Ri Yong Ho,2016,2019,Q483800,Ri Yong Ho
North Korea,731,PRK,2017,Ri Yong Ho,2016,2019,Q483800,Ri Yong Ho
North Korea,731,PRK,2018,Ri Yong Ho,2016,2019,Q483800,Ri Yong Ho
North Korea,731,PRK,2019,Ri Yong Ho,2016,2019,Q483800,Ri Yong Ho
North Macedonia,343,MKD,1991,Denko Maleski,1991,1993,Q2047789,Denko Maleski
North Macedonia,343,MKD,1992,Denko Maleski,1991,1993,Q2047789,Denko Maleski
North Macedonia,343,MKD,1993,Stevo Crvenkovski,1993,1996,Q2660829,Stevo Crvenkovski
North Macedonia,343,MKD,1993,Denko Maleski,1991,1993,Q2047789,Denko Maleski
North Macedonia,343,MKD,1994,Stevo Crvenkovski,1993,1996,Q2660829,Stevo Crvenkovski
North Macedonia,343,MKD,1995,Stevo Crvenkovski,1993,1996,Q2660829,Stevo Crvenkovski
North Macedonia,343,MKD,1996,Stevo Crvenkovski,1993,1996,Q2660829,Stevo Crvenkovski
North Macedonia,343,MKD,1996,Ljubomir Frckoski,1996,1997,Q1396953,
North Macedonia,343,MKD,1997,Ljubomir Frckoski,1996,1997,Q1396953,
North Macedonia,343,MKD,1997,Blagoj Handziski,1997,1998,,
North Macedonia,343,MKD,1998,Blagoj Handziski,1997,1998,,
North Macedonia,343,MKD,1998,Aleksandar Dimitrov,1998,2000,,
North Macedonia,343,MKD,1999,Aleksandar Dimitrov,1998,2000,,
North Macedonia,343,MKD,2000,Srgjan Kerim,2000,2001,Q690405,Srgjan Kerim
North Macedonia,343,MKD,2000,Aleksandar Dimitrov,1998,2000,,
North Macedonia,343,MKD,2001,Slobodan Casule,2001,2002,Q2047795,Slobodan Casule
North Macedonia,343,MKD,2001,Srgjan Kerim,2000,2001,Q690405,Srgjan Kerim
North Macedonia,343,MKD,2001,Ilinka Mitreva,2001,2001,Q466210,Ilinka Mitreva
North Macedonia,343,MKD,2002,Slobodan Casule,2001,2002,Q2047795,Slobodan Casule
North Macedonia,343,MKD,2002,Ilinka Mitreva,2002,2006,Q466210,Ilinka Mitreva
North Macedonia,343,MKD,2003,Ilinka Mitreva,2002,2006,Q466210,Ilinka Mitreva
North Macedonia,343,MKD,2004,Ilinka Mitreva,2002,2006,Q466210,Ilinka Mitreva
North Macedonia,343,MKD,2005,Ilinka Mitreva,2002,2006,Q466210,Ilinka Mitreva
North Macedonia,343,MKD,2006,Ilinka Mitreva,2002,2006,Q466210,Ilinka Mitreva
North Macedonia,343,MKD,2006,Antonio Milososki,2006,2011,Q603634,
North Macedonia,343,MKD,2007,Antonio Milososki,2006,2011,Q603634,
North Macedonia,343,MKD,2008,Antonio Milososki,2006,2011,Q603634,
North Macedonia,343,MKD,2009,Antonio Milososki,2006,2011,Q603634,
North Macedonia,343,MKD,2010,Antonio Milososki,2006,2011,Q603634,
North Macedonia,343,MKD,2011,Antonio Milososki,2006,2011,Q603634,
North Macedonia,343,MKD,2011,Nikola Poposki,2011,2017,Q58110,Nikola Poposki
North Macedonia,343,MKD,2012,Nikola Poposki,2011,2017,Q58110,Nikola Poposki
North Macedonia,343,MKD,2013,Nikola Poposki,2011,2017,Q58110,Nikola Poposki
North Macedonia,343,MKD,2014,Nikola Poposki,2011,2017,Q58110,Nikola Poposki
North Macedonia,343,MKD,2015,Nikola Poposki,2011,2017,Q58110,Nikola Poposki
North Macedonia,343,MKD,2016,Nikola Poposki,2011,2017,Q58110,Nikola Poposki
North Macedonia,343,MKD,2017,Nikola Poposki,2011,2017,Q58110,Nikola Poposki
North Macedonia,343,MKD,2017,Nikola Dimitrov,2017,2019,Q12288374,Nikola Dimitrov
North Macedonia,343,MKD,2018,Nikola Dimitrov,2017,2019,Q12288374,Nikola Dimitrov
North Macedonia,343,MKD,2019,Nikola Dimitrov,2017,2019,Q12288374,Nikola Dimitrov
North Vietnam,816,VNM,1947,Hoang Minh Giam,1947,1954,Q10768962,Hoang Minh Giam
North Vietnam,816,VNM,1948,Hoang Minh Giam,1947,1954,Q10768962,Hoang Minh Giam
North Vietnam,816,VNM,1949,Hoang Minh Giam,1947,1954,Q10768962,Hoang Minh Giam
North Vietnam,816,VNM,1950,Hoang Minh Giam,1947,1954,Q10768962,Hoang Minh Giam
North Vietnam,816,VNM,1951,Hoang Minh Giam,1947,1954,Q10768962,Hoang Minh Giam
North Vietnam,816,VNM,1952,Hoang Minh Giam,1947,1954,Q10768962,Hoang Minh Giam
North Vietnam,816,VNM,1953,Hoang Minh Giam,1947,1954,Q10768962,Hoang Minh Giam
North Vietnam,816,VNM,1954,Hoang Minh Giam,1947,1954,Q10768962,Hoang Minh Giam
North Vietnam,816,VNM,1954,Pham Van Dong,1954,1961,Q358051,Pham Van Dong
North Vietnam,816,VNM,1955,Pham Van Dong,1954,1961,Q358051,Pham Van Dong
North Vietnam,816,VNM,1956,Pham Van Dong,1954,1961,Q358051,Pham Van Dong
North Vietnam,816,VNM,1957,Pham Van Dong,1954,1961,Q358051,Pham Van Dong
North Vietnam,816,VNM,1958,Pham Van Dong,1954,1961,Q358051,Pham Van Dong
North Vietnam,816,VNM,1959,Pham Van Dong,1954,1961,Q358051,Pham Van Dong
North Vietnam,816,VNM,1960,Pham Van Dong,1954,1961,Q358051,Pham Van Dong
North Vietnam,816,VNM,1961,Pham Van Dong,1954,1961,Q358051,Pham Van Dong
North Vietnam,816,VNM,1961,Ung Van Khiem,1961,1963,,
North Vietnam,816,VNM,1962,Ung Van Khiem,1961,1963,,
North Vietnam,816,VNM,1963,Xuan Thuy,1963,1965,Q1797921,Xuan Thuy
North Vietnam,816,VNM,1963,Ung Van Khiem,1961,1963,,
North Vietnam,816,VNM,1964,Xuan Thuy,1963,1965,Q1797921,Xuan Thuy
North Vietnam,816,VNM,1965,Xuan Thuy,1963,1965,Q1797921,Xuan Thuy
North Vietnam,816,VNM,1965,Nguyen Duy Trinh,1965,1976,Q10799077,
North Vietnam,816,VNM,1966,Nguyen Duy Trinh,1965,1976,Q10799077,
North Vietnam,816,VNM,1967,Nguyen Duy Trinh,1965,1976,Q10799077,
North Vietnam,816,VNM,1968,Nguyen Duy Trinh,1965,1976,Q10799077,
North Vietnam,816,VNM,1969,Nguyen Duy Trinh,1965,1976,Q10799077,
North Vietnam,816,VNM,1970,Nguyen Duy Trinh,1965,1976,Q10799077,
North Vietnam,816,VNM,1971,Nguyen Duy Trinh,1965,1976,Q10799077,
North Vietnam,816,VNM,1972,Nguyen Duy Trinh,1965,1976,Q10799077,
North Vietnam,816,VNM,1973,Nguyen Duy Trinh,1965,1976,Q10799077,
North Vietnam,816,VNM,1974,Nguyen Duy Trinh,1965,1976,Q10799077,
North Vietnam,816,VNM,1975,Nguyen Duy Trinh,1965,1976,Q10799077,
North Vietnam,816,VNM,1976,Nguyen Duy Trinh,1965,1976,Q10799077,
Norway,385,NOR,1946,Halvard Lange,1946,1963,Q562364,Halvard Lange
Norway,385,NOR,1947,Halvard Lange,1946,1963,Q562364,Halvard Lange
Norway,385,NOR,1948,Halvard Lange,1946,1963,Q562364,Halvard Lange
Norway,385,NOR,1949,Halvard Lange,1946,1963,Q562364,Halvard Lange
Norway,385,NOR,1950,Halvard Lange,1946,1963,Q562364,Halvard Lange
Norway,385,NOR,1951,Halvard Lange,1946,1963,Q562364,Halvard Lange
Norway,385,NOR,1952,Halvard Lange,1946,1963,Q562364,Halvard Lange
Norway,385,NOR,1953,Halvard Lange,1946,1963,Q562364,Halvard Lange
Norway,385,NOR,1954,Halvard Lange,1946,1963,Q562364,Halvard Lange
Norway,385,NOR,1955,Halvard Lange,1946,1963,Q562364,Halvard Lange
Norway,385,NOR,1956,Halvard Lange,1946,1963,Q562364,Halvard Lange
Norway,385,NOR,1957,Halvard Lange,1946,1963,Q562364,Halvard Lange
Norway,385,NOR,1958,Halvard Lange,1946,1963,Q562364,Halvard Lange
Norway,385,NOR,1959,Halvard Lange,1946,1963,Q562364,Halvard Lange
Norway,385,NOR,1960,Halvard Lange,1946,1963,Q562364,Halvard Lange
Norway,385,NOR,1961,Halvard Lange,1946,1963,Q562364,Halvard Lange
Norway,385,NOR,1962,Halvard Lange,1946,1963,Q562364,Halvard Lange
Norway,385,NOR,1963,Erling Wikborg,1963,1963,Q547960,Erling Wikborg
Norway,385,NOR,1963,Halvard Lange,1946,1963,Q562364,Halvard Lange
Norway,385,NOR,1963,Halvard Lange,1963,1965,Q562364,Halvard Lange
Norway,385,NOR,1964,Halvard Lange,1963,1965,Q562364,Halvard Lange
Norway,385,NOR,1965,John Lyng,1965,1970,Q337301,John Lyng
Norway,385,NOR,1965,Halvard Lange,1963,1965,Q562364,Halvard Lange
Norway,385,NOR,1966,John Lyng,1965,1970,Q337301,John Lyng
Norway,385,NOR,1967,John Lyng,1965,1970,Q337301,John Lyng
Norway,385,NOR,1968,John Lyng,1965,1970,Q337301,John Lyng
Norway,385,NOR,1969,John Lyng,1965,1970,Q337301,John Lyng
Norway,385,NOR,1970,Svenn Stray,1970,1971,Q683650,Svenn Stray
Norway,385,NOR,1970,John Lyng,1965,1970,Q337301,John Lyng
Norway,385,NOR,1971,Svenn Stray,1970,1971,Q683650,Svenn Stray
Norway,385,NOR,1971,Andreas Cappelen,1971,1972,Q501324,Andreas Cappelen
Norway,385,NOR,1972,Andreas Cappelen,1971,1972,Q501324,Andreas Cappelen
Norway,385,NOR,1972,Dagfinn Vårvik,1972,1973,Q547980,Dagfinn Vårvik
Norway,385,NOR,1973,Dagfinn Vårvik,1972,1973,Q547980,Dagfinn Vårvik
Norway,385,NOR,1973,Knut Frydenlund,1973,1981,Q1350863,Knut Frydenlund
Norway,385,NOR,1974,Knut Frydenlund,1973,1981,Q1350863,Knut Frydenlund
Norway,385,NOR,1975,Knut Frydenlund,1973,1981,Q1350863,Knut Frydenlund
Norway,385,NOR,1976,Knut Frydenlund,1973,1981,Q1350863,Knut Frydenlund
Norway,385,NOR,1977,Knut Frydenlund,1973,1981,Q1350863,Knut Frydenlund
Norway,385,NOR,1978,Knut Frydenlund,1973,1981,Q1350863,Knut Frydenlund
Norway,385,NOR,1979,Knut Frydenlund,1973,1981,Q1350863,Knut Frydenlund
Norway,385,NOR,1980,Knut Frydenlund,1973,1981,Q1350863,Knut Frydenlund
Norway,385,NOR,1981,Knut Frydenlund,1973,1981,Q1350863,Knut Frydenlund
Norway,385,NOR,1981,Svenn Stray,1981,1986,Q683650,Svenn Stray
Norway,385,NOR,1982,Svenn Stray,1981,1986,Q683650,Svenn Stray
Norway,385,NOR,1983,Svenn Stray,1981,1986,Q683650,Svenn Stray
Norway,385,NOR,1984,Svenn Stray,1981,1986,Q683650,Svenn Stray
Norway,385,NOR,1985,Svenn Stray,1981,1986,Q683650,Svenn Stray
Norway,385,NOR,1986,Knut Frydenlund,1986,1987,Q1350863,Knut Frydenlund
Norway,385,NOR,1986,Svenn Stray,1981,1986,Q683650,Svenn Stray
Norway,385,NOR,1987,Knut Frydenlund,1986,1987,Q1350863,Knut Frydenlund
Norway,385,NOR,1987,Thorvald Stoltenberg,1987,1989,Q377977,Thorvald Stoltenberg
Norway,385,NOR,1987,Johan Jørgen Holst,1987,1987,Q1632540,Johan Jørgen Holst
Norway,385,NOR,1988,Thorvald Stoltenberg,1987,1989,Q377977,Thorvald Stoltenberg
Norway,385,NOR,1989,Kjell Magne Bondevik,1989,1990,Q207655,Kjell Magne Bondevik
Norway,385,NOR,1989,Thorvald Stoltenberg,1987,1989,Q377977,Thorvald Stoltenberg
Norway,385,NOR,1990,Kjell Magne Bondevik,1989,1990,Q207655,Kjell Magne Bondevik
Norway,385,NOR,1990,Thorvald Stoltenberg,1990,1993,Q377977,Thorvald Stoltenberg
Norway,385,NOR,1991,Thorvald Stoltenberg,1990,1993,Q377977,Thorvald Stoltenberg
Norway,385,NOR,1992,Thorvald Stoltenberg,1990,1993,Q377977,Thorvald Stoltenberg
Norway,385,NOR,1993,Thorvald Stoltenberg,1990,1993,Q377977,Thorvald Stoltenberg
Norway,385,NOR,1993,Johan Jørgen Holst,1993,1994,Q1632540,Johan Jørgen Holst
Norway,385,NOR,1994,Johan Jørgen Holst,1993,1994,Q1632540,Johan Jørgen Holst
Norway,385,NOR,1994,Bjørn Tore Godal,1994,1997,Q706467,Bjørn Tore Godal
Norway,385,NOR,1995,Bjørn Tore Godal,1994,1997,Q706467,Bjørn Tore Godal
Norway,385,NOR,1996,Bjørn Tore Godal,1994,1997,Q706467,Bjørn Tore Godal
Norway,385,NOR,1997,Bjørn Tore Godal,1994,1997,Q706467,Bjørn Tore Godal
Norway,385,NOR,1997,Knut Vollebæk,1997,2000,Q998489,Knut Vollebæk
Norway,385,NOR,1998,Knut Vollebæk,1997,2000,Q998489,Knut Vollebæk
Norway,385,NOR,1999,Knut Vollebæk,1997,2000,Q998489,Knut Vollebæk
Norway,385,NOR,2000,Knut Vollebæk,1997,2000,Q998489,Knut Vollebæk
Norway,385,NOR,2000,Thorbjørn Jagland,2000,2001,Q209611,Thorbjørn Jagland
Norway,385,NOR,2001,Jan Petersen,2001,2005,Q1351719,Jan Petersen
Norway,385,NOR,2001,Thorbjørn Jagland,2000,2001,Q209611,Thorbjørn Jagland
Norway,385,NOR,2002,Jan Petersen,2001,2005,Q1351719,Jan Petersen
Norway,385,NOR,2003,Jan Petersen,2001,2005,Q1351719,Jan Petersen
Norway,385,NOR,2004,Jan Petersen,2001,2005,Q1351719,Jan Petersen
Norway,385,NOR,2005,Jonas Gahr Støre,2005,2012,Q467948,Jonas Gahr Støre
Norway,385,NOR,2005,Jan Petersen,2001,2005,Q1351719,Jan Petersen
Norway,385,NOR,2006,Jonas Gahr Støre,2005,2012,Q467948,Jonas Gahr Støre
Norway,385,NOR,2007,Jonas Gahr Støre,2005,2012,Q467948,Jonas Gahr Støre
Norway,385,NOR,2008,Jonas Gahr Støre,2005,2012,Q467948,Jonas Gahr Støre
Norway,385,NOR,2009,Jonas Gahr Støre,2005,2012,Q467948,Jonas Gahr Støre
Norway,385,NOR,2010,Jonas Gahr Støre,2005,2012,Q467948,Jonas Gahr Støre
Norway,385,NOR,2011,Jonas Gahr Støre,2005,2012,Q467948,Jonas Gahr Støre
Norway,385,NOR,2012,Jonas Gahr Støre,2005,2012,Q467948,Jonas Gahr Støre
Norway,385,NOR,2012,Espen Barth Eide,2012,2013,Q267320,Espen Barth Eide
Norway,385,NOR,2013,Espen Barth Eide,2012,2013,Q267320,Espen Barth Eide
Norway,385,NOR,2013,Børge Brende,2013,2017,Q706631,Børge Brende
Norway,385,NOR,2014,Børge Brende,2013,2017,Q706631,Børge Brende
Norway,385,NOR,2015,Børge Brende,2013,2017,Q706631,Børge Brende
Norway,385,NOR,2016,Børge Brende,2013,2017,Q706631,Børge Brende
Norway,385,NOR,2017,Børge Brende,2013,2017,Q706631,Børge Brende
Norway,385,NOR,2017,Ine Marie Eriksen Søreide,2017,2019,Q1770992,Ine Marie Eriksen Søreide
Norway,385,NOR,2018,Ine Marie Eriksen Søreide,2017,2019,Q1770992,Ine Marie Eriksen Søreide
Norway,385,NOR,2019,Ine Marie Eriksen Søreide,2017,2019,Q1770992,Ine Marie Eriksen Søreide
Oman,698,OMN,1972,Fahd ibn Mahmud al-Said,1972,1973,Q5429529,
Oman,698,OMN,1973,Qais ibn `Abd al-Munim al-Zawawi,1973,1982,Q7265864,
Oman,698,OMN,1973,Fahd ibn Mahmud al-Said,1972,1973,Q5429529,
Oman,698,OMN,1974,Qais ibn `Abd al-Munim al-Zawawi,1973,1982,Q7265864,
Oman,698,OMN,1975,Qais ibn `Abd al-Munim al-Zawawi,1973,1982,Q7265864,
Oman,698,OMN,1976,Qais ibn `Abd al-Munim al-Zawawi,1973,1982,Q7265864,
Oman,698,OMN,1977,Qais ibn `Abd al-Munim al-Zawawi,1973,1982,Q7265864,
Oman,698,OMN,1978,Qais ibn `Abd al-Munim al-Zawawi,1973,1982,Q7265864,
Oman,698,OMN,1979,Qais ibn `Abd al-Munim al-Zawawi,1973,1982,Q7265864,
Oman,698,OMN,1980,Qais ibn `Abd al-Munim al-Zawawi,1973,1982,Q7265864,
Oman,698,OMN,1981,Qais ibn `Abd al-Munim al-Zawawi,1973,1982,Q7265864,
Oman,698,OMN,1982,Youssef al-Alawi Abdullah,1982,2019,Q58267,
Oman,698,OMN,1982,Qais ibn `Abd al-Munim al-Zawawi,1973,1982,Q7265864,
Oman,698,OMN,1983,Youssef al-Alawi Abdullah,1982,2019,Q58267,
Oman,698,OMN,1984,Youssef al-Alawi Abdullah,1982,2019,Q58267,
Oman,698,OMN,1985,Youssef al-Alawi Abdullah,1982,2019,Q58267,
Oman,698,OMN,1986,Youssef al-Alawi Abdullah,1982,2019,Q58267,
Oman,698,OMN,1987,Youssef al-Alawi Abdullah,1982,2019,Q58267,
Oman,698,OMN,1988,Youssef al-Alawi Abdullah,1982,2019,Q58267,
Oman,698,OMN,1989,Youssef al-Alawi Abdullah,1982,2019,Q58267,
Oman,698,OMN,1990,Youssef al-Alawi Abdullah,1982,2019,Q58267,
Oman,698,OMN,1991,Youssef al-Alawi Abdullah,1982,2019,Q58267,
Oman,698,OMN,1992,Youssef al-Alawi Abdullah,1982,2019,Q58267,
Oman,698,OMN,1993,Youssef al-Alawi Abdullah,1982,2019,Q58267,
Oman,698,OMN,1994,Youssef al-Alawi Abdullah,1982,2019,Q58267,
Oman,698,OMN,1995,Youssef al-Alawi Abdullah,1982,2019,Q58267,
Oman,698,OMN,1996,Youssef al-Alawi Abdullah,1982,2019,Q58267,
Oman,698,OMN,1997,Youssef al-Alawi Abdullah,1982,2019,Q58267,
Oman,698,OMN,1998,Youssef al-Alawi Abdullah,1982,2019,Q58267,
Oman,698,OMN,1999,Youssef al-Alawi Abdullah,1982,2019,Q58267,
Oman,698,OMN,2000,Youssef al-Alawi Abdullah,1982,2019,Q58267,
Oman,698,OMN,2001,Youssef al-Alawi Abdullah,1982,2019,Q58267,
Oman,698,OMN,2002,Youssef al-Alawi Abdullah,1982,2019,Q58267,
Oman,698,OMN,2003,Youssef al-Alawi Abdullah,1982,2019,Q58267,
Oman,698,OMN,2004,Youssef al-Alawi Abdullah,1982,2019,Q58267,
Oman,698,OMN,2005,Youssef al-Alawi Abdullah,1982,2019,Q58267,
Oman,698,OMN,2006,Youssef al-Alawi Abdullah,1982,2019,Q58267,
Oman,698,OMN,2007,Youssef al-Alawi Abdullah,1982,2019,Q58267,
Oman,698,OMN,2008,Youssef al-Alawi Abdullah,1982,2019,Q58267,
Oman,698,OMN,2009,Youssef al-Alawi Abdullah,1982,2019,Q58267,
Oman,698,OMN,2010,Youssef al-Alawi Abdullah,1982,2019,Q58267,
Oman,698,OMN,2011,Youssef al-Alawi Abdullah,1982,2019,Q58267,
Oman,698,OMN,2012,Youssef al-Alawi Abdullah,1982,2019,Q58267,
Oman,698,OMN,2013,Youssef al-Alawi Abdullah,1982,2019,Q58267,
Oman,698,OMN,2014,Youssef al-Alawi Abdullah,1982,2019,Q58267,
Oman,698,OMN,2015,Youssef al-Alawi Abdullah,1982,2019,Q58267,
Oman,698,OMN,2016,Youssef al-Alawi Abdullah,1982,2019,Q58267,
Oman,698,OMN,2017,Youssef al-Alawi Abdullah,1982,2019,Q58267,
Oman,698,OMN,2018,Youssef al-Alawi Abdullah,1982,2019,Q58267,
Oman,698,OMN,2019,Youssef al-Alawi Abdullah,1982,2019,Q58267,
Pakistan,770,PAK,1947,Sir Muhammad Zafrulla Khan,1947,1954,Q781138,
Pakistan,770,PAK,1948,Sir Muhammad Zafrulla Khan,1947,1954,Q781138,
Pakistan,770,PAK,1949,Sir Muhammad Zafrulla Khan,1947,1954,Q781138,
Pakistan,770,PAK,1950,Sir Muhammad Zafrulla Khan,1947,1954,Q781138,
Pakistan,770,PAK,1951,Sir Muhammad Zafrulla Khan,1947,1954,Q781138,
Pakistan,770,PAK,1952,Sir Muhammad Zafrulla Khan,1947,1954,Q781138,
Pakistan,770,PAK,1953,Sir Muhammad Zafrulla Khan,1947,1954,Q781138,
Pakistan,770,PAK,1954,Mohammad Ali Bogra,1954,1955,Q469875,
Pakistan,770,PAK,1954,Sir Muhammad Zafrulla Khan,1947,1954,Q781138,
Pakistan,770,PAK,1955,Mohammad Ali Bogra,1954,1955,Q469875,
Pakistan,770,PAK,1955,Hamidul Huq Chowdhury,1955,1956,Q4517248,Hamidul Huq Chowdhury
Pakistan,770,PAK,1955,Chaudhry Mohammad Ali,1955,1955,Q284443,
Pakistan,770,PAK,1956,Malik Firoz Khan Noon,1956,1958,Q1561693,
Pakistan,770,PAK,1956,Hamidul Huq Chowdhury,1955,1956,Q4517248,Hamidul Huq Chowdhury
Pakistan,770,PAK,1957,Malik Firoz Khan Noon,1956,1958,Q1561693,
Pakistan,770,PAK,1958,Manzoor Qadir,1958,1962,Q4207395,
Pakistan,770,PAK,1958,Malik Firoz Khan Noon,1956,1958,Q1561693,
Pakistan,770,PAK,1959,Manzoor Qadir,1958,1962,Q4207395,
Pakistan,770,PAK,1960,Manzoor Qadir,1958,1962,Q4207395,
Pakistan,770,PAK,1961,Manzoor Qadir,1958,1962,Q4207395,
Pakistan,770,PAK,1962,Mohammad Ali Bogra,1962,1963,Q469875,
Pakistan,770,PAK,1962,Manzoor Qadir,1958,1962,Q4207395,
Pakistan,770,PAK,1963,Mohammad Ali Bogra,1962,1963,Q469875,
Pakistan,770,PAK,1963,Zulfikar Ali Bhutto,1963,1966,Q131355,Zulfikar Ali Bhutto
Pakistan,770,PAK,1964,Zulfikar Ali Bhutto,1963,1966,Q131355,Zulfikar Ali Bhutto
Pakistan,770,PAK,1965,Zulfikar Ali Bhutto,1963,1966,Q131355,Zulfikar Ali Bhutto
Pakistan,770,PAK,1966,Syed Sharifuddin Pirzada,1966,1968,Q2373844,Syed Sharifuddin Pirzada
Pakistan,770,PAK,1966,Zulfikar Ali Bhutto,1963,1966,Q131355,Zulfikar Ali Bhutto
Pakistan,770,PAK,1967,Syed Sharifuddin Pirzada,1966,1968,Q2373844,Syed Sharifuddin Pirzada
Pakistan,770,PAK,1968,M. Arshad Hussain,1968,1969,Q4502515,
Pakistan,770,PAK,1968,Syed Sharifuddin Pirzada,1966,1968,Q2373844,Syed Sharifuddin Pirzada
Pakistan,770,PAK,1969,Agha Mohammad Yahya Khan,1969,1971,Q333981,
Pakistan,770,PAK,1969,M. Arshad Hussain,1968,1969,Q4502515,
Pakistan,770,PAK,1970,Agha Mohammad Yahya Khan,1969,1971,Q333981,
Pakistan,770,PAK,1971,Zulfikar Ali Bhutto,1971,1977,Q131355,Zulfikar Ali Bhutto
Pakistan,770,PAK,1971,Agha Mohammad Yahya Khan,1969,1971,Q333981,
Pakistan,770,PAK,1972,Zulfikar Ali Bhutto,1971,1977,Q131355,Zulfikar Ali Bhutto
Pakistan,770,PAK,1973,Zulfikar Ali Bhutto,1971,1977,Q131355,Zulfikar Ali Bhutto
Pakistan,770,PAK,1974,Zulfikar Ali Bhutto,1971,1977,Q131355,Zulfikar Ali Bhutto
Pakistan,770,PAK,1975,Zulfikar Ali Bhutto,1971,1977,Q131355,Zulfikar Ali Bhutto
Pakistan,770,PAK,1976,Zulfikar Ali Bhutto,1971,1977,Q131355,Zulfikar Ali Bhutto
Pakistan,770,PAK,1977,Zulfikar Ali Bhutto,1971,1977,Q131355,Zulfikar Ali Bhutto
Pakistan,770,PAK,1977,Aziz Ahmed,1977,1977,Q4073049,Aziz Ahmed
Pakistan,770,PAK,1978,Mohammad Zia-ul-Haq,1978,1981,Q200499,
Pakistan,770,PAK,1978,Agha Shahi,1978,1978,Q393447,Agha Shahi
Pakistan,770,PAK,1979,Mohammad Zia-ul-Haq,1978,1981,Q200499,
Pakistan,770,PAK,1980,Mohammad Zia-ul-Haq,1978,1981,Q200499,
Pakistan,770,PAK,1981,Agha Shahi,1981,1982,Q393447,Agha Shahi
Pakistan,770,PAK,1981,Mohammad Zia-ul-Haq,1978,1981,Q200499,
Pakistan,770,PAK,1982,Agha Shahi,1981,1982,Q393447,Agha Shahi
Pakistan,770,PAK,1982,Sahabzada Yaqub Khan,1982,1987,Q4537102,Sahabzada Yaqub Khan
Pakistan,770,PAK,1983,Sahabzada Yaqub Khan,1982,1987,Q4537102,Sahabzada Yaqub Khan
Pakistan,770,PAK,1984,Sahabzada Yaqub Khan,1982,1987,Q4537102,Sahabzada Yaqub Khan
Pakistan,770,PAK,1985,Sahabzada Yaqub Khan,1982,1987,Q4537102,Sahabzada Yaqub Khan
Pakistan,770,PAK,1986,Sahabzada Yaqub Khan,1982,1987,Q4537102,Sahabzada Yaqub Khan
Pakistan,770,PAK,1987,Sahabzada Yaqub Khan,1982,1987,Q4537102,Sahabzada Yaqub Khan
Pakistan,770,PAK,1987,Zain Noorani,1987,1988,,
Pakistan,770,PAK,1988,Zain Noorani,1987,1988,,
Pakistan,770,PAK,1988,Sahabzada Yaqub Khan,1988,1991,Q4537102,Sahabzada Yaqub Khan
Pakistan,770,PAK,1989,Sahabzada Yaqub Khan,1988,1991,Q4537102,Sahabzada Yaqub Khan
Pakistan,770,PAK,1990,Sahabzada Yaqub Khan,1988,1991,Q4537102,Sahabzada Yaqub Khan
Pakistan,770,PAK,1991,Akram Zaki,1991,1991,Q4701628,Akram Zaki
Pakistan,770,PAK,1991,Sahabzada Yaqub Khan,1988,1991,Q4537102,Sahabzada Yaqub Khan
Pakistan,770,PAK,1991,Siddique Khan Kanju,1991,1993,Q7508199,
Pakistan,770,PAK,1992,Siddique Khan Kanju,1991,1993,Q7508199,
Pakistan,770,PAK,1993,Siddique Khan Kanju,1991,1993,Q7508199,
Pakistan,770,PAK,1993,Sardar Assef Ahmed Ali,1993,1996,Q4073055,
Pakistan,770,PAK,1993,Abdul Sattar,1993,1993,Q4409050,Abdul Sattar
Pakistan,770,PAK,1993,Farooq Ahmed Leghari,1993,1993,Q334059,
Pakistan,770,PAK,1994,Sardar Assef Ahmed Ali,1993,1996,Q4073055,
Pakistan,770,PAK,1995,Sardar Assef Ahmed Ali,1993,1996,Q4073055,
Pakistan,770,PAK,1996,Sahabzada Yaqub Khan,1996,1997,Q4537102,Sahabzada Yaqub Khan
Pakistan,770,PAK,1996,Sardar Assef Ahmed Ali,1993,1996,Q4073055,
Pakistan,770,PAK,1997,Gohar Ayub Khan,1997,1998,Q4059060,Gohar Ayub Khan
Pakistan,770,PAK,1997,Sahabzada Yaqub Khan,1996,1997,Q4537102,Sahabzada Yaqub Khan
Pakistan,770,PAK,1998,Gohar Ayub Khan,1997,1998,Q4059060,Gohar Ayub Khan
Pakistan,770,PAK,1998,Sartaj Aziz,1998,1999,Q4058315,Sartaj Aziz
Pakistan,770,PAK,1999,Abdul Sattar,1999,2002,Q4409050,Abdul Sattar
Pakistan,770,PAK,1999,Sartaj Aziz,1998,1999,Q4058315,Sartaj Aziz
Pakistan,770,PAK,2000,Abdul Sattar,1999,2002,Q4409050,Abdul Sattar
Pakistan,770,PAK,2001,Abdul Sattar,1999,2002,Q4409050,Abdul Sattar
Pakistan,770,PAK,2002,Abdul Sattar,1999,2002,Q4409050,Abdul Sattar
Pakistan,770,PAK,2002,Inam ul-Haq,2002,2002,Q3149781,
Pakistan,770,PAK,2002,Khurshid Mehmood Kasuri,2002,2007,Q707883,
Pakistan,770,PAK,2003,Khurshid Mehmood Kasuri,2002,2007,Q707883,
Pakistan,770,PAK,2004,Khurshid Mehmood Kasuri,2002,2007,Q707883,
Pakistan,770,PAK,2005,Khurshid Mehmood Kasuri,2002,2007,Q707883,
Pakistan,770,PAK,2006,Khurshid Mehmood Kasuri,2002,2007,Q707883,
Pakistan,770,PAK,2007,Inam ul-Haq,2007,2008,Q3149781,
Pakistan,770,PAK,2007,Khurshid Mehmood Kasuri,2002,2007,Q707883,
Pakistan,770,PAK,2008,Shah Mehmood Qureshi,2008,2011,Q1543422,
Pakistan,770,PAK,2008,Inam ul-Haq,2007,2008,Q3149781,
Pakistan,770,PAK,2009,Shah Mehmood Qureshi,2008,2011,Q1543422,
Pakistan,770,PAK,2010,Shah Mehmood Qureshi,2008,2011,Q1543422,
Pakistan,770,PAK,2011,Hina Rabbani Khar,2011,2013,Q254122,Hina Rabbani Khar
Pakistan,770,PAK,2011,Shah Mehmood Qureshi,2008,2011,Q1543422,
Pakistan,770,PAK,2012,Hina Rabbani Khar,2011,2013,Q254122,Hina Rabbani Khar
Pakistan,770,PAK,2013,Sartaj Aziz,2013,2017,Q4058315,Sartaj Aziz
Pakistan,770,PAK,2013,Hina Rabbani Khar,2011,2013,Q254122,Hina Rabbani Khar
Pakistan,770,PAK,2014,Sartaj Aziz,2013,2017,Q4058315,Sartaj Aziz
Pakistan,770,PAK,2015,Sartaj Aziz,2013,2017,Q4058315,Sartaj Aziz
Pakistan,770,PAK,2016,Sartaj Aziz,2013,2017,Q4058315,Sartaj Aziz
Pakistan,770,PAK,2017,Khawaja Asif,2017,2018,Q6401038,
Pakistan,770,PAK,2017,Sartaj Aziz,2013,2017,Q4058315,Sartaj Aziz
Pakistan,770,PAK,2018,Tehmina Janjua,2018,2018,Q7694861,Tehmina Janjua
Pakistan,770,PAK,2018,Khurram Dastgir Khan,2018,2018,Q17198246,
Pakistan,770,PAK,2018,Khawaja Asif,2017,2018,Q6401038,
Pakistan,770,PAK,2018,Abdullah Hussain Haroon,2018,2018,Q5949527,
Pakistan,770,PAK,2018,Shah Mehmood Qureshi,2018,2019,Q1543422,
Pakistan,770,PAK,2019,Shah Mehmood Qureshi,2018,2019,Q1543422,
Palau,986,PLW,1981,Alfonso Oiterong,1981,1985,Q879780,Alfonso Oiterong
Palau,986,PLW,1982,Alfonso Oiterong,1981,1985,Q879780,Alfonso Oiterong
Palau,986,PLW,1983,Alfonso Oiterong,1981,1985,Q879780,Alfonso Oiterong
Palau,986,PLW,1984,Alfonso Oiterong,1981,1985,Q879780,Alfonso Oiterong
Palau,986,PLW,1985,John O. Ngiraked,1985,1988,,
Palau,986,PLW,1985,Alfonso Oiterong,1981,1985,Q879780,Alfonso Oiterong
Palau,986,PLW,1986,John O. Ngiraked,1985,1988,,
Palau,986,PLW,1987,John O. Ngiraked,1985,1988,,
Palau,986,PLW,1988,John O. Ngiraked,1985,1988,,
Palau,986,PLW,1990,Santos Olikong,1990,1992,,
Palau,986,PLW,1991,Santos Olikong,1990,1992,,
Palau,986,PLW,1992,Santos Olikong,1990,1992,,
Palau,986,PLW,1993,Andres Uherbelau,1993,1997,,
Palau,986,PLW,1994,Andres Uherbelau,1993,1997,,
Palau,986,PLW,1995,Andres Uherbelau,1993,1997,,
Palau,986,PLW,1996,Andres Uherbelau,1993,1997,,
Palau,986,PLW,1997,Sabino Anastacio,1997,2000,,
Palau,986,PLW,1997,Andres Uherbelau,1993,1997,,
Palau,986,PLW,1998,Sabino Anastacio,1997,2000,,
Palau,986,PLW,1999,Sabino Anastacio,1997,2000,,
Palau,986,PLW,2000,Sabino Anastacio,1997,2000,,
Palau,986,PLW,2001,Temmy Shmull,2001,2009,Q45714891,Temmy Shmull
Palau,986,PLW,2002,Temmy Shmull,2001,2009,Q45714891,Temmy Shmull
Palau,986,PLW,2003,Temmy Shmull,2001,2009,Q45714891,Temmy Shmull
Palau,986,PLW,2004,Temmy Shmull,2001,2009,Q45714891,Temmy Shmull
Palau,986,PLW,2005,Temmy Shmull,2001,2009,Q45714891,Temmy Shmull
Palau,986,PLW,2006,Temmy Shmull,2001,2009,Q45714891,Temmy Shmull
Palau,986,PLW,2007,Temmy Shmull,2001,2009,Q45714891,Temmy Shmull
Palau,986,PLW,2008,Temmy Shmull,2001,2009,Q45714891,Temmy Shmull
Palau,986,PLW,2009,Temmy Shmull,2001,2009,Q45714891,Temmy Shmull
Palau,986,PLW,2009,Sandra Pierantozzi,2009,2010,Q58080,Sandra Pierantozzi
Palau,986,PLW,2010,Victor Yano,2010,2013,,
Palau,986,PLW,2010,Ramon Rechebei,2010,2010,,
Palau,986,PLW,2010,Sandra Pierantozzi,2009,2010,Q58080,Sandra Pierantozzi
Palau,986,PLW,2011,Victor Yano,2010,2013,,
Palau,986,PLW,2012,Victor Yano,2010,2013,,
Palau,986,PLW,2013,Victor Yano,2010,2013,,
Palau,986,PLW,2013,Billy Kuartei,2013,2017,,
Palau,986,PLW,2014,Billy Kuartei,2013,2017,,
Palau,986,PLW,2015,Billy Kuartei,2013,2017,,
Palau,986,PLW,2016,Billy Kuartei,2013,2017,,
Palau,986,PLW,2017,Faustina K. Rehuher-Marugg,2017,2019,,
Palau,986,PLW,2017,Billy Kuartei,2013,2017,,
Palau,986,PLW,2018,Faustina K. Rehuher-Marugg,2017,2019,,
Palau,986,PLW,2019,Faustina K. Rehuher-Marugg,2017,2019,,
Palestine,665,WBG,2003,Nabil Shaath,2003,2005,Q2915333,Nabil Shaath
Palestine,665,WBG,2004,Nabil Shaath,2003,2005,Q2915333,Nabil Shaath
Palestine,665,WBG,2005,Nasser al-Kidwa,2005,2006,Q6967642,
Palestine,665,WBG,2005,Nabil Shaath,2003,2005,Q2915333,Nabil Shaath
Palestine,665,WBG,2006,Nasser al-Kidwa,2005,2006,Q6967642,
Palestine,665,WBG,2006,Mahmoud Zahar,2006,2007,Q708854,
Palestine,665,WBG,2007,Ziad Abu Amr,2007,2007,Q198279,Ziad Abu Amr
Palestine,665,WBG,2007,Mahmoud Zahar,2006,2007,Q708854,
Palestine,665,WBG,2007,Salam Fayyad,2007,2007,Q57741,Salam Fayyad
Palestine,665,WBG,2007,Riyad al-Malki,2007,2019,Q2895694,
Palestine,665,WBG,2008,Riyad al-Malki,2007,2019,Q2895694,
Palestine,665,WBG,2009,Riyad al-Malki,2007,2019,Q2895694,
Palestine,665,WBG,2010,Riyad al-Malki,2007,2019,Q2895694,
Palestine,665,WBG,2011,Riyad al-Malki,2007,2019,Q2895694,
Palestine,665,WBG,2012,Riyad al-Malki,2007,2019,Q2895694,
Palestine,665,WBG,2013,Riyad al-Malki,2007,2019,Q2895694,
Palestine,665,WBG,2014,Riyad al-Malki,2007,2019,Q2895694,
Palestine,665,WBG,2015,Riyad al-Malki,2007,2019,Q2895694,
Palestine,665,WBG,2016,Riyad al-Malki,2007,2019,Q2895694,
Palestine,665,WBG,2017,Riyad al-Malki,2007,2019,Q2895694,
Palestine,665,WBG,2018,Riyad al-Malki,2007,2019,Q2895694,
Palestine,665,WBG,2019,Riyad al-Malki,2007,2019,Q2895694,
Panama,95,PAN,1949,Carlos N. Brin,1949,1951,,
Panama,95,PAN,1950,Carlos N. Brin,1949,1951,,
Panama,95,PAN,1951,Carlos N. Brin,1949,1951,,
Panama,95,PAN,1951,Ignacio Carlos Molino de Diego,1951,1952,,
Panama,95,PAN,1952,José Ramón Guizado Valdés,1952,1955,Q880729,
Panama,95,PAN,1952,Ignacio Carlos Molino de Diego,1951,1952,,
Panama,95,PAN,1953,José Ramón Guizado Valdés,1952,1955,Q880729,
Panama,95,PAN,1954,José Ramón Guizado Valdés,1952,1955,Q880729,
Panama,95,PAN,1955,José Ramón Guizado Valdés,1952,1955,Q880729,
Panama,95,PAN,1955,Ricardo Arias Espinosa,1955,1955,Q176091,Ricardo Arias Espinosa
Panama,95,PAN,1955,Alberto A. Boyd,1955,1956,,
Panama,95,PAN,1955,Octavio Fábrega López,1955,1955,,
Panama,95,PAN,1956,Alberto A. Boyd,1955,1956,,
Panama,95,PAN,1956,Aquilino Boyd,1956,1958,Q4782945,Aquilino Boyd
Panama,95,PAN,1957,Aquilino Boyd,1956,1958,Q4782945,Aquilino Boyd
Panama,95,PAN,1958,Aquilino Boyd,1956,1958,Q4782945,Aquilino Boyd
Panama,95,PAN,1958,Miguel J. Moreno,1958,1960,,
Panama,95,PAN,1959,Miguel J. Moreno,1958,1960,,
Panama,95,PAN,1960,Miguel J. Moreno,1958,1960,,
Panama,95,PAN,1960,Galileo Solís,1960,1964,,
Panama,95,PAN,1961,Galileo Solís,1960,1964,,
Panama,95,PAN,1962,Galileo Solís,1960,1964,,
Panama,95,PAN,1963,Galileo Solís,1960,1964,,
Panama,95,PAN,1964,Fernando Eleta Almarán,1964,1968,Q5413414,Fernando Eleta Almarán
Panama,95,PAN,1964,Galileo Solís,1960,1964,,
Panama,95,PAN,1965,Fernando Eleta Almarán,1964,1968,Q5413414,Fernando Eleta Almarán
Panama,95,PAN,1966,Fernando Eleta Almarán,1964,1968,Q5413414,Fernando Eleta Almarán
Panama,95,PAN,1967,Fernando Eleta Almarán,1964,1968,Q5413414,Fernando Eleta Almarán
Panama,95,PAN,1968,Carlos Alfredo López Guevara,1968,1969,,
Panama,95,PAN,1968,Fernando Eleta Almarán,1964,1968,Q5413414,Fernando Eleta Almarán
Panama,95,PAN,1969,Carlos Alfredo López Guevara,1968,1969,,
Panama,95,PAN,1969,Juan Antonio Tack,1969,1976,,
Panama,95,PAN,1969,Nander A. Pitty Velásquez,1969,1969,,
Panama,95,PAN,1970,Juan Antonio Tack,1969,1976,,
Panama,95,PAN,1971,Juan Antonio Tack,1969,1976,,
Panama,95,PAN,1972,Juan Antonio Tack,1969,1976,,
Panama,95,PAN,1973,Juan Antonio Tack,1969,1976,,
Panama,95,PAN,1974,Juan Antonio Tack,1969,1976,,
Panama,95,PAN,1975,Juan Antonio Tack,1969,1976,,
Panama,95,PAN,1976,Aquilino Boyd,1976,1977,Q4782945,Aquilino Boyd
Panama,95,PAN,1976,Juan Antonio Tack,1969,1976,,
Panama,95,PAN,1977,Aquilino Boyd,1976,1977,Q4782945,Aquilino Boyd
Panama,95,PAN,1977,Nicolás González Revilla,1977,1978,,
Panama,95,PAN,1978,Carlos Ozores Typaldos,1978,1981,Q16864183,
Panama,95,PAN,1978,Nicolás González Revilla,1977,1978,,
Panama,95,PAN,1979,Carlos Ozores Typaldos,1978,1981,Q16864183,
Panama,95,PAN,1980,Carlos Ozores Typaldos,1978,1981,Q16864183,
Panama,95,PAN,1981,Jorge Illueca,1981,1982,Q685368,Jorge Illueca
Panama,95,PAN,1981,Carlos Ozores Typaldos,1978,1981,Q16864183,
Panama,95,PAN,1982,Jorge Illueca,1981,1982,Q685368,Jorge Illueca
Panama,95,PAN,1982,Juan José Amado,1982,1983,,
Panama,95,PAN,1983,Oydén Ortega Durán,1983,1984,,
Panama,95,PAN,1983,Juan José Amado,1982,1983,,
Panama,95,PAN,1984,Fernando Cardoze,1984,1985,,
Panama,95,PAN,1984,Oydén Ortega Durán,1983,1984,,
Panama,95,PAN,1985,Jorge Abadía Arias,1985,1988,,
Panama,95,PAN,1985,Fernando Cardoze,1984,1985,,
Panama,95,PAN,1986,Jorge Abadía Arias,1985,1988,,
Panama,95,PAN,1987,Jorge Abadía Arias,1985,1988,,
Panama,95,PAN,1988,Jorge Abadía Arias,1985,1988,,
Panama,95,PAN,1988,Jorge Eduardo Ritter,1988,1989,,
Panama,95,PAN,1989,Leonardo Kam,1989,1989,,
Panama,95,PAN,1989,Julio Linares,1989,1993,Q6309384,Julio Linares
Panama,95,PAN,1989,Jorge Eduardo Ritter,1988,1989,,
Panama,95,PAN,1989,Gustavo R. González,1989,1989,,
Panama,95,PAN,1990,Julio Linares,1989,1993,Q6309384,Julio Linares
Panama,95,PAN,1991,Julio Linares,1989,1993,Q6309384,Julio Linares
Panama,95,PAN,1992,Julio Linares,1989,1993,Q6309384,Julio Linares
Panama,95,PAN,1993,José Raúl Mulino,1993,1994,,
Panama,95,PAN,1993,Julio Linares,1989,1993,Q6309384,Julio Linares
Panama,95,PAN,1994,Gabriel Lewis Galindo,1994,1996,Q20929912,Gabriel Lewis Galindo
Panama,95,PAN,1994,José Raúl Mulino,1993,1994,,
Panama,95,PAN,1995,Gabriel Lewis Galindo,1994,1996,Q20929912,Gabriel Lewis Galindo
Panama,95,PAN,1996,Ricardo Alberto Arias,1996,1998,Q7322528,Ricardo Alberto Arias
Panama,95,PAN,1996,Gabriel Lewis Galindo,1994,1996,Q20929912,Gabriel Lewis Galindo
Panama,95,PAN,1997,Ricardo Alberto Arias,1996,1998,Q7322528,Ricardo Alberto Arias
Panama,95,PAN,1998,Ricardo Alberto Arias,1996,1998,Q7322528,Ricardo Alberto Arias
Panama,95,PAN,1998,Jorge Eduardo Ritter,1998,1999,,
Panama,95,PAN,1999,José Miguel Alemán Healy,1999,2003,Q6293430,
Panama,95,PAN,1999,Jorge Eduardo Ritter,1998,1999,,
Panama,95,PAN,2000,José Miguel Alemán Healy,1999,2003,Q6293430,
Panama,95,PAN,2001,José Miguel Alemán Healy,1999,2003,Q6293430,
Panama,95,PAN,2002,José Miguel Alemán Healy,1999,2003,Q6293430,
Panama,95,PAN,2003,José Miguel Alemán Healy,1999,2003,Q6293430,
Panama,95,PAN,2003,Harmodio Arias Cerjack,2003,2004,Q15919322,Harmodio Arias Cerjack
Panama,95,PAN,2004,Samuel Lewis Navarro,2004,2009,Q3471176,Samuel Lewis Navarro
Panama,95,PAN,2004,Harmodio Arias Cerjack,2003,2004,Q15919322,Harmodio Arias Cerjack
Panama,95,PAN,2005,Samuel Lewis Navarro,2004,2009,Q3471176,Samuel Lewis Navarro
Panama,95,PAN,2006,Samuel Lewis Navarro,2004,2009,Q3471176,Samuel Lewis Navarro
Panama,95,PAN,2007,Samuel Lewis Navarro,2004,2009,Q3471176,Samuel Lewis Navarro
Panama,95,PAN,2008,Samuel Lewis Navarro,2004,2009,Q3471176,Samuel Lewis Navarro
Panama,95,PAN,2009,Juan Carlos Varela,2009,2011,Q1134096,Juan Carlos Varela
Panama,95,PAN,2009,Samuel Lewis Navarro,2004,2009,Q3471176,Samuel Lewis Navarro
Panama,95,PAN,2010,Juan Carlos Varela,2009,2011,Q1134096,Juan Carlos Varela
Panama,95,PAN,2011,Roberto Henríquez,2011,2012,,
Panama,95,PAN,2011,Juan Carlos Varela,2009,2011,Q1134096,Juan Carlos Varela
Panama,95,PAN,2012,Francisco Álvarez De Soto,2012,2012,,
Panama,95,PAN,2012,Rómulo Roux,2012,2013,Q56066098,Rómulo Roux
Panama,95,PAN,2012,Roberto Henríquez,2011,2012,,
Panama,95,PAN,2013,Fernando Núñez Fábrega,2013,2014,,
Panama,95,PAN,2013,Rómulo Roux,2012,2013,Q56066098,Rómulo Roux
Panama,95,PAN,2014,Francisco Álvarez De Soto,2014,2014,,
Panama,95,PAN,2014,Fernando Núñez Fábrega,2013,2014,,
Panama,95,PAN,2014,Isabel Saint Malo de Alvarado,2014,2019,Q16765135,
Panama,95,PAN,2015,Isabel Saint Malo de Alvarado,2014,2019,Q16765135,
Panama,95,PAN,2016,Isabel Saint Malo de Alvarado,2014,2019,Q16765135,
Panama,95,PAN,2017,Isabel Saint Malo de Alvarado,2014,2019,Q16765135,
Panama,95,PAN,2018,Isabel Saint Malo de Alvarado,2014,2019,Q16765135,
Panama,95,PAN,2019,Isabel Saint Malo de Alvarado,2014,2019,Q16765135,
Papua New Guinea,910,PNG,1975,Sir Albert Maori Kiki,1975,1977,Q2638455,
Papua New Guinea,910,PNG,1976,Sir Albert Maori Kiki,1975,1977,Q2638455,
Papua New Guinea,910,PNG,1977,Ebia Olewale,1977,1980,,
Papua New Guinea,910,PNG,1977,Sir Albert Maori Kiki,1975,1977,Q2638455,
Papua New Guinea,910,PNG,1978,Ebia Olewale,1977,1980,,
Papua New Guinea,910,PNG,1979,Ebia Olewale,1977,1980,,
Papua New Guinea,910,PNG,1980,Tony Ila,1980,1980,,
Papua New Guinea,910,PNG,1980,Noel Levi,1980,1982,Q39634440,
Papua New Guinea,910,PNG,1980,Ebia Olewale,1977,1980,,
Papua New Guinea,910,PNG,1981,Noel Levi,1980,1982,Q39634440,
Papua New Guinea,910,PNG,1982,Noel Levi,1980,1982,Q39634440,
Papua New Guinea,910,PNG,1982,Rabbie Namaliu,1982,1984,Q2003366,Rabbie Namaliu
Papua New Guinea,910,PNG,1983,Rabbie Namaliu,1982,1984,Q2003366,Rabbie Namaliu
Papua New Guinea,910,PNG,1984,John Giheno,1984,1985,Q590537,John Giheno
Papua New Guinea,910,PNG,1984,Rabbie Namaliu,1982,1984,Q2003366,Rabbie Namaliu
Papua New Guinea,910,PNG,1985,Legu Vagi,1985,1986,,
Papua New Guinea,910,PNG,1985,John Giheno,1984,1985,Q590537,John Giheno
Papua New Guinea,910,PNG,1986,Legu Vagi,1985,1986,,
Papua New Guinea,910,PNG,1986,Ted Diro,1986,1987,Q5622399,
Papua New Guinea,910,PNG,1987,Paias Wingti,1987,1987,Q2007264,Paias Wingti
Papua New Guinea,910,PNG,1987,Akoka Doi,1987,1988,Q29025244,Akoka Doi
Papua New Guinea,910,PNG,1987,Ted Diro,1986,1987,Q5622399,
Papua New Guinea,910,PNG,1987,Aruru Matiabe,1987,1987,,
Papua New Guinea,910,PNG,1988,Akoka Doi,1987,1988,Q29025244,Akoka Doi
Papua New Guinea,910,PNG,1988,Paias Wingti,1988,1988,Q2007264,Paias Wingti
Papua New Guinea,910,PNG,1988,Michael Somare,1988,1992,Q316264,Michael Somare
Papua New Guinea,910,PNG,1989,Michael Somare,1988,1992,Q316264,Michael Somare
Papua New Guinea,910,PNG,1990,Michael Somare,1988,1992,Q316264,Michael Somare
Papua New Guinea,910,PNG,1991,Michael Somare,1988,1992,Q316264,Michael Somare
Papua New Guinea,910,PNG,1992,Michael Somare,1988,1992,Q316264,Michael Somare
Papua New Guinea,910,PNG,1992,John Kaputin,1992,1994,Q6242479,John Kaputin
Papua New Guinea,910,PNG,1993,John Kaputin,1992,1994,Q6242479,John Kaputin
Papua New Guinea,910,PNG,1994,John Kaputin,1992,1994,Q6242479,John Kaputin
Papua New Guinea,910,PNG,1994,Sir Julius Chan,1994,1996,Q950406,
Papua New Guinea,910,PNG,1995,Sir Julius Chan,1994,1996,Q950406,
Papua New Guinea,910,PNG,1996,Sir Julius Chan,1994,1996,Q950406,
Papua New Guinea,910,PNG,1996,Kilroy Genia,1996,1997,,
Papua New Guinea,910,PNG,1997,Roy Yaki,1997,1999,,
Papua New Guinea,910,PNG,1997,Kilroy Genia,1996,1997,,
Papua New Guinea,910,PNG,1997,Chris Haiveta,1997,1997,Q5106757,Chris Haiveta
Papua New Guinea,910,PNG,1997,Kilroy Genia,1997,1997,,
Papua New Guinea,910,PNG,1998,Roy Yaki,1997,1999,,
Papua New Guinea,910,PNG,1999,Roy Yaki,1997,1999,,
Papua New Guinea,910,PNG,1999,Sir Michael Somare,1999,1999,Q316264,Sir Michael Somare
Papua New Guinea,910,PNG,1999,Sir John Kaputin,1999,2000,Q6242479,
Papua New Guinea,910,PNG,2000,Sir John Kaputin,1999,2000,Q6242479,
Papua New Guinea,910,PNG,2000,Sir Michael Somare,2000,2000,Q316264,Sir Michael Somare
Papua New Guinea,910,PNG,2000,Bart Philemon,2000,2001,Q809205,Bart Philemon
Papua New Guinea,910,PNG,2001,John Waiko,2001,2002,Q3182674,John Waiko
Papua New Guinea,910,PNG,2001,John Pundari,2001,2001,Q17318841,John Pundari
Papua New Guinea,910,PNG,2001,Bart Philemon,2000,2001,Q809205,Bart Philemon
Papua New Guinea,910,PNG,2002,John Waiko,2001,2002,Q3182674,John Waiko
Papua New Guinea,910,PNG,2002,Sir Rabbie Namaliu,2002,2006,Q2003366,Sir Rabbie Namaliu
Papua New Guinea,910,PNG,2003,Sir Rabbie Namaliu,2002,2006,Q2003366,Sir Rabbie Namaliu
Papua New Guinea,910,PNG,2004,Sir Rabbie Namaliu,2002,2006,Q2003366,Sir Rabbie Namaliu
Papua New Guinea,910,PNG,2005,Sir Rabbie Namaliu,2002,2006,Q2003366,Sir Rabbie Namaliu
Papua New Guinea,910,PNG,2006,Paul Tiensten,2006,2007,Q3372294,Paul Tiensten
Papua New Guinea,910,PNG,2006,Sir Rabbie Namaliu,2002,2006,Q2003366,Sir Rabbie Namaliu
Papua New Guinea,910,PNG,2006,Sir Michael Somare,2006,2006,Q316264,Sir Michael Somare
Papua New Guinea,910,PNG,2007,Sam Abal,2007,2010,Q58169,Sam Abal
Papua New Guinea,910,PNG,2007,Paul Tiensten,2006,2007,Q3372294,Paul Tiensten
Papua New Guinea,910,PNG,2008,Sam Abal,2007,2010,Q58169,Sam Abal
Papua New Guinea,910,PNG,2009,Sam Abal,2007,2010,Q58169,Sam Abal
Papua New Guinea,910,PNG,2010,Don Polye,2010,2011,Q1239419,Don Polye
Papua New Guinea,910,PNG,2010,Sam Abal,2007,2010,Q58169,Sam Abal
Papua New Guinea,910,PNG,2011,Ano Pala,2011,2012,Q567469,Ano Pala
Papua New Guinea,910,PNG,2011,Don Polye,2010,2011,Q1239419,Don Polye
Papua New Guinea,910,PNG,2011,Paru Aihi,2011,2012,Q28086377,Paru Aihi
Papua New Guinea,910,PNG,2012,Ano Pala,2011,2012,Q567469,Ano Pala
Papua New Guinea,910,PNG,2012,Sir Puka Temu,2012,2012,Q2117670,
Papua New Guinea,910,PNG,2012,Rimbink Pato,2012,2019,Q17318820,Rimbink Pato
Papua New Guinea,910,PNG,2012,Paru Aihi,2011,2012,Q28086377,Paru Aihi
Papua New Guinea,910,PNG,2013,Rimbink Pato,2012,2019,Q17318820,Rimbink Pato
Papua New Guinea,910,PNG,2014,Rimbink Pato,2012,2019,Q17318820,Rimbink Pato
Papua New Guinea,910,PNG,2015,Rimbink Pato,2012,2019,Q17318820,Rimbink Pato
Papua New Guinea,910,PNG,2016,Rimbink Pato,2012,2019,Q17318820,Rimbink Pato
Papua New Guinea,910,PNG,2017,Rimbink Pato,2012,2019,Q17318820,Rimbink Pato
Papua New Guinea,910,PNG,2018,Rimbink Pato,2012,2019,Q17318820,Rimbink Pato
Papua New Guinea,910,PNG,2019,Rimbink Pato,2012,2019,Q17318820,Rimbink Pato
Paraguay,150,PRY,1949,Bernardo Ocampos,1949,1952,,
Paraguay,150,PRY,1950,Bernardo Ocampos,1949,1952,,
Paraguay,150,PRY,1951,Bernardo Ocampos,1949,1952,,
Paraguay,150,PRY,1952,Ángel Florentín Peña,1952,1953,,
Paraguay,150,PRY,1952,Bernardo Ocampos,1949,1952,,
Paraguay,150,PRY,1953,José Antonio Moreno González,1953,1954,,
Paraguay,150,PRY,1953,Ángel Florentín Peña,1952,1953,,
Paraguay,150,PRY,1954,José Antonio Moreno González,1953,1954,,
Paraguay,150,PRY,1954,Hipólito Sánchez Quell,1954,1956,,
Paraguay,150,PRY,1955,Hipólito Sánchez Quell,1954,1956,,
Paraguay,150,PRY,1956,Hipólito Sánchez Quell,1954,1956,,
Paraguay,150,PRY,1956,Raúl Sapena Pastor,1956,1976,Q6101448,Raúl Sapena Pastor
Paraguay,150,PRY,1957,Raúl Sapena Pastor,1956,1976,Q6101448,Raúl Sapena Pastor
Paraguay,150,PRY,1958,Raúl Sapena Pastor,1956,1976,Q6101448,Raúl Sapena Pastor
Paraguay,150,PRY,1959,Raúl Sapena Pastor,1956,1976,Q6101448,Raúl Sapena Pastor
Paraguay,150,PRY,1960,Raúl Sapena Pastor,1956,1976,Q6101448,Raúl Sapena Pastor
Paraguay,150,PRY,1961,Raúl Sapena Pastor,1956,1976,Q6101448,Raúl Sapena Pastor
Paraguay,150,PRY,1962,Raúl Sapena Pastor,1956,1976,Q6101448,Raúl Sapena Pastor
Paraguay,150,PRY,1963,Raúl Sapena Pastor,1956,1976,Q6101448,Raúl Sapena Pastor
Paraguay,150,PRY,1964,Raúl Sapena Pastor,1956,1976,Q6101448,Raúl Sapena Pastor
Paraguay,150,PRY,1965,Raúl Sapena Pastor,1956,1976,Q6101448,Raúl Sapena Pastor
Paraguay,150,PRY,1966,Raúl Sapena Pastor,1956,1976,Q6101448,Raúl Sapena Pastor
Paraguay,150,PRY,1967,Raúl Sapena Pastor,1956,1976,Q6101448,Raúl Sapena Pastor
Paraguay,150,PRY,1968,Raúl Sapena Pastor,1956,1976,Q6101448,Raúl Sapena Pastor
Paraguay,150,PRY,1969,Raúl Sapena Pastor,1956,1976,Q6101448,Raúl Sapena Pastor
Paraguay,150,PRY,1970,Raúl Sapena Pastor,1956,1976,Q6101448,Raúl Sapena Pastor
Paraguay,150,PRY,1971,Raúl Sapena Pastor,1956,1976,Q6101448,Raúl Sapena Pastor
Paraguay,150,PRY,1972,Raúl Sapena Pastor,1956,1976,Q6101448,Raúl Sapena Pastor
Paraguay,150,PRY,1973,Raúl Sapena Pastor,1956,1976,Q6101448,Raúl Sapena Pastor
Paraguay,150,PRY,1974,Raúl Sapena Pastor,1956,1976,Q6101448,Raúl Sapena Pastor
Paraguay,150,PRY,1975,Raúl Sapena Pastor,1956,1976,Q6101448,Raúl Sapena Pastor
Paraguay,150,PRY,1975,Alberto Nogués,1975,1983,Q16487039,
Paraguay,150,PRY,1976,Raúl Sapena Pastor,1956,1976,Q6101448,Raúl Sapena Pastor
Paraguay,150,PRY,1976,Alberto Nogués,1975,1983,Q16487039,
Paraguay,150,PRY,1977,Alberto Nogués,1975,1983,Q16487039,
Paraguay,150,PRY,1978,Alberto Nogués,1975,1983,Q16487039,
Paraguay,150,PRY,1979,Alberto Nogués,1975,1983,Q16487039,
Paraguay,150,PRY,1980,Alberto Nogués,1975,1983,Q16487039,
Paraguay,150,PRY,1981,Alberto Nogués,1975,1983,Q16487039,
Paraguay,150,PRY,1982,Alberto Nogués,1975,1983,Q16487039,
Paraguay,150,PRY,1983,Alberto Nogués,1975,1983,Q16487039,
Paraguay,150,PRY,1983,Carlos Augusto Saldívar,1983,1988,,
Paraguay,150,PRY,1984,Carlos Augusto Saldívar,1983,1988,,
Paraguay,150,PRY,1985,Carlos Augusto Saldívar,1983,1988,,
Paraguay,150,PRY,1986,Carlos Augusto Saldívar,1983,1988,,
Paraguay,150,PRY,1987,Carlos Augusto Saldívar,1983,1988,,
Paraguay,150,PRY,1988,Carlos Augusto Saldívar,1983,1988,,
Paraguay,150,PRY,1988,Rodney Elpidio Acevedo,1988,1989,Q57554533,Rodney Elpidio Acevedo
Paraguay,150,PRY,1989,Luis María Argaña,1989,1990,Q873568,Luis María Argaña
Paraguay,150,PRY,1989,Rodney Elpidio Acevedo,1988,1989,Q57554533,Rodney Elpidio Acevedo
Paraguay,150,PRY,1990,Alexis Frutos Vaesken,1990,1993,Q15944549,Alexis Frutos Vaesken
Paraguay,150,PRY,1990,Luis María Argaña,1989,1990,Q873568,Luis María Argaña
Paraguay,150,PRY,1991,Alexis Frutos Vaesken,1990,1993,Q15944549,Alexis Frutos Vaesken
Paraguay,150,PRY,1992,Alexis Frutos Vaesken,1990,1993,Q15944549,Alexis Frutos Vaesken
Paraguay,150,PRY,1993,Luis María Ramírez Boettner,1993,1996,Q16594514,Luis María Ramírez Boettner
Paraguay,150,PRY,1993,Alexis Frutos Vaesken,1990,1993,Q15944549,Alexis Frutos Vaesken
Paraguay,150,PRY,1993,Diógenes Martínez,1993,1993,,
Paraguay,150,PRY,1994,Luis María Ramírez Boettner,1993,1996,Q16594514,Luis María Ramírez Boettner
Paraguay,150,PRY,1995,Luis María Ramírez Boettner,1993,1996,Q16594514,Luis María Ramírez Boettner
Paraguay,150,PRY,1996,Rubén Melgarejo Lanzoni,1996,1998,Q16301143,Rubén Melgarejo Lanzoni
Paraguay,150,PRY,1996,Luis María Ramírez Boettner,1993,1996,Q16594514,Luis María Ramírez Boettner
Paraguay,150,PRY,1997,Rubén Melgarejo Lanzoni,1996,1998,Q16301143,Rubén Melgarejo Lanzoni
Paraguay,150,PRY,1998,Rubén Melgarejo Lanzoni,1996,1998,Q16301143,Rubén Melgarejo Lanzoni
Paraguay,150,PRY,1998,Dido Florentín Bogado,1998,1999,Q16556790,Dido Florentín Bogado
Paraguay,150,PRY,1999,José Félix Fernández Estigarribia,1999,2000,Q796260,José Félix Fernández Estigarribia
Paraguay,150,PRY,1999,Miguel Abdón Saguier,1999,1999,Q16607111,Miguel Abdón Saguier
Paraguay,150,PRY,1999,Dido Florentín Bogado,1998,1999,Q16556790,Dido Florentín Bogado
Paraguay,150,PRY,2000,Juan Esteban Aguirre Martínez,2000,2001,Q14654626,Juan Esteban Aguirre Martínez
Paraguay,150,PRY,2000,José Félix Fernández Estigarribia,1999,2000,Q796260,José Félix Fernández Estigarribia
Paraguay,150,PRY,2001,Juan Esteban Aguirre Martínez,2000,2001,Q14654626,Juan Esteban Aguirre Martínez
Paraguay,150,PRY,2001,José Antonio Moreno Ruffinelli,2001,2003,Q14654613,
Paraguay,150,PRY,2002,José Antonio Moreno Ruffinelli,2001,2003,Q14654613,
Paraguay,150,PRY,2003,Leila Rachid de Cowles,2003,2006,Q15629475,Leila Rachid de Cowles
Paraguay,150,PRY,2003,José Antonio Moreno Ruffinelli,2001,2003,Q14654613,
Paraguay,150,PRY,2004,Leila Rachid de Cowles,2003,2006,Q15629475,Leila Rachid de Cowles
Paraguay,150,PRY,2005,Leila Rachid de Cowles,2003,2006,Q15629475,Leila Rachid de Cowles
Paraguay,150,PRY,2006,Rubén Ramírez Lezcano,2006,2008,Q3446603,Rubén Ramírez Lezcano
Paraguay,150,PRY,2006,Leila Rachid de Cowles,2003,2006,Q15629475,Leila Rachid de Cowles
Paraguay,150,PRY,2007,Rubén Ramírez Lezcano,2006,2008,Q3446603,Rubén Ramírez Lezcano
Paraguay,150,PRY,2008,Alejandro Hamed,2008,2009,Q2832453,Alejandro Hamed
Paraguay,150,PRY,2008,Rubén Ramírez Lezcano,2006,2008,Q3446603,Rubén Ramírez Lezcano
Paraguay,150,PRY,2009,Héctor Lacognata,2009,2011,Q1642805,Héctor Lacognata
Paraguay,150,PRY,2009,Alejandro Hamed,2008,2009,Q2832453,Alejandro Hamed
Paraguay,150,PRY,2010,Héctor Lacognata,2009,2011,Q1642805,Héctor Lacognata
Paraguay,150,PRY,2011,Jorge Lara Castro,2011,2012,Q14648701,Jorge Lara Castro
Paraguay,150,PRY,2011,Héctor Lacognata,2009,2011,Q1642805,Héctor Lacognata
Paraguay,150,PRY,2012,José Félix Fernández Estigarribia,2012,2013,Q796260,José Félix Fernández Estigarribia
Paraguay,150,PRY,2012,Jorge Lara Castro,2011,2012,Q14648701,Jorge Lara Castro
Paraguay,150,PRY,2013,José Félix Fernández Estigarribia,2012,2013,Q796260,José Félix Fernández Estigarribia
Paraguay,150,PRY,2013,Eladio Loizaga,2013,2018,Q14627668,Eladio Loizaga
Paraguay,150,PRY,2014,Eladio Loizaga,2013,2018,Q14627668,Eladio Loizaga
Paraguay,150,PRY,2015,Eladio Loizaga,2013,2018,Q14627668,Eladio Loizaga
Paraguay,150,PRY,2016,Eladio Loizaga,2013,2018,Q14627668,Eladio Loizaga
Paraguay,150,PRY,2017,Eladio Loizaga,2013,2018,Q14627668,Eladio Loizaga
Paraguay,150,PRY,2018,Luis Castiglioni,2018,2019,Q3493305,Luis Castiglioni
Paraguay,150,PRY,2018,Eladio Loizaga,2013,2018,Q14627668,Eladio Loizaga
Paraguay,150,PRY,2019,Luis Castiglioni,2018,2019,Q3493305,Luis Castiglioni
Peru,135,PER,1949,Ernesto Rodríguez,1949,1950,Q2878787,
Peru,135,PER,1950,Ernesto Rodríguez,1949,1950,Q2878787,
Peru,135,PER,1950,Manuel C. Gallagher,1950,1952,Q5992499,
Peru,135,PER,1951,Manuel C. Gallagher,1950,1952,Q5992499,
Peru,135,PER,1952,Ricardo Rivera Schreiber,1952,1954,Q6108447,Ricardo Rivera Schreiber
Peru,135,PER,1952,Manuel C. Gallagher,1950,1952,Q5992499,
Peru,135,PER,1953,Ricardo Rivera Schreiber,1952,1954,Q6108447,Ricardo Rivera Schreiber
Peru,135,PER,1954,David Aguilar Cornejo,1954,1955,Q5799767,David Aguilar Cornejo
Peru,135,PER,1954,Ricardo Rivera Schreiber,1952,1954,Q6108447,Ricardo Rivera Schreiber
Peru,135,PER,1955,David Aguilar Cornejo,1954,1955,Q5799767,David Aguilar Cornejo
Peru,135,PER,1955,Fernando Gamio Palacio,1955,1955,Q5705259,
Peru,135,PER,1955,Luis Edgardo Llosa,1955,1956,Q5983212,
Peru,135,PER,1956,Manuel Cisneros Sánchez,1956,1958,Q12005,Manuel Cisneros Sánchez
Peru,135,PER,1956,Luis Edgardo Llosa,1955,1956,Q5983212,
Peru,135,PER,1956,Félix Huamán Izquierdo,1956,1956,Q5872291,Félix Huamán Izquierdo
Peru,135,PER,1957,Manuel Cisneros Sánchez,1956,1958,Q12005,Manuel Cisneros Sánchez
Peru,135,PER,1958,Raúl Porras Barrenechea,1958,1960,Q567582,Raúl Porras Barrenechea
Peru,135,PER,1958,Víctor Andrés Belaúnde,1958,1958,Q1248015,Víctor Andrés Belaúnde
Peru,135,PER,1958,Manuel Cisneros Sánchez,1956,1958,Q12005,Manuel Cisneros Sánchez
Peru,135,PER,1959,Raúl Porras Barrenechea,1958,1960,Q567582,Raúl Porras Barrenechea
Peru,135,PER,1960,Luis Alvarado Garrido,1960,1962,Q2884037,Luis Alvarado Garrido
Peru,135,PER,1960,Raúl Porras Barrenechea,1958,1960,Q567582,Raúl Porras Barrenechea
Peru,135,PER,1961,Luis Alvarado Garrido,1960,1962,Q2884037,Luis Alvarado Garrido
Peru,135,PER,1962,Luis Edgardo Llosa,1962,1963,Q5983212,
Peru,135,PER,1962,Luis Alvarado Garrido,1960,1962,Q2884037,Luis Alvarado Garrido
Peru,135,PER,1963,Fernando Schwalb López Aldana,1963,1965,Q2889641,Fernando Schwalb López Aldana
Peru,135,PER,1963,Luis Edgardo Llosa,1962,1963,Q5983212,
Peru,135,PER,1964,Fernando Schwalb López Aldana,1963,1965,Q2889641,Fernando Schwalb López Aldana
Peru,135,PER,1965,Fernando Schwalb López Aldana,1963,1965,Q2889641,Fernando Schwalb López Aldana
Peru,135,PER,1965,Jorge Vásquez Salas,1965,1967,Q2895015,Jorge Vásquez Salas
Peru,135,PER,1966,Jorge Vásquez Salas,1965,1967,Q2895015,Jorge Vásquez Salas
Peru,135,PER,1967,Edgardo Seoane Corrales,1967,1967,Q5481040,
Peru,135,PER,1967,Jorge Vásquez Salas,1965,1967,Q2895015,Jorge Vásquez Salas
Peru,135,PER,1967,Raúl Ferrero Rebagliati,1967,1968,Q4483111,Raúl Ferrero Rebagliati
Peru,135,PER,1968,Edgardo Mercado Jarrín,1968,1972,Q1284319,
Peru,135,PER,1968,Raúl Ferrero Rebagliati,1967,1968,Q4483111,Raúl Ferrero Rebagliati
Peru,135,PER,1968,Oswaldo Hercelles García,1968,1968,Q4137206,Oswaldo Hercelles García
Peru,135,PER,1968,Miguel Mujica Gallo,1968,1968,Q4308919,Miguel Mujica Gallo
Peru,135,PER,1969,Edgardo Mercado Jarrín,1968,1972,Q1284319,
Peru,135,PER,1970,Edgardo Mercado Jarrín,1968,1972,Q1284319,
Peru,135,PER,1971,Edgardo Mercado Jarrín,1968,1972,Q1284319,
Peru,135,PER,1972,Miguel Ángel de la Flor,1972,1976,Q967139,Miguel Ángel de la Flor
Peru,135,PER,1972,Edgardo Mercado Jarrín,1968,1972,Q1284319,
Peru,135,PER,1973,Miguel Ángel de la Flor,1972,1976,Q967139,Miguel Ángel de la Flor
Peru,135,PER,1974,Miguel Ángel de la Flor,1972,1976,Q967139,Miguel Ángel de la Flor
Peru,135,PER,1975,Miguel Ángel de la Flor,1972,1976,Q967139,Miguel Ángel de la Flor
Peru,135,PER,1976,Miguel Ángel de la Flor,1972,1976,Q967139,Miguel Ángel de la Flor
Peru,135,PER,1976,José de la Puente Radbill,1976,1979,Q5946444,José de la Puente Radbill
Peru,135,PER,1977,José de la Puente Radbill,1976,1979,Q5946444,José de la Puente Radbill
Peru,135,PER,1978,José de la Puente Radbill,1976,1979,Q5946444,José de la Puente Radbill
Peru,135,PER,1979,Carlos García-Bedoya Zapata,1979,1979,Q2423000,
Peru,135,PER,1979,Arturo García García,1979,1980,Q5707246,Arturo García García
Peru,135,PER,1979,José de la Puente Radbill,1976,1979,Q5946444,José de la Puente Radbill
Peru,135,PER,1980,Arturo García García,1979,1980,Q5707246,Arturo García García
Peru,135,PER,1980,Javier Arias Stella,1980,1983,Q5812526,Javier Arias Stella
Peru,135,PER,1981,Javier Arias Stella,1980,1983,Q5812526,Javier Arias Stella
Peru,135,PER,1982,Javier Arias Stella,1980,1983,Q5812526,Javier Arias Stella
Peru,135,PER,1983,Fernando Schwalb López Aldana,1983,1984,Q2889641,Fernando Schwalb López Aldana
Peru,135,PER,1983,Javier Arias Stella,1980,1983,Q5812526,Javier Arias Stella
Peru,135,PER,1984,Sandro Mariátegui Chiappe,1984,1984,Q6120017,Sandro Mariátegui Chiappe
Peru,135,PER,1984,Fernando Schwalb López Aldana,1983,1984,Q2889641,Fernando Schwalb López Aldana
Peru,135,PER,1984,Luis Pércovich Roca,1984,1985,Q3266795,Luis Pércovich Roca
Peru,135,PER,1985,Luis Pércovich Roca,1984,1985,Q3266795,Luis Pércovich Roca
Peru,135,PER,1985,Allan Wagner Tizón,1985,1988,Q533296,
Peru,135,PER,1986,Allan Wagner Tizón,1985,1988,Q533296,
Peru,135,PER,1987,Allan Wagner Tizón,1985,1988,Q533296,
Peru,135,PER,1988,Luis Gonzales Posada,1988,1989,Q3551244,Luis Gonzales Posada
Peru,135,PER,1988,Allan Wagner Tizón,1985,1988,Q533296,
Peru,135,PER,1989,Luis Gonzales Posada,1988,1989,Q3551244,Luis Gonzales Posada
Peru,135,PER,1989,Guillermo Larco Cox,1989,1990,Q5616185,Guillermo Larco Cox
Peru,135,PER,1990,Guillermo Larco Cox,1989,1990,Q5616185,Guillermo Larco Cox
Peru,135,PER,1990,Luis Marchand Stens,1990,1991,Q5983864,Luis Marchand Stens
Peru,135,PER,1991,Luis Marchand Stens,1990,1991,Q5983864,Luis Marchand Stens
Peru,135,PER,1991,Augusto Blacker Miller,1991,1992,Q5711602,
Peru,135,PER,1991,Raúl Sánchez Sotomayor,1991,1991,Q6101471,Raúl Sánchez Sotomayor
Peru,135,PER,1991,Carlos Torres y Torres Lara,1991,1991,Q5751955,Carlos Torres y Torres Lara
Peru,135,PER,1992,Óscar de la Puente Raygada,1992,1993,Q6174978,Óscar de la Puente Raygada
Peru,135,PER,1992,Augusto Blacker Miller,1991,1992,Q5711602,
Peru,135,PER,1993,Efraín Goldenberg Schreiber,1993,1995,Q2892715,
Peru,135,PER,1993,Óscar de la Puente Raygada,1992,1993,Q6174978,Óscar de la Puente Raygada
Peru,135,PER,1994,Efraín Goldenberg Schreiber,1993,1995,Q2892715,
Peru,135,PER,1995,Efraín Goldenberg Schreiber,1993,1995,Q2892715,
Peru,135,PER,1995,Francisco Tudela van Breugel,1995,1997,Q4163670,
Peru,135,PER,1996,Francisco Tudela van Breugel,1995,1997,Q4163670,
Peru,135,PER,1996,Jorge González Izquierdo,1996,1997,Q5935191,Jorge González Izquierdo
Peru,135,PER,1997,Eduardo Ferrero Costa,1997,1998,Q5654326,Eduardo Ferrero Costa
Peru,135,PER,1997,Francisco Tudela van Breugel,1995,1997,Q4163670,
Peru,135,PER,1997,Jorge González Izquierdo,1996,1997,Q5935191,Jorge González Izquierdo
Peru,135,PER,1998,Eduardo Ferrero Costa,1997,1998,Q5654326,Eduardo Ferrero Costa
Peru,135,PER,1998,Fernando de Trazegnies,1998,2000,Q3069566,Fernando de Trazegnies
Peru,135,PER,1999,Fernando de Trazegnies,1998,2000,Q3069566,Fernando de Trazegnies
Peru,135,PER,2000,Fernando de Trazegnies,1998,2000,Q3069566,Fernando de Trazegnies
Peru,135,PER,2000,Javier Pérez de Cuéllar,2000,2001,Q1259,Javier Pérez de Cuéllar
Peru,135,PER,2001,Javier Pérez de Cuéllar,2000,2001,Q1259,Javier Pérez de Cuéllar
Peru,135,PER,2001,Diego García Sayán,2001,2002,Q5274679,Diego García Sayán
Peru,135,PER,2002,Diego García Sayán,2001,2002,Q5274679,Diego García Sayán
Peru,135,PER,2002,Allan Wagner Tizón,2002,2003,Q533296,
Peru,135,PER,2003,Manuel Rodríguez Cuadros,2003,2005,Q6752851,Manuel Rodríguez Cuadros
Peru,135,PER,2003,Allan Wagner Tizón,2002,2003,Q533296,
Peru,135,PER,2004,Manuel Rodríguez Cuadros,2003,2005,Q6752851,Manuel Rodríguez Cuadros
Peru,135,PER,2005,Óscar Maúrtua de Romaña,2005,2006,Q6174876,Óscar Maúrtua de Romaña
Peru,135,PER,2005,Fernando Olivera Vega,2005,2005,Q1406788,
Peru,135,PER,2005,Manuel Rodríguez Cuadros,2003,2005,Q6752851,Manuel Rodríguez Cuadros
Peru,135,PER,2006,José Antonio García Belaúnde,2006,2011,Q58098,
Peru,135,PER,2006,Óscar Maúrtua de Romaña,2005,2006,Q6174876,Óscar Maúrtua de Romaña
Peru,135,PER,2007,José Antonio García Belaúnde,2006,2011,Q58098,
Peru,135,PER,2008,José Antonio García Belaúnde,2006,2011,Q58098,
Peru,135,PER,2009,José Antonio García Belaúnde,2006,2011,Q58098,
Peru,135,PER,2010,José Antonio García Belaúnde,2006,2011,Q58098,
Peru,135,PER,2011,Rafael Roncagliolo,2011,2013,Q7282307,Rafael Roncagliolo
Peru,135,PER,2011,José Antonio García Belaúnde,2006,2011,Q58098,
Peru,135,PER,2012,Rafael Roncagliolo,2011,2013,Q7282307,Rafael Roncagliolo
Peru,135,PER,2013,Eda Rivas,2013,2014,Q5817514,Eda Rivas
Peru,135,PER,2013,Rafael Roncagliolo,2011,2013,Q7282307,Rafael Roncagliolo
Peru,135,PER,2014,Gonzalo Gutiérrez,2014,2015,Q6440111,
Peru,135,PER,2014,Eda Rivas,2013,2014,Q5817514,Eda Rivas
Peru,135,PER,2015,Gonzalo Gutiérrez,2014,2015,Q6440111,
Peru,135,PER,2015,Ana María Sánchez,2015,2016,Q20015804,
Peru,135,PER,2016,Ricardo Luna,2016,2018,Q25911760,
Peru,135,PER,2016,Ana María Sánchez,2015,2016,Q20015804,
Peru,135,PER,2017,Ricardo Luna,2016,2018,Q25911760,
Peru,135,PER,2018,Cayetana Aljovín,2018,2018,Q25918164,
Peru,135,PER,2018,Ricardo Luna,2016,2018,Q25911760,
Peru,135,PER,2018,Néstor Popolizio,2018,2019,Q51296839,Néstor Popolizio
Peru,135,PER,2019,Néstor Popolizio,2018,2019,Q51296839,Néstor Popolizio
Philippines,840,PHL,1946,Elpidio Quirino,1946,1950,Q319943,Elpidio Quirino
Philippines,840,PHL,1947,Elpidio Quirino,1946,1950,Q319943,Elpidio Quirino
Philippines,840,PHL,1948,Elpidio Quirino,1946,1950,Q319943,Elpidio Quirino
Philippines,840,PHL,1949,Elpidio Quirino,1946,1950,Q319943,Elpidio Quirino
Philippines,840,PHL,1950,Elpidio Quirino,1946,1950,Q319943,Elpidio Quirino
Philippines,840,PHL,1950,Carlos P. Romulo,1950,1952,Q737664,Carlos P. Romulo
Philippines,840,PHL,1951,Carlos P. Romulo,1950,1952,Q737664,Carlos P. Romulo
Philippines,840,PHL,1952,Joaquin Miguel Elizalde,1952,1953,Q2613936,Joaquin Miguel Elizalde
Philippines,840,PHL,1952,Carlos P. Romulo,1950,1952,Q737664,Carlos P. Romulo
Philippines,840,PHL,1953,Joaquin Miguel Elizalde,1952,1953,Q2613936,Joaquin Miguel Elizalde
Philippines,840,PHL,1953,Carlos P. Garcia,1953,1957,Q319939,Carlos P. Garcia
Philippines,840,PHL,1954,Carlos P. Garcia,1953,1957,Q319939,Carlos P. Garcia
Philippines,840,PHL,1955,Carlos P. Garcia,1953,1957,Q319939,Carlos P. Garcia
Philippines,840,PHL,1956,Carlos P. Garcia,1953,1957,Q319939,Carlos P. Garcia
Philippines,840,PHL,1957,Carlos P. Garcia,1953,1957,Q319939,Carlos P. Garcia
Philippines,840,PHL,1957,Raul S. Manglapus,1957,1957,Q2074330,
Philippines,840,PHL,1957,Felixberto M. Serrano,1957,1961,Q30672252,
Philippines,840,PHL,1958,Felixberto M. Serrano,1957,1961,Q30672252,
Philippines,840,PHL,1959,Felixberto M. Serrano,1957,1961,Q30672252,
Philippines,840,PHL,1960,Felixberto M. Serrano,1957,1961,Q30672252,
Philippines,840,PHL,1961,Felixberto M. Serrano,1957,1961,Q30672252,
Philippines,840,PHL,1961,Emmanuel Pelaez,1961,1963,Q1338409,Emmanuel Pelaez
Philippines,840,PHL,1962,Emmanuel Pelaez,1961,1963,Q1338409,Emmanuel Pelaez
Philippines,840,PHL,1963,Emmanuel Pelaez,1961,1963,Q1338409,Emmanuel Pelaez
Philippines,840,PHL,1963,Salvador P. Lopez,1963,1964,Q1423479,Salvador P. Lopez
Philippines,840,PHL,1964,Salvador P. Lopez,1963,1964,Q1423479,Salvador P. Lopez
Philippines,840,PHL,1964,Mauro Mendez,1964,1965,,
Philippines,840,PHL,1965,Narciso Ramos,1965,1968,Q2018136,Narciso Ramos
Philippines,840,PHL,1965,Mauro Mendez,1964,1965,,
Philippines,840,PHL,1966,Narciso Ramos,1965,1968,Q2018136,Narciso Ramos
Philippines,840,PHL,1967,Narciso Ramos,1965,1968,Q2018136,Narciso Ramos
Philippines,840,PHL,1968,Narciso Ramos,1965,1968,Q2018136,Narciso Ramos
Philippines,840,PHL,1968,Carlos P. Romulo,1968,1984,Q737664,Carlos P. Romulo
Philippines,840,PHL,1969,Carlos P. Romulo,1968,1984,Q737664,Carlos P. Romulo
Philippines,840,PHL,1970,Carlos P. Romulo,1968,1984,Q737664,Carlos P. Romulo
Philippines,840,PHL,1971,Carlos P. Romulo,1968,1984,Q737664,Carlos P. Romulo
Philippines,840,PHL,1972,Carlos P. Romulo,1968,1984,Q737664,Carlos P. Romulo
Philippines,840,PHL,1973,Carlos P. Romulo,1968,1984,Q737664,Carlos P. Romulo
Philippines,840,PHL,1974,Carlos P. Romulo,1968,1984,Q737664,Carlos P. Romulo
Philippines,840,PHL,1975,Carlos P. Romulo,1968,1984,Q737664,Carlos P. Romulo
Philippines,840,PHL,1976,Carlos P. Romulo,1968,1984,Q737664,Carlos P. Romulo
Philippines,840,PHL,1977,Carlos P. Romulo,1968,1984,Q737664,Carlos P. Romulo
Philippines,840,PHL,1978,Carlos P. Romulo,1968,1984,Q737664,Carlos P. Romulo
Philippines,840,PHL,1979,Carlos P. Romulo,1968,1984,Q737664,Carlos P. Romulo
Philippines,840,PHL,1980,Carlos P. Romulo,1968,1984,Q737664,Carlos P. Romulo
Philippines,840,PHL,1981,Carlos P. Romulo,1968,1984,Q737664,Carlos P. Romulo
Philippines,840,PHL,1982,Carlos P. Romulo,1968,1984,Q737664,Carlos P. Romulo
Philippines,840,PHL,1983,Carlos P. Romulo,1968,1984,Q737664,Carlos P. Romulo
Philippines,840,PHL,1984,Manuel Collantes,1984,1984,Q2427435,Manuel Collantes
Philippines,840,PHL,1984,Arturo M. Tolentino,1984,1985,Q715565,
Philippines,840,PHL,1984,Carlos P. Romulo,1968,1984,Q737664,Carlos P. Romulo
Philippines,840,PHL,1985,Pacifico A. Castro,1985,1986,Q56259567,
Philippines,840,PHL,1985,Arturo M. Tolentino,1984,1985,Q715565,
Philippines,840,PHL,1986,Salvador Laurel,1986,1987,Q983387,Salvador Laurel
Philippines,840,PHL,1986,Pacifico A. Castro,1985,1986,Q56259567,
Philippines,840,PHL,1987,Raul S. Manglapus,1987,1992,Q2074330,
Philippines,840,PHL,1987,Manuel Yan,1987,1987,Q16018310,
Philippines,840,PHL,1987,Salvador Laurel,1986,1987,Q983387,Salvador Laurel
Philippines,840,PHL,1988,Raul S. Manglapus,1987,1992,Q2074330,
Philippines,840,PHL,1989,Raul S. Manglapus,1987,1992,Q2074330,
Philippines,840,PHL,1990,Raul S. Manglapus,1987,1992,Q2074330,
Philippines,840,PHL,1991,Raul S. Manglapus,1987,1992,Q2074330,
Philippines,840,PHL,1992,Roberto Romulo,1992,1995,,
Philippines,840,PHL,1992,Raul S. Manglapus,1987,1992,Q2074330,
Philippines,840,PHL,1993,Roberto Romulo,1992,1995,,
Philippines,840,PHL,1994,Roberto Romulo,1992,1995,,
Philippines,840,PHL,1995,Domingo Siazon,1995,2001,Q459503,Domingo Siazon
Philippines,840,PHL,1995,Roberto Romulo,1992,1995,,
Philippines,840,PHL,1996,Domingo Siazon,1995,2001,Q459503,Domingo Siazon
Philippines,840,PHL,1997,Domingo Siazon,1995,2001,Q459503,Domingo Siazon
Philippines,840,PHL,1998,Domingo Siazon,1995,2001,Q459503,Domingo Siazon
Philippines,840,PHL,1999,Domingo Siazon,1995,2001,Q459503,Domingo Siazon
Philippines,840,PHL,2000,Domingo Siazon,1995,2001,Q459503,Domingo Siazon
Philippines,840,PHL,2001,Teofisto Guingona,2001,2002,Q983317,
Philippines,840,PHL,2001,Domingo Siazon,1995,2001,Q459503,Domingo Siazon
Philippines,840,PHL,2002,Teofisto Guingona,2001,2002,Q983317,
Philippines,840,PHL,2002,Gloria Macapagal-Arroyo,2002,2002,Q123665,Gloria Macapagal-Arroyo
Philippines,840,PHL,2002,Blas Ople,2002,2003,Q517387,Blas Ople
Philippines,840,PHL,2003,Gloria Macapagal-Arroyo,2003,2003,Q123665,Gloria Macapagal-Arroyo
Philippines,840,PHL,2003,Franklin Ebdalin,2003,2003,Q56259572,
Philippines,840,PHL,2003,Blas Ople,2002,2003,Q517387,Blas Ople
Philippines,840,PHL,2003,Delia Albert,2003,2004,Q1184198,Delia Albert
Philippines,840,PHL,2004,Alberto Romulo,2004,2011,Q2067775,Alberto Romulo
Philippines,840,PHL,2004,Delia Albert,2003,2004,Q1184198,Delia Albert
Philippines,840,PHL,2005,Alberto Romulo,2004,2011,Q2067775,Alberto Romulo
Philippines,840,PHL,2006,Alberto Romulo,2004,2011,Q2067775,Alberto Romulo
Philippines,840,PHL,2007,Alberto Romulo,2004,2011,Q2067775,Alberto Romulo
Philippines,840,PHL,2008,Alberto Romulo,2004,2011,Q2067775,Alberto Romulo
Philippines,840,PHL,2009,Alberto Romulo,2004,2011,Q2067775,Alberto Romulo
Philippines,840,PHL,2010,Alberto Romulo,2004,2011,Q2067775,Alberto Romulo
Philippines,840,PHL,2011,Alberto Romulo,2004,2011,Q2067775,Alberto Romulo
Philippines,840,PHL,2011,Albert del Rosario,2011,2016,Q630905,Albert del Rosario
Philippines,840,PHL,2012,Albert del Rosario,2011,2016,Q630905,Albert del Rosario
Philippines,840,PHL,2013,Albert del Rosario,2011,2016,Q630905,Albert del Rosario
Philippines,840,PHL,2014,Albert del Rosario,2011,2016,Q630905,Albert del Rosario
Philippines,840,PHL,2015,Albert del Rosario,2011,2016,Q630905,Albert del Rosario
Philippines,840,PHL,2016,Jose Rene Almendras,2016,2016,Q1704119,
Philippines,840,PHL,2016,Albert del Rosario,2011,2016,Q630905,Albert del Rosario
Philippines,840,PHL,2016,"Perfecto Yasay, Jr.",2016,2017,Q7168139,
Philippines,840,PHL,2017,Enrique Manalo,2017,2017,Q28925129,Enrique Manalo
Philippines,840,PHL,2017,"Perfecto Yasay, Jr.",2016,2017,Q7168139,
Philippines,840,PHL,2017,Alan Peter Cayetano,2017,2018,Q471883,Alan Peter Cayetano
Philippines,840,PHL,2018,"Teodoro Locsin, Jr.",2018,2019,Q7701087,"Teodoro Locsin, Jr."
Philippines,840,PHL,2018,Alan Peter Cayetano,2017,2018,Q471883,Alan Peter Cayetano
Philippines,840,PHL,2019,"Teodoro Locsin, Jr.",2018,2019,Q7701087,"Teodoro Locsin, Jr."
Poland,290,POL,1947,Zygmunt Modzelewski,1947,1951,Q245367,Zygmunt Modzelewski
Poland,290,POL,1948,Zygmunt Modzelewski,1947,1951,Q245367,Zygmunt Modzelewski
Poland,290,POL,1949,Zygmunt Modzelewski,1947,1951,Q245367,Zygmunt Modzelewski
Poland,290,POL,1950,Zygmunt Modzelewski,1947,1951,Q245367,Zygmunt Modzelewski
Poland,290,POL,1951,Stanislaw Skrzeszewski,1951,1956,Q7943896,
Poland,290,POL,1951,Zygmunt Modzelewski,1947,1951,Q245367,Zygmunt Modzelewski
Poland,290,POL,1952,Stanislaw Skrzeszewski,1951,1956,Q7943896,
Poland,290,POL,1953,Stanislaw Skrzeszewski,1951,1956,Q7943896,
Poland,290,POL,1954,Stanislaw Skrzeszewski,1951,1956,Q7943896,
Poland,290,POL,1955,Stanislaw Skrzeszewski,1951,1956,Q7943896,
Poland,290,POL,1956,Adam Rapacki,1956,1968,Q350681,Adam Rapacki
Poland,290,POL,1956,Stanislaw Skrzeszewski,1951,1956,Q7943896,
Poland,290,POL,1957,Adam Rapacki,1956,1968,Q350681,Adam Rapacki
Poland,290,POL,1958,Adam Rapacki,1956,1968,Q350681,Adam Rapacki
Poland,290,POL,1959,Adam Rapacki,1956,1968,Q350681,Adam Rapacki
Poland,290,POL,1960,Adam Rapacki,1956,1968,Q350681,Adam Rapacki
Poland,290,POL,1961,Adam Rapacki,1956,1968,Q350681,Adam Rapacki
Poland,290,POL,1962,Adam Rapacki,1956,1968,Q350681,Adam Rapacki
Poland,290,POL,1963,Adam Rapacki,1956,1968,Q350681,Adam Rapacki
Poland,290,POL,1964,Adam Rapacki,1956,1968,Q350681,Adam Rapacki
Poland,290,POL,1965,Adam Rapacki,1956,1968,Q350681,Adam Rapacki
Poland,290,POL,1966,Adam Rapacki,1956,1968,Q350681,Adam Rapacki
Poland,290,POL,1967,Adam Rapacki,1956,1968,Q350681,Adam Rapacki
Poland,290,POL,1968,Stefan Jedrychowski,1968,1971,Q7942255,
Poland,290,POL,1968,Adam Rapacki,1956,1968,Q350681,Adam Rapacki
Poland,290,POL,1969,Stefan Jedrychowski,1968,1971,Q7942255,
Poland,290,POL,1970,Stefan Jedrychowski,1968,1971,Q7942255,
Poland,290,POL,1971,Stefan Jedrychowski,1968,1971,Q7942255,
Poland,290,POL,1971,Stefan Olszowski,1971,1976,Q9345256,Stefan Olszowski
Poland,290,POL,1972,Stefan Olszowski,1971,1976,Q9345256,Stefan Olszowski
Poland,290,POL,1973,Stefan Olszowski,1971,1976,Q9345256,Stefan Olszowski
Poland,290,POL,1974,Stefan Olszowski,1971,1976,Q9345256,Stefan Olszowski
Poland,290,POL,1975,Stefan Olszowski,1971,1976,Q9345256,Stefan Olszowski
Poland,290,POL,1976,Emil Wojtaszek,1976,1980,Q9253578,Emil Wojtaszek
Poland,290,POL,1976,Stefan Olszowski,1971,1976,Q9345256,Stefan Olszowski
Poland,290,POL,1977,Emil Wojtaszek,1976,1980,Q9253578,Emil Wojtaszek
Poland,290,POL,1978,Emil Wojtaszek,1976,1980,Q9253578,Emil Wojtaszek
Poland,290,POL,1979,Emil Wojtaszek,1976,1980,Q9253578,Emil Wojtaszek
Poland,290,POL,1980,Emil Wojtaszek,1976,1980,Q9253578,Emil Wojtaszek
Poland,290,POL,1980,Józef Czyrek,1980,1982,Q11730087,Józef Czyrek
Poland,290,POL,1981,Józef Czyrek,1980,1982,Q11730087,Józef Czyrek
Poland,290,POL,1982,Józef Czyrek,1980,1982,Q11730087,Józef Czyrek
Poland,290,POL,1982,Stefan Olszowski,1982,1985,Q9345256,Stefan Olszowski
Poland,290,POL,1983,Stefan Olszowski,1982,1985,Q9345256,Stefan Olszowski
Poland,290,POL,1984,Stefan Olszowski,1982,1985,Q9345256,Stefan Olszowski
Poland,290,POL,1985,Stefan Olszowski,1982,1985,Q9345256,Stefan Olszowski
Poland,290,POL,1985,Marian Orzechowski,1985,1988,Q11769601,Marian Orzechowski
Poland,290,POL,1986,Marian Orzechowski,1985,1988,Q11769601,Marian Orzechowski
Poland,290,POL,1987,Marian Orzechowski,1985,1988,Q11769601,Marian Orzechowski
Poland,290,POL,1988,Tadeusz Olechowski,1988,1989,Q4333740,Tadeusz Olechowski
Poland,290,POL,1988,Marian Orzechowski,1985,1988,Q11769601,Marian Orzechowski
Poland,290,POL,1989,Krzysztof Skubiszewski,1989,1993,Q663033,Krzysztof Skubiszewski
Poland,290,POL,1989,Tadeusz Olechowski,1988,1989,Q4333740,Tadeusz Olechowski
Poland,290,POL,1990,Krzysztof Skubiszewski,1989,1993,Q663033,Krzysztof Skubiszewski
Poland,290,POL,1991,Krzysztof Skubiszewski,1989,1993,Q663033,Krzysztof Skubiszewski
Poland,290,POL,1992,Krzysztof Skubiszewski,1989,1993,Q663033,Krzysztof Skubiszewski
Poland,290,POL,1993,Krzysztof Skubiszewski,1989,1993,Q663033,Krzysztof Skubiszewski
Poland,290,POL,1993,Andrzej Olechowski,1993,1995,Q515365,Andrzej Olechowski
Poland,290,POL,1994,Andrzej Olechowski,1993,1995,Q515365,Andrzej Olechowski
Poland,290,POL,1995,Wladyslaw Bartoszewski,1995,1995,Q381185,Wladyslaw Bartoszewski
Poland,290,POL,1995,Eugeniusz Wyzner,1995,1995,Q766173,Eugeniusz Wyzner
Poland,290,POL,1995,Andrzej Olechowski,1993,1995,Q515365,Andrzej Olechowski
Poland,290,POL,1995,Dariusz Rosati,1995,1997,Q1166062,Dariusz Rosati
Poland,290,POL,1996,Dariusz Rosati,1995,1997,Q1166062,Dariusz Rosati
Poland,290,POL,1997,Bronislaw Geremek,1997,2000,Q157282,
Poland,290,POL,1997,Dariusz Rosati,1995,1997,Q1166062,Dariusz Rosati
Poland,290,POL,1998,Bronislaw Geremek,1997,2000,Q157282,
Poland,290,POL,1999,Bronislaw Geremek,1997,2000,Q157282,
Poland,290,POL,2000,Bronislaw Geremek,1997,2000,Q157282,
Poland,290,POL,2000,Wladyslaw Bartoszewski,2000,2001,Q381185,Wladyslaw Bartoszewski
Poland,290,POL,2001,Wladyslaw Bartoszewski,2000,2001,Q381185,Wladyslaw Bartoszewski
Poland,290,POL,2001,Wlodzimierz Cimoszewicz,2001,2005,Q55915,
Poland,290,POL,2002,Wlodzimierz Cimoszewicz,2001,2005,Q55915,
Poland,290,POL,2003,Wlodzimierz Cimoszewicz,2001,2005,Q55915,
Poland,290,POL,2004,Wlodzimierz Cimoszewicz,2001,2005,Q55915,
Poland,290,POL,2005,Wlodzimierz Cimoszewicz,2001,2005,Q55915,
Poland,290,POL,2005,Adam Daniel Rotfeld,2005,2005,Q319551,Adam Daniel Rotfeld
Poland,290,POL,2005,Stefan Meller,2005,2006,Q552957,Stefan Meller
Poland,290,POL,2006,Anna Fotyga,2006,2007,Q432190,Anna Fotyga
Poland,290,POL,2006,Stefan Meller,2005,2006,Q552957,Stefan Meller
Poland,290,POL,2007,Radoslaw Sikorski,2007,2014,Q58085,
Poland,290,POL,2007,Anna Fotyga,2006,2007,Q432190,Anna Fotyga
Poland,290,POL,2008,Radoslaw Sikorski,2007,2014,Q58085,
Poland,290,POL,2009,Radoslaw Sikorski,2007,2014,Q58085,
Poland,290,POL,2010,Radoslaw Sikorski,2007,2014,Q58085,
Poland,290,POL,2011,Radoslaw Sikorski,2007,2014,Q58085,
Poland,290,POL,2012,Radoslaw Sikorski,2007,2014,Q58085,
Poland,290,POL,2013,Radoslaw Sikorski,2007,2014,Q58085,
Poland,290,POL,2014,Radoslaw Sikorski,2007,2014,Q58085,
Poland,290,POL,2014,Grzegorz Schetyna,2014,2015,Q362851,Grzegorz Schetyna
Poland,290,POL,2015,Witold Waszczykowski,2015,2018,Q9375875,Witold Waszczykowski
Poland,290,POL,2015,Grzegorz Schetyna,2014,2015,Q362851,Grzegorz Schetyna
Poland,290,POL,2016,Witold Waszczykowski,2015,2018,Q9375875,Witold Waszczykowski
Poland,290,POL,2017,Witold Waszczykowski,2015,2018,Q9375875,Witold Waszczykowski
Poland,290,POL,2018,Jacek Czaputowicz,2018,2019,Q11715253,Jacek Czaputowicz
Poland,290,POL,2018,Witold Waszczykowski,2015,2018,Q9375875,Witold Waszczykowski
Poland,290,POL,2019,Jacek Czaputowicz,2018,2019,Q11715253,Jacek Czaputowicz
Portugal,235,PRT,1947,José Caeiro da Mata,1947,1950,Q1709063,José Caeiro da Mata
Portugal,235,PRT,1948,José Caeiro da Mata,1947,1950,Q1709063,José Caeiro da Mata
Portugal,235,PRT,1949,José Caeiro da Mata,1947,1950,Q1709063,José Caeiro da Mata
Portugal,235,PRT,1950,José Caeiro da Mata,1947,1950,Q1709063,José Caeiro da Mata
Portugal,235,PRT,1950,Paulo Cunha,1950,1958,Q1696948,Paulo Cunha
Portugal,235,PRT,1951,Paulo Cunha,1950,1958,Q1696948,Paulo Cunha
Portugal,235,PRT,1952,Paulo Cunha,1950,1958,Q1696948,Paulo Cunha
Portugal,235,PRT,1953,Paulo Cunha,1950,1958,Q1696948,Paulo Cunha
Portugal,235,PRT,1954,Paulo Cunha,1950,1958,Q1696948,Paulo Cunha
Portugal,235,PRT,1955,Paulo Cunha,1950,1958,Q1696948,Paulo Cunha
Portugal,235,PRT,1956,Marcelo Caetano,1956,1957,Q310870,Marcelo Caetano
Portugal,235,PRT,1956,Paulo Cunha,1950,1958,Q1696948,Paulo Cunha
Portugal,235,PRT,1957,Marcelo Caetano,1957,1957,Q310870,Marcelo Caetano
Portugal,235,PRT,1957,Paulo Cunha,1950,1958,Q1696948,Paulo Cunha
Portugal,235,PRT,1957,Marcelo Caetano,1956,1957,Q310870,Marcelo Caetano
Portugal,235,PRT,1958,Paulo Cunha,1950,1958,Q1696948,Paulo Cunha
Portugal,235,PRT,1958,Marcelo Gonçalves Nunes Duarte Mathias,1958,1961,Q10325133,
Portugal,235,PRT,1959,Marcelo Gonçalves Nunes Duarte Mathias,1958,1961,Q10325133,
Portugal,235,PRT,1960,Marcelo Gonçalves Nunes Duarte Mathias,1958,1961,Q10325133,
Portugal,235,PRT,1961,Marcelo Gonçalves Nunes Duarte Mathias,1958,1961,Q10325133,
Portugal,235,PRT,1961,Alberto Franco Nogueira,1961,1969,Q10285498,
Portugal,235,PRT,1962,Alberto Franco Nogueira,1961,1969,Q10285498,
Portugal,235,PRT,1963,Alberto Franco Nogueira,1961,1969,Q10285498,
Portugal,235,PRT,1964,Alberto Franco Nogueira,1961,1969,Q10285498,
Portugal,235,PRT,1965,Alberto Franco Nogueira,1961,1969,Q10285498,
Portugal,235,PRT,1966,Alberto Franco Nogueira,1961,1969,Q10285498,
Portugal,235,PRT,1967,Alberto Franco Nogueira,1961,1969,Q10285498,
Portugal,235,PRT,1968,Alberto Franco Nogueira,1961,1969,Q10285498,
Portugal,235,PRT,1969,Alberto Franco Nogueira,1961,1969,Q10285498,
Portugal,235,PRT,1969,Marcelo Caetano,1969,1970,Q310870,Marcelo Caetano
Portugal,235,PRT,1970,Rui Manuel de Medeiros d'Espiney Patrício,1970,1974,Q10365311,
Portugal,235,PRT,1970,Marcelo Caetano,1969,1970,Q310870,Marcelo Caetano
Portugal,235,PRT,1971,Rui Manuel de Medeiros d'Espiney Patrício,1970,1974,Q10365311,
Portugal,235,PRT,1972,Rui Manuel de Medeiros d'Espiney Patrício,1970,1974,Q10365311,
Portugal,235,PRT,1973,Rui Manuel de Medeiros d'Espiney Patrício,1970,1974,Q10365311,
Portugal,235,PRT,1974,Mário Soares,1974,1975,Q156781,Mário Soares
Portugal,235,PRT,1974,Rui Manuel de Medeiros d'Espiney Patrício,1970,1974,Q10365311,
Portugal,235,PRT,1975,Mário João Oliveira Ruivo,1975,1975,Q16940280,
Portugal,235,PRT,1975,Ernesto Augusto de Melo Antunes,1975,1976,Q736289,Ernesto Augusto de Melo Antunes
Portugal,235,PRT,1975,Ernesto Augusto de Melo Antunes,1975,1975,Q736289,Ernesto Augusto de Melo Antunes
Portugal,235,PRT,1975,Mário Soares,1974,1975,Q156781,Mário Soares
Portugal,235,PRT,1976,José Medeiros Ferreira,1976,1977,Q4287613,José Medeiros Ferreira
Portugal,235,PRT,1976,Ernesto Augusto de Melo Antunes,1975,1976,Q736289,Ernesto Augusto de Melo Antunes
Portugal,235,PRT,1977,Mário Soares,1977,1978,Q156781,Mário Soares
Portugal,235,PRT,1977,José Medeiros Ferreira,1976,1977,Q4287613,José Medeiros Ferreira
Portugal,235,PRT,1978,João Carlos Lopes Cardoso de Freitas Cruz,1978,1980,Q10312487,
Portugal,235,PRT,1978,Vítor Sá Machado,1978,1978,Q10390387,
Portugal,235,PRT,1978,Mário Soares,1977,1978,Q156781,Mário Soares
Portugal,235,PRT,1978,Carlos Jorge Mendes Correia Gago,1978,1978,Q9696968,
Portugal,235,PRT,1979,João Carlos Lopes Cardoso de Freitas Cruz,1978,1980,Q10312487,
Portugal,235,PRT,1980,Diogo Freitas do Amaral,1980,1981,Q438868,
Portugal,235,PRT,1980,João Carlos Lopes Cardoso de Freitas Cruz,1978,1980,Q10312487,
Portugal,235,PRT,1981,André Gonçalves Pereira,1981,1982,Q9614323,André Gonçalves Pereira
Portugal,235,PRT,1981,Diogo Freitas do Amaral,1980,1981,Q438868,
Portugal,235,PRT,1982,Vasco Futscher Pereira,1982,1983,Q10389304,
Portugal,235,PRT,1982,André Gonçalves Pereira,1981,1982,Q9614323,André Gonçalves Pereira
Portugal,235,PRT,1983,Vasco Futscher Pereira,1982,1983,Q10389304,
Portugal,235,PRT,1983,Jaime Gama,1983,1985,Q472589,Jaime Gama
Portugal,235,PRT,1984,Jaime Gama,1983,1985,Q472589,Jaime Gama
Portugal,235,PRT,1985,Jaime Gama,1983,1985,Q472589,Jaime Gama
Portugal,235,PRT,1985,Pedro Pires de Miranda,1985,1987,Q10347708,Pedro Pires de Miranda
Portugal,235,PRT,1986,Pedro Pires de Miranda,1985,1987,Q10347708,Pedro Pires de Miranda
Portugal,235,PRT,1987,Pedro Pires de Miranda,1985,1987,Q10347708,Pedro Pires de Miranda
Portugal,235,PRT,1987,João de Deus Pinheiro,1987,1992,Q722614,João de Deus Pinheiro
Portugal,235,PRT,1988,João de Deus Pinheiro,1987,1992,Q722614,João de Deus Pinheiro
Portugal,235,PRT,1989,João de Deus Pinheiro,1987,1992,Q722614,João de Deus Pinheiro
Portugal,235,PRT,1990,João de Deus Pinheiro,1987,1992,Q722614,João de Deus Pinheiro
Portugal,235,PRT,1991,João de Deus Pinheiro,1987,1992,Q722614,João de Deus Pinheiro
Portugal,235,PRT,1992,João de Deus Pinheiro,1987,1992,Q722614,João de Deus Pinheiro
Portugal,235,PRT,1992,José Manuel Durão Barroso,1992,1995,Q15849,José Manuel Durão Barroso
Portugal,235,PRT,1993,José Manuel Durão Barroso,1992,1995,Q15849,José Manuel Durão Barroso
Portugal,235,PRT,1994,José Manuel Durão Barroso,1992,1995,Q15849,José Manuel Durão Barroso
Portugal,235,PRT,1995,José Manuel Durão Barroso,1992,1995,Q15849,José Manuel Durão Barroso
Portugal,235,PRT,1995,Jaime Gama,1995,2002,Q472589,Jaime Gama
Portugal,235,PRT,1996,Jaime Gama,1995,2002,Q472589,Jaime Gama
Portugal,235,PRT,1997,Jaime Gama,1995,2002,Q472589,Jaime Gama
Portugal,235,PRT,1998,Jaime Gama,1995,2002,Q472589,Jaime Gama
Portugal,235,PRT,1999,Jaime Gama,1995,2002,Q472589,Jaime Gama
Portugal,235,PRT,2000,Jaime Gama,1995,2002,Q472589,Jaime Gama
Portugal,235,PRT,2001,Jaime Gama,1995,2002,Q472589,Jaime Gama
Portugal,235,PRT,2002,Jaime Gama,1995,2002,Q472589,Jaime Gama
Portugal,235,PRT,2002,António Martins da Cruz,2002,2003,Q16336736,
Portugal,235,PRT,2003,António Martins da Cruz,2002,2003,Q16336736,
Portugal,235,PRT,2003,Teresa Patrício Gouveia,2003,2004,Q7702196,Teresa Patrício Gouveia
Portugal,235,PRT,2004,António Monteiro,2004,2005,Q2857765,
Portugal,235,PRT,2004,Teresa Patrício Gouveia,2003,2004,Q7702196,Teresa Patrício Gouveia
Portugal,235,PRT,2005,António Monteiro,2004,2005,Q2857765,
Portugal,235,PRT,2005,Diogo Freitas do Amaral,2005,2006,Q438868,
Portugal,235,PRT,2006,Diogo Freitas do Amaral,2005,2006,Q438868,
Portugal,235,PRT,2006,Luís Amado,2006,2011,Q1382641,Luís Amado
Portugal,235,PRT,2007,Luís Amado,2006,2011,Q1382641,Luís Amado
Portugal,235,PRT,2008,Luís Amado,2006,2011,Q1382641,Luís Amado
Portugal,235,PRT,2009,Luís Amado,2006,2011,Q1382641,Luís Amado
Portugal,235,PRT,2010,Luís Amado,2006,2011,Q1382641,Luís Amado
Portugal,235,PRT,2011,Luís Amado,2006,2011,Q1382641,Luís Amado
Portugal,235,PRT,2011,Paulo Portas,2011,2013,Q58161,Paulo Portas
Portugal,235,PRT,2012,Paulo Portas,2011,2013,Q58161,Paulo Portas
Portugal,235,PRT,2013,Paulo Portas,2011,2013,Q58161,Paulo Portas
Portugal,235,PRT,2013,Rui Machete,2013,2015,Q10365280,Rui Machete
Portugal,235,PRT,2014,Rui Machete,2013,2015,Q10365280,Rui Machete
Portugal,235,PRT,2015,Rui Machete,2013,2015,Q10365280,Rui Machete
Portugal,235,PRT,2015,Augusto Santos Silva,2015,2019,Q769747,Augusto Santos Silva
Portugal,235,PRT,2016,Augusto Santos Silva,2015,2019,Q769747,Augusto Santos Silva
Portugal,235,PRT,2017,Augusto Santos Silva,2015,2019,Q769747,Augusto Santos Silva
Portugal,235,PRT,2018,Augusto Santos Silva,2015,2019,Q769747,Augusto Santos Silva
Portugal,235,PRT,2019,Augusto Santos Silva,2015,2019,Q769747,Augusto Santos Silva
Qatar,694,QAT,1971,Sheikh Khalifa ibn Hamad Al Thani,1971,1972,Q2072385,
Qatar,694,QAT,1972,Sheikh Khalifa ibn Hamad Al Thani,1971,1972,Q2072385,
Qatar,694,QAT,1972,Sheikh Suhaym ibn Hamad Al Thani,1972,1985,Q7635208,
Qatar,694,QAT,1973,Sheikh Suhaym ibn Hamad Al Thani,1972,1985,Q7635208,
Qatar,694,QAT,1974,Sheikh Suhaym ibn Hamad Al Thani,1972,1985,Q7635208,
Qatar,694,QAT,1975,Sheikh Suhaym ibn Hamad Al Thani,1972,1985,Q7635208,
Qatar,694,QAT,1976,Sheikh Suhaym ibn Hamad Al Thani,1972,1985,Q7635208,
Qatar,694,QAT,1977,Sheikh Suhaym ibn Hamad Al Thani,1972,1985,Q7635208,
Qatar,694,QAT,1978,Sheikh Suhaym ibn Hamad Al Thani,1972,1985,Q7635208,
Qatar,694,QAT,1979,Sheikh Suhaym ibn Hamad Al Thani,1972,1985,Q7635208,
Qatar,694,QAT,1980,Sheikh Suhaym ibn Hamad Al Thani,1972,1985,Q7635208,
Qatar,694,QAT,1981,Sheikh Suhaym ibn Hamad Al Thani,1972,1985,Q7635208,
Qatar,694,QAT,1982,Sheikh Suhaym ibn Hamad Al Thani,1972,1985,Q7635208,
Qatar,694,QAT,1983,Sheikh Suhaym ibn Hamad Al Thani,1972,1985,Q7635208,
Qatar,694,QAT,1984,Sheikh Suhaym ibn Hamad Al Thani,1972,1985,Q7635208,
Qatar,694,QAT,1985,Sheikh Suhaym ibn Hamad Al Thani,1972,1985,Q7635208,
Qatar,694,QAT,1985,Sheikh Ahmad ibn Sayf Al Thani,1985,1989,Q4696098,
Qatar,694,QAT,1986,Sheikh Ahmad ibn Sayf Al Thani,1985,1989,Q4696098,
Qatar,694,QAT,1987,Sheikh Ahmad ibn Sayf Al Thani,1985,1989,Q4696098,
Qatar,694,QAT,1988,Sheikh Ahmad ibn Sayf Al Thani,1985,1989,Q4696098,
Qatar,694,QAT,1989,Abdullah ibn Khalifa al-Attiyah,1989,1990,Q2820939,
Qatar,694,QAT,1989,Sheikh Ahmad ibn Sayf Al Thani,1985,1989,Q4696098,
Qatar,694,QAT,1990,Abdullah ibn Khalifa al-Attiyah,1989,1990,Q2820939,
Qatar,694,QAT,1990,Mubarak Ali al-Khater,1990,1992,Q12238502,
Qatar,694,QAT,1991,Mubarak Ali al-Khater,1990,1992,Q12238502,
Qatar,694,QAT,1992,Sheikh Hamad ibn Jassim ibn Jabr Al Thani,1992,2013,Q57734,
Qatar,694,QAT,1992,Mubarak Ali al-Khater,1990,1992,Q12238502,
Qatar,694,QAT,1993,Sheikh Hamad ibn Jassim ibn Jabr Al Thani,1992,2013,Q57734,
Qatar,694,QAT,1994,Sheikh Hamad ibn Jassim ibn Jabr Al Thani,1992,2013,Q57734,
Qatar,694,QAT,1995,Sheikh Hamad ibn Jassim ibn Jabr Al Thani,1992,2013,Q57734,
Qatar,694,QAT,1996,Sheikh Hamad ibn Jassim ibn Jabr Al Thani,1992,2013,Q57734,
Qatar,694,QAT,1997,Sheikh Hamad ibn Jassim ibn Jabr Al Thani,1992,2013,Q57734,
Qatar,694,QAT,1998,Sheikh Hamad ibn Jassim ibn Jabr Al Thani,1992,2013,Q57734,
Qatar,694,QAT,1999,Sheikh Hamad ibn Jassim ibn Jabr Al Thani,1992,2013,Q57734,
Qatar,694,QAT,2000,Sheikh Hamad ibn Jassim ibn Jabr Al Thani,1992,2013,Q57734,
Qatar,694,QAT,2001,Sheikh Hamad ibn Jassim ibn Jabr Al Thani,1992,2013,Q57734,
Qatar,694,QAT,2002,Sheikh Hamad ibn Jassim ibn Jabr Al Thani,1992,2013,Q57734,
Qatar,694,QAT,2003,Sheikh Hamad ibn Jassim ibn Jabr Al Thani,1992,2013,Q57734,
Qatar,694,QAT,2004,Sheikh Hamad ibn Jassim ibn Jabr Al Thani,1992,2013,Q57734,
Qatar,694,QAT,2005,Sheikh Hamad ibn Jassim ibn Jabr Al Thani,1992,2013,Q57734,
Qatar,694,QAT,2006,Sheikh Hamad ibn Jassim ibn Jabr Al Thani,1992,2013,Q57734,
Qatar,694,QAT,2007,Sheikh Hamad ibn Jassim ibn Jabr Al Thani,1992,2013,Q57734,
Qatar,694,QAT,2008,Sheikh Hamad ibn Jassim ibn Jabr Al Thani,1992,2013,Q57734,
Qatar,694,QAT,2009,Sheikh Hamad ibn Jassim ibn Jabr Al Thani,1992,2013,Q57734,
Qatar,694,QAT,2010,Sheikh Hamad ibn Jassim ibn Jabr Al Thani,1992,2013,Q57734,
Qatar,694,QAT,2011,Sheikh Hamad ibn Jassim ibn Jabr Al Thani,1992,2013,Q57734,
Qatar,694,QAT,2012,Sheikh Hamad ibn Jassim ibn Jabr Al Thani,1992,2013,Q57734,
Qatar,694,QAT,2013,Khalid al-Attiyah,2013,2016,Q13560046,
Qatar,694,QAT,2013,Sheikh Hamad ibn Jassim ibn Jabr Al Thani,1992,2013,Q57734,
Qatar,694,QAT,2014,Khalid al-Attiyah,2013,2016,Q13560046,
Qatar,694,QAT,2015,Khalid al-Attiyah,2013,2016,Q13560046,
Qatar,694,QAT,2016,Khalid al-Attiyah,2013,2016,Q13560046,
Qatar,694,QAT,2016,Sheikh Muhammad ibn Abdul Rahman Al Thani,2016,2019,Q23020336,
Qatar,694,QAT,2017,Sheikh Muhammad ibn Abdul Rahman Al Thani,2016,2019,Q23020336,
Qatar,694,QAT,2018,Sheikh Muhammad ibn Abdul Rahman Al Thani,2016,2019,Q23020336,
Qatar,694,QAT,2019,Sheikh Muhammad ibn Abdul Rahman Al Thani,2016,2019,Q23020336,
Romania,360,ROM,1947,Ana Pauker,1947,1952,Q230974,Ana Pauker
Romania,360,ROM,1948,Ana Pauker,1947,1952,Q230974,Ana Pauker
Romania,360,ROM,1949,Ana Pauker,1947,1952,Q230974,Ana Pauker
Romania,360,ROM,1950,Ana Pauker,1947,1952,Q230974,Ana Pauker
Romania,360,ROM,1951,Ana Pauker,1947,1952,Q230974,Ana Pauker
Romania,360,ROM,1952,Ana Pauker,1947,1952,Q230974,Ana Pauker
Romania,360,ROM,1952,Simion Bughici,1952,1955,Q2904785,Simion Bughici
Romania,360,ROM,1953,Simion Bughici,1952,1955,Q2904785,Simion Bughici
Romania,360,ROM,1954,Simion Bughici,1952,1955,Q2904785,Simion Bughici
Romania,360,ROM,1955,Grigore Preoteasa,1955,1957,Q505962,Grigore Preoteasa
Romania,360,ROM,1955,Simion Bughici,1952,1955,Q2904785,Simion Bughici
Romania,360,ROM,1956,Grigore Preoteasa,1955,1957,Q505962,Grigore Preoteasa
Romania,360,ROM,1957,Ion Gheorghe Maurer,1957,1958,Q362380,Ion Gheorghe Maurer
Romania,360,ROM,1957,Grigore Preoteasa,1955,1957,Q505962,Grigore Preoteasa
Romania,360,ROM,1958,Ion Gheorghe Maurer,1957,1958,Q362380,Ion Gheorghe Maurer
Romania,360,ROM,1958,Avram Bunaciu,1958,1961,Q2905114,Avram Bunaciu
Romania,360,ROM,1959,Avram Bunaciu,1958,1961,Q2905114,Avram Bunaciu
Romania,360,ROM,1960,Avram Bunaciu,1958,1961,Q2905114,Avram Bunaciu
Romania,360,ROM,1961,Avram Bunaciu,1958,1961,Q2905114,Avram Bunaciu
Romania,360,ROM,1961,Corneliu Manescu,1961,1972,Q1133683,
Romania,360,ROM,1962,Corneliu Manescu,1961,1972,Q1133683,
Romania,360,ROM,1963,Corneliu Manescu,1961,1972,Q1133683,
Romania,360,ROM,1964,Corneliu Manescu,1961,1972,Q1133683,
Romania,360,ROM,1965,Corneliu Manescu,1961,1972,Q1133683,
Romania,360,ROM,1966,Corneliu Manescu,1961,1972,Q1133683,
Romania,360,ROM,1967,Corneliu Manescu,1961,1972,Q1133683,
Romania,360,ROM,1968,Corneliu Manescu,1961,1972,Q1133683,
Romania,360,ROM,1969,Corneliu Manescu,1961,1972,Q1133683,
Romania,360,ROM,1970,Corneliu Manescu,1961,1972,Q1133683,
Romania,360,ROM,1971,Corneliu Manescu,1961,1972,Q1133683,
Romania,360,ROM,1972,George Macovescu,1972,1978,Q533683,George Macovescu
Romania,360,ROM,1972,Corneliu Manescu,1961,1972,Q1133683,
Romania,360,ROM,1973,George Macovescu,1972,1978,Q533683,George Macovescu
Romania,360,ROM,1974,George Macovescu,1972,1978,Q533683,George Macovescu
Romania,360,ROM,1975,George Macovescu,1972,1978,Q533683,George Macovescu
Romania,360,ROM,1976,George Macovescu,1972,1978,Q533683,George Macovescu
Romania,360,ROM,1977,George Macovescu,1972,1978,Q533683,George Macovescu
Romania,360,ROM,1978,Stefan Andrei,1978,1985,Q4065797,
Romania,360,ROM,1978,George Macovescu,1972,1978,Q533683,George Macovescu
Romania,360,ROM,1979,Stefan Andrei,1978,1985,Q4065797,
Romania,360,ROM,1980,Stefan Andrei,1978,1985,Q4065797,
Romania,360,ROM,1981,Stefan Andrei,1978,1985,Q4065797,
Romania,360,ROM,1982,Stefan Andrei,1978,1985,Q4065797,
Romania,360,ROM,1983,Stefan Andrei,1978,1985,Q4065797,
Romania,360,ROM,1984,Stefan Andrei,1978,1985,Q4065797,
Romania,360,ROM,1985,Stefan Andrei,1978,1985,Q4065797,
Romania,360,ROM,1985,Ilie Vaduva,1985,1986,Q5998130,
Romania,360,ROM,1986,Ilie Vaduva,1985,1986,Q5998130,
Romania,360,ROM,1986,Ioan Totu,1986,1989,Q6061876,Ioan Totu
Romania,360,ROM,1987,Ioan Totu,1986,1989,Q6061876,Ioan Totu
Romania,360,ROM,1988,Ioan Totu,1986,1989,Q6061876,Ioan Totu
Romania,360,ROM,1989,Sergiu Celac,1989,1990,Q7454474,Sergiu Celac
Romania,360,ROM,1989,Ion Stoian,1989,1989,Q6063332,Ion Stoian
Romania,360,ROM,1989,Ioan Totu,1986,1989,Q6061876,Ioan Totu
Romania,360,ROM,1990,Sergiu Celac,1989,1990,Q7454474,Sergiu Celac
Romania,360,ROM,1990,Adrian Nastase,1990,1992,Q271966,Adrian Nastase
Romania,360,ROM,1991,Adrian Nastase,1990,1992,Q271966,Adrian Nastase
Romania,360,ROM,1992,Adrian Nastase,1990,1992,Q271966,Adrian Nastase
Romania,360,ROM,1992,Teodor Melescanu,1992,1996,Q3518228,
Romania,360,ROM,1993,Teodor Melescanu,1992,1996,Q3518228,
Romania,360,ROM,1994,Teodor Melescanu,1992,1996,Q3518228,
Romania,360,ROM,1995,Teodor Melescanu,1992,1996,Q3518228,
Romania,360,ROM,1996,Adrian Severin,1996,1997,Q374179,Adrian Severin
Romania,360,ROM,1996,Teodor Melescanu,1992,1996,Q3518228,
Romania,360,ROM,1997,Andrei Plesu,1997,1999,Q502417,
Romania,360,ROM,1997,Adrian Severin,1996,1997,Q374179,Adrian Severin
Romania,360,ROM,1998,Andrei Plesu,1997,1999,Q502417,
Romania,360,ROM,1999,Andrei Plesu,1997,1999,Q502417,
Romania,360,ROM,1999,Petre Roman,1999,2000,Q316823,Petre Roman
Romania,360,ROM,2000,Petre Roman,1999,2000,Q316823,Petre Roman
Romania,360,ROM,2000,Mircea Geoana,2000,2004,Q435200,
Romania,360,ROM,2001,Mircea Geoana,2000,2004,Q435200,
Romania,360,ROM,2002,Mircea Geoana,2000,2004,Q435200,
Romania,360,ROM,2003,Mircea Geoana,2000,2004,Q435200,
Romania,360,ROM,2004,Mihai-Razvan Ungureanu,2004,2007,Q152362,
Romania,360,ROM,2004,Mircea Geoana,2000,2004,Q435200,
Romania,360,ROM,2005,Mihai-Razvan Ungureanu,2004,2007,Q152362,
Romania,360,ROM,2006,Mihai-Razvan Ungureanu,2004,2007,Q152362,
Romania,360,ROM,2007,Mihai-Razvan Ungureanu,2004,2007,Q152362,
Romania,360,ROM,2007,Calin Popescu-Tariceanu,2007,2007,Q207473,
Romania,360,ROM,2007,Adrian Cioroianu,2007,2008,Q372760,Adrian Cioroianu
Romania,360,ROM,2008,Adrian Cioroianu,2007,2008,Q372760,Adrian Cioroianu
Romania,360,ROM,2008,Cristian Diaconescu,2008,2009,Q240730,Cristian Diaconescu
Romania,360,ROM,2008,Lazar Comanescu,2008,2008,Q921306,
Romania,360,ROM,2009,Cristian Diaconescu,2008,2009,Q240730,Cristian Diaconescu
Romania,360,ROM,2009,Teodor Baconschi,2009,2012,Q3518225,Teodor Baconschi
Romania,360,ROM,2009,Catalin Predoiu,2009,2009,Q1151156,
Romania,360,ROM,2010,Teodor Baconschi,2009,2012,Q3518225,Teodor Baconschi
Romania,360,ROM,2011,Teodor Baconschi,2009,2012,Q3518225,Teodor Baconschi
Romania,360,ROM,2012,Titus Corlatean,2012,2014,Q58167,Titus Corlatean
Romania,360,ROM,2012,Teodor Baconschi,2009,2012,Q3518225,Teodor Baconschi
Romania,360,ROM,2012,Andrei Marga,2012,2012,Q291174,Andrei Marga
Romania,360,ROM,2012,Cristian Diaconescu,2012,2012,Q240730,Cristian Diaconescu
Romania,360,ROM,2013,Titus Corlatean,2012,2014,Q58167,Titus Corlatean
Romania,360,ROM,2014,Titus Corlatean,2012,2014,Q58167,Titus Corlatean
Romania,360,ROM,2014,Teodor Melescanu,2014,2014,Q3518228,
Romania,360,ROM,2014,Bogdan Aurescu,2014,2015,Q18537583,Bogdan Aurescu
Romania,360,ROM,2015,Bogdan Aurescu,2014,2015,Q18537583,Bogdan Aurescu
Romania,360,ROM,2015,Lazar Comanescu,2015,2017,Q921306,
Romania,360,ROM,2016,Lazar Comanescu,2015,2017,Q921306,
Romania,360,ROM,2017,Lazar Comanescu,2015,2017,Q921306,
Romania,360,ROM,2017,Teodor Melescanu,2017,2019,Q3518228,
Romania,360,ROM,2018,Teodor Melescanu,2017,2019,Q3518228,
Romania,360,ROM,2019,Teodor Melescanu,2017,2019,Q3518228,
Russia,365,RUS,1946,vacant,1946,1959,,
Russia,365,RUS,1947,vacant,1946,1959,,
Russia,365,RUS,1948,vacant,1946,1959,,
Russia,365,RUS,1949,vacant,1946,1959,,
Russia,365,RUS,1950,vacant,1946,1959,,
Russia,365,RUS,1951,vacant,1946,1959,,
Russia,365,RUS,1952,vacant,1946,1959,,
Russia,365,RUS,1953,vacant,1946,1959,,
Russia,365,RUS,1954,vacant,1946,1959,,
Russia,365,RUS,1955,vacant,1946,1959,,
Russia,365,RUS,1956,vacant,1946,1959,,
Russia,365,RUS,1957,vacant,1946,1959,,
Russia,365,RUS,1958,vacant,1946,1959,,
Russia,365,RUS,1959,vacant,1946,1959,,
Russia,365,RUS,1959,Mikhail Yakovlev,1959,1960,Q4536919,
Russia,365,RUS,1960,Mikhail Yakovlev,1959,1960,Q4536919,
Russia,365,RUS,1960,Sergey Lapin,1960,1962,Q3479741,
Russia,365,RUS,1961,Sergey Lapin,1960,1962,Q3479741,
Russia,365,RUS,1962,Sergey Lapin,1960,1962,Q3479741,
Russia,365,RUS,1962,Mikhail Menshikov,1962,1968,Q4290649,
Russia,365,RUS,1963,Mikhail Menshikov,1962,1968,Q4290649,
Russia,365,RUS,1964,Mikhail Menshikov,1962,1968,Q4290649,
Russia,365,RUS,1965,Mikhail Menshikov,1962,1968,Q4290649,
Russia,365,RUS,1966,Mikhail Menshikov,1962,1968,Q4290649,
Russia,365,RUS,1967,Mikhail Menshikov,1962,1968,Q4290649,
Russia,365,RUS,1968,Aleksey Rodionov,1968,1971,Q4395799,
Russia,365,RUS,1968,Mikhail Menshikov,1962,1968,Q4290649,
Russia,365,RUS,1969,Aleksey Rodionov,1968,1971,Q4395799,
Russia,365,RUS,1970,Aleksey Rodionov,1968,1971,Q4395799,
Russia,365,RUS,1971,Aleksey Rodionov,1968,1971,Q4395799,
Russia,365,RUS,1971,Fyodor Titov,1971,1982,Q4458278,
Russia,365,RUS,1972,Fyodor Titov,1971,1982,Q4458278,
Russia,365,RUS,1973,Fyodor Titov,1971,1982,Q4458278,
Russia,365,RUS,1974,Fyodor Titov,1971,1982,Q4458278,
Russia,365,RUS,1975,Fyodor Titov,1971,1982,Q4458278,
Russia,365,RUS,1976,Fyodor Titov,1971,1982,Q4458278,
Russia,365,RUS,1977,Fyodor Titov,1971,1982,Q4458278,
Russia,365,RUS,1978,Fyodor Titov,1971,1982,Q4458278,
Russia,365,RUS,1979,Fyodor Titov,1971,1982,Q4458278,
Russia,365,RUS,1980,Fyodor Titov,1971,1982,Q4458278,
Russia,365,RUS,1981,Fyodor Titov,1971,1982,Q4458278,
Russia,365,RUS,1982,Vladimir Vinogradov,1982,1990,Q4111738,Vladimir Vinogradov
Russia,365,RUS,1982,Fyodor Titov,1971,1982,Q4458278,
Russia,365,RUS,1983,Vladimir Vinogradov,1982,1990,Q4111738,Vladimir Vinogradov
Russia,365,RUS,1984,Vladimir Vinogradov,1982,1990,Q4111738,Vladimir Vinogradov
Russia,365,RUS,1985,Vladimir Vinogradov,1982,1990,Q4111738,Vladimir Vinogradov
Russia,365,RUS,1986,Vladimir Vinogradov,1982,1990,Q4111738,Vladimir Vinogradov
Russia,365,RUS,1987,Vladimir Vinogradov,1982,1990,Q4111738,Vladimir Vinogradov
Russia,365,RUS,1988,Vladimir Vinogradov,1982,1990,Q4111738,Vladimir Vinogradov
Russia,365,RUS,1989,Vladimir Vinogradov,1982,1990,Q4111738,Vladimir Vinogradov
Russia,365,RUS,1990,Andrey Kozyrev,1990,1996,Q502746,Andrey Kozyrev
Russia,365,RUS,1990,Vladimir Vinogradov,1982,1990,Q4111738,Vladimir Vinogradov
Russia,365,RUS,1991,Andrey Kozyrev,1990,1996,Q502746,Andrey Kozyrev
Russia,365,RUS,1992,Andrey Kozyrev,1990,1996,Q502746,Andrey Kozyrev
Russia,365,RUS,1993,Andrey Kozyrev,1990,1996,Q502746,Andrey Kozyrev
Russia,365,RUS,1994,Andrey Kozyrev,1990,1996,Q502746,Andrey Kozyrev
Russia,365,RUS,1995,Andrey Kozyrev,1990,1996,Q502746,Andrey Kozyrev
Russia,365,RUS,1996,Andrey Kozyrev,1990,1996,Q502746,Andrey Kozyrev
Russia,365,RUS,1996,Yevgeny Primakov,1996,1998,Q270529,Yevgeny Primakov
Russia,365,RUS,1997,Yevgeny Primakov,1996,1998,Q270529,Yevgeny Primakov
Russia,365,RUS,1998,Yevgeny Primakov,1996,1998,Q270529,Yevgeny Primakov
Russia,365,RUS,1998,Igor Ivanov,1998,2004,Q378027,Igor Ivanov
Russia,365,RUS,1999,Igor Ivanov,1998,2004,Q378027,Igor Ivanov
Russia,365,RUS,2000,Igor Ivanov,1998,2004,Q378027,Igor Ivanov
Russia,365,RUS,2001,Igor Ivanov,1998,2004,Q378027,Igor Ivanov
Russia,365,RUS,2002,Igor Ivanov,1998,2004,Q378027,Igor Ivanov
Russia,365,RUS,2003,Igor Ivanov,1998,2004,Q378027,Igor Ivanov
Russia,365,RUS,2004,Sergey Lavrov,2004,2019,Q58217,Sergey Lavrov
Russia,365,RUS,2004,Igor Ivanov,1998,2004,Q378027,Igor Ivanov
Russia,365,RUS,2005,Sergey Lavrov,2004,2019,Q58217,Sergey Lavrov
Russia,365,RUS,2006,Sergey Lavrov,2004,2019,Q58217,Sergey Lavrov
Russia,365,RUS,2007,Sergey Lavrov,2004,2019,Q58217,Sergey Lavrov
Russia,365,RUS,2008,Sergey Lavrov,2004,2019,Q58217,Sergey Lavrov
Russia,365,RUS,2009,Sergey Lavrov,2004,2019,Q58217,Sergey Lavrov
Russia,365,RUS,2010,Sergey Lavrov,2004,2019,Q58217,Sergey Lavrov
Russia,365,RUS,2011,Sergey Lavrov,2004,2019,Q58217,Sergey Lavrov
Russia,365,RUS,2012,Sergey Lavrov,2004,2019,Q58217,Sergey Lavrov
Russia,365,RUS,2013,Sergey Lavrov,2004,2019,Q58217,Sergey Lavrov
Russia,365,RUS,2014,Sergey Lavrov,2004,2019,Q58217,Sergey Lavrov
Russia,365,RUS,2015,Sergey Lavrov,2004,2019,Q58217,Sergey Lavrov
Russia,365,RUS,2016,Sergey Lavrov,2004,2019,Q58217,Sergey Lavrov
Russia,365,RUS,2017,Sergey Lavrov,2004,2019,Q58217,Sergey Lavrov
Russia,365,RUS,2018,Sergey Lavrov,2004,2019,Q58217,Sergey Lavrov
Russia,365,RUS,2019,Sergey Lavrov,2004,2019,Q58217,Sergey Lavrov
Rwanda,517,RWA,1961,Otto Rusingizandekwe,1961,1962,,
Rwanda,517,RWA,1962,Callixte Habamenshi,1962,1963,,
Rwanda,517,RWA,1962,Otto Rusingizandekwe,1961,1962,,
Rwanda,517,RWA,1963,Callixte Habamenshi,1962,1963,,
Rwanda,517,RWA,1963,Lazare Mpakaniye,1963,1965,,
Rwanda,517,RWA,1964,Lazare Mpakaniye,1963,1965,,
Rwanda,517,RWA,1965,Lazare Mpakaniye,1963,1965,,
Rwanda,517,RWA,1965,Thaddée Bagaragaza,1965,1969,,
Rwanda,517,RWA,1966,Thaddée Bagaragaza,1965,1969,,
Rwanda,517,RWA,1967,Thaddée Bagaragaza,1965,1969,,
Rwanda,517,RWA,1968,Thaddée Bagaragaza,1965,1969,,
Rwanda,517,RWA,1969,Sylvestre Nsanzimana,1969,1971,Q1293663,Sylvestre Nsanzimana
Rwanda,517,RWA,1969,Thaddée Bagaragaza,1965,1969,,
Rwanda,517,RWA,1970,Sylvestre Nsanzimana,1969,1971,Q1293663,Sylvestre Nsanzimana
Rwanda,517,RWA,1971,Deogratias Gashonga,1971,1972,,
Rwanda,517,RWA,1971,Sylvestre Nsanzimana,1969,1971,Q1293663,Sylvestre Nsanzimana
Rwanda,517,RWA,1972,Augustin Munyaneza,1972,1973,,
Rwanda,517,RWA,1972,Deogratias Gashonga,1971,1972,,
Rwanda,517,RWA,1973,Aloys Nsekalije,1973,1979,,
Rwanda,517,RWA,1973,Augustin Munyaneza,1972,1973,,
Rwanda,517,RWA,1974,Aloys Nsekalije,1973,1979,,
Rwanda,517,RWA,1975,Aloys Nsekalije,1973,1979,,
Rwanda,517,RWA,1976,Aloys Nsekalije,1973,1979,,
Rwanda,517,RWA,1977,Aloys Nsekalije,1973,1979,,
Rwanda,517,RWA,1978,Aloys Nsekalije,1973,1979,,
Rwanda,517,RWA,1979,Aloys Nsekalije,1973,1979,,
Rwanda,517,RWA,1979,François Ngarukiyintwali,1979,1989,Q92185292,François Ngarukiyintwali
Rwanda,517,RWA,1980,François Ngarukiyintwali,1979,1989,Q92185292,François Ngarukiyintwali
Rwanda,517,RWA,1981,François Ngarukiyintwali,1979,1989,Q92185292,François Ngarukiyintwali
Rwanda,517,RWA,1982,François Ngarukiyintwali,1979,1989,Q92185292,François Ngarukiyintwali
Rwanda,517,RWA,1983,François Ngarukiyintwali,1979,1989,Q92185292,François Ngarukiyintwali
Rwanda,517,RWA,1984,François Ngarukiyintwali,1979,1989,Q92185292,François Ngarukiyintwali
Rwanda,517,RWA,1985,François Ngarukiyintwali,1979,1989,Q92185292,François Ngarukiyintwali
Rwanda,517,RWA,1986,François Ngarukiyintwali,1979,1989,Q92185292,François Ngarukiyintwali
Rwanda,517,RWA,1987,François Ngarukiyintwali,1979,1989,Q92185292,François Ngarukiyintwali
Rwanda,517,RWA,1988,François Ngarukiyintwali,1979,1989,Q92185292,François Ngarukiyintwali
Rwanda,517,RWA,1989,François Ngarukiyintwali,1979,1989,Q92185292,François Ngarukiyintwali
Rwanda,517,RWA,1989,Casimir Bizimungu,1989,1992,Q2941039,Casimir Bizimungu
Rwanda,517,RWA,1990,Casimir Bizimungu,1989,1992,Q2941039,Casimir Bizimungu
Rwanda,517,RWA,1991,Casimir Bizimungu,1989,1992,Q2941039,Casimir Bizimungu
Rwanda,517,RWA,1992,Boniface Ngulinzira,1992,1993,Q30743982,Boniface Ngulinzira
Rwanda,517,RWA,1992,Casimir Bizimungu,1989,1992,Q2941039,Casimir Bizimungu
Rwanda,517,RWA,1993,Anastase Gasana,1993,1994,Q4751831,Anastase Gasana
Rwanda,517,RWA,1993,Boniface Ngulinzira,1992,1993,Q30743982,Boniface Ngulinzira
Rwanda,517,RWA,1994,Jean-Marie Ndagijimana,1994,1994,,
Rwanda,517,RWA,1994,Anastase Gasana,1993,1994,Q4751831,Anastase Gasana
Rwanda,517,RWA,1994,Jérôme Bicamumpaka,1994,1994,Q6320171,Jérôme Bicamumpaka
Rwanda,517,RWA,1994,Anastase Gasana,1994,1999,Q4751831,Anastase Gasana
Rwanda,517,RWA,1995,Anastase Gasana,1994,1999,Q4751831,Anastase Gasana
Rwanda,517,RWA,1996,Anastase Gasana,1994,1999,Q4751831,Anastase Gasana
Rwanda,517,RWA,1997,Anastase Gasana,1994,1999,Q4751831,Anastase Gasana
Rwanda,517,RWA,1998,Anastase Gasana,1994,1999,Q4751831,Anastase Gasana
Rwanda,517,RWA,1999,Amri Sued Ismail,1999,1999,,
Rwanda,517,RWA,1999,Augustin Iyamuremye,1999,2000,Q4821112,Augustin Iyamuremye
Rwanda,517,RWA,1999,Anastase Gasana,1994,1999,Q4751831,Anastase Gasana
Rwanda,517,RWA,2000,André Bumaya,2000,2002,,
Rwanda,517,RWA,2000,Augustin Iyamuremye,1999,2000,Q4821112,Augustin Iyamuremye
Rwanda,517,RWA,2001,André Bumaya,2000,2002,,
Rwanda,517,RWA,2002,André Bumaya,2000,2002,,
Rwanda,517,RWA,2002,Charles Murigande,2002,2008,Q2959873,
Rwanda,517,RWA,2003,Charles Murigande,2002,2008,Q2959873,
Rwanda,517,RWA,2004,Charles Murigande,2002,2008,Q2959873,
Rwanda,517,RWA,2005,Charles Murigande,2002,2008,Q2959873,
Rwanda,517,RWA,2006,Charles Murigande,2002,2008,Q2959873,
Rwanda,517,RWA,2007,Charles Murigande,2002,2008,Q2959873,
Rwanda,517,RWA,2008,Charles Murigande,2002,2008,Q2959873,
Rwanda,517,RWA,2008,Rosemary Museminari,2008,2009,Q522314,
Rwanda,517,RWA,2009,Louise Mushikiwabo,2009,2018,Q514051,Louise Mushikiwabo
Rwanda,517,RWA,2009,Rosemary Museminari,2008,2009,Q522314,
Rwanda,517,RWA,2010,Louise Mushikiwabo,2009,2018,Q514051,Louise Mushikiwabo
Rwanda,517,RWA,2011,Louise Mushikiwabo,2009,2018,Q514051,Louise Mushikiwabo
Rwanda,517,RWA,2012,Louise Mushikiwabo,2009,2018,Q514051,Louise Mushikiwabo
Rwanda,517,RWA,2013,Louise Mushikiwabo,2009,2018,Q514051,Louise Mushikiwabo
Rwanda,517,RWA,2014,Louise Mushikiwabo,2009,2018,Q514051,Louise Mushikiwabo
Rwanda,517,RWA,2015,Louise Mushikiwabo,2009,2018,Q514051,Louise Mushikiwabo
Rwanda,517,RWA,2016,Louise Mushikiwabo,2009,2018,Q514051,Louise Mushikiwabo
Rwanda,517,RWA,2017,Louise Mushikiwabo,2009,2018,Q514051,Louise Mushikiwabo
Rwanda,517,RWA,2018,Richard Sezibera,2018,2019,Q7328975,Richard Sezibera
Rwanda,517,RWA,2018,Louise Mushikiwabo,2009,2018,Q514051,Louise Mushikiwabo
Rwanda,517,RWA,2019,Richard Sezibera,2018,2019,Q7328975,Richard Sezibera
Saint Kitts and Nevis,60,KNA,1983,Kennedy A. Simmonds,1983,1995,Q953225,
Saint Kitts and Nevis,60,KNA,1984,Kennedy A. Simmonds,1983,1995,Q953225,
Saint Kitts and Nevis,60,KNA,1985,Kennedy A. Simmonds,1983,1995,Q953225,
Saint Kitts and Nevis,60,KNA,1986,Kennedy A. Simmonds,1983,1995,Q953225,
Saint Kitts and Nevis,60,KNA,1987,Kennedy A. Simmonds,1983,1995,Q953225,
Saint Kitts and Nevis,60,KNA,1988,Kennedy A. Simmonds,1983,1995,Q953225,
Saint Kitts and Nevis,60,KNA,1989,Kennedy A. Simmonds,1983,1995,Q953225,
Saint Kitts and Nevis,60,KNA,1990,Kennedy A. Simmonds,1983,1995,Q953225,
Saint Kitts and Nevis,60,KNA,1991,Kennedy A. Simmonds,1983,1995,Q953225,
Saint Kitts and Nevis,60,KNA,1992,Kennedy A. Simmonds,1983,1995,Q953225,
Saint Kitts and Nevis,60,KNA,1993,Kennedy A. Simmonds,1983,1995,Q953225,
Saint Kitts and Nevis,60,KNA,1994,Kennedy A. Simmonds,1983,1995,Q953225,
Saint Kitts and Nevis,60,KNA,1995,Denzil Douglas,1995,2000,Q57738,Denzil Douglas
Saint Kitts and Nevis,60,KNA,1995,Kennedy A. Simmonds,1983,1995,Q953225,
Saint Kitts and Nevis,60,KNA,1996,Denzil Douglas,1995,2000,Q57738,Denzil Douglas
Saint Kitts and Nevis,60,KNA,1997,Denzil Douglas,1995,2000,Q57738,Denzil Douglas
Saint Kitts and Nevis,60,KNA,1998,Denzil Douglas,1995,2000,Q57738,Denzil Douglas
Saint Kitts and Nevis,60,KNA,1999,Denzil Douglas,1995,2000,Q57738,Denzil Douglas
Saint Kitts and Nevis,60,KNA,2000,Sam Condor,2000,2001,Q7407337,Sam Condor
Saint Kitts and Nevis,60,KNA,2000,Denzil Douglas,1995,2000,Q57738,Denzil Douglas
Saint Kitts and Nevis,60,KNA,2001,Timothy Harris,2001,2008,Q3529064,Timothy Harris
Saint Kitts and Nevis,60,KNA,2001,Sam Condor,2000,2001,Q7407337,Sam Condor
Saint Kitts and Nevis,60,KNA,2002,Timothy Harris,2001,2008,Q3529064,Timothy Harris
Saint Kitts and Nevis,60,KNA,2003,Timothy Harris,2001,2008,Q3529064,Timothy Harris
Saint Kitts and Nevis,60,KNA,2004,Timothy Harris,2001,2008,Q3529064,Timothy Harris
Saint Kitts and Nevis,60,KNA,2005,Timothy Harris,2001,2008,Q3529064,Timothy Harris
Saint Kitts and Nevis,60,KNA,2006,Timothy Harris,2001,2008,Q3529064,Timothy Harris
Saint Kitts and Nevis,60,KNA,2007,Timothy Harris,2001,2008,Q3529064,Timothy Harris
Saint Kitts and Nevis,60,KNA,2008,Timothy Harris,2001,2008,Q3529064,Timothy Harris
Saint Kitts and Nevis,60,KNA,2008,Denzil Douglas,2008,2010,Q57738,Denzil Douglas
Saint Kitts and Nevis,60,KNA,2009,Denzil Douglas,2008,2010,Q57738,Denzil Douglas
Saint Kitts and Nevis,60,KNA,2010,Sam Condor,2010,2013,Q7407337,Sam Condor
Saint Kitts and Nevis,60,KNA,2010,Denzil Douglas,2008,2010,Q57738,Denzil Douglas
Saint Kitts and Nevis,60,KNA,2011,Sam Condor,2010,2013,Q7407337,Sam Condor
Saint Kitts and Nevis,60,KNA,2012,Sam Condor,2010,2013,Q7407337,Sam Condor
Saint Kitts and Nevis,60,KNA,2013,Patrice Nisbett,2013,2015,Q16733420,Patrice Nisbett
Saint Kitts and Nevis,60,KNA,2013,Sam Condor,2010,2013,Q7407337,Sam Condor
Saint Kitts and Nevis,60,KNA,2014,Patrice Nisbett,2013,2015,Q16733420,Patrice Nisbett
Saint Kitts and Nevis,60,KNA,2015,Mark Brantley,2015,2019,Q23664146,Mark Brantley
Saint Kitts and Nevis,60,KNA,2015,Patrice Nisbett,2013,2015,Q16733420,Patrice Nisbett
Saint Kitts and Nevis,60,KNA,2016,Mark Brantley,2015,2019,Q23664146,Mark Brantley
Saint Kitts and Nevis,60,KNA,2017,Mark Brantley,2015,2019,Q23664146,Mark Brantley
Saint Kitts and Nevis,60,KNA,2018,Mark Brantley,2015,2019,Q23664146,Mark Brantley
Saint Kitts and Nevis,60,KNA,2019,Mark Brantley,2015,2019,Q23664146,Mark Brantley
Saint Lucia,56,LCA,1979,John Compton,1979,1979,Q716020,John Compton
Saint Lucia,56,LCA,1979,George Odlum,1979,1981,Q545678,George Odlum
Saint Lucia,56,LCA,1980,George Odlum,1979,1981,Q545678,George Odlum
Saint Lucia,56,LCA,1981,George Odlum,1979,1981,Q545678,George Odlum
Saint Lucia,56,LCA,1981,Peter Josie,1981,1982,Q7175047,Peter Josie
Saint Lucia,56,LCA,1982,John Compton,1982,1987,Q716020,John Compton
Saint Lucia,56,LCA,1982,Michael Pilgrim,1982,1982,Q353922,Michael Pilgrim
Saint Lucia,56,LCA,1982,Peter Josie,1981,1982,Q7175047,Peter Josie
Saint Lucia,56,LCA,1983,John Compton,1982,1987,Q716020,John Compton
Saint Lucia,56,LCA,1984,John Compton,1982,1987,Q716020,John Compton
Saint Lucia,56,LCA,1985,John Compton,1982,1987,Q716020,John Compton
Saint Lucia,56,LCA,1986,John Compton,1982,1987,Q716020,John Compton
Saint Lucia,56,LCA,1987,Neville Cenac,1987,1992,Q16727889,Neville Cenac
Saint Lucia,56,LCA,1987,John Compton,1982,1987,Q716020,John Compton
Saint Lucia,56,LCA,1988,Neville Cenac,1987,1992,Q16727889,Neville Cenac
Saint Lucia,56,LCA,1989,Neville Cenac,1987,1992,Q16727889,Neville Cenac
Saint Lucia,56,LCA,1990,Neville Cenac,1987,1992,Q16727889,Neville Cenac
Saint Lucia,56,LCA,1991,Neville Cenac,1987,1992,Q16727889,Neville Cenac
Saint Lucia,56,LCA,1992,Neville Cenac,1987,1992,Q16727889,Neville Cenac
Saint Lucia,56,LCA,1992,George Mallet,1992,1996,Q1286753,George Mallet
Saint Lucia,56,LCA,1993,George Mallet,1992,1996,Q1286753,George Mallet
Saint Lucia,56,LCA,1994,George Mallet,1992,1996,Q1286753,George Mallet
Saint Lucia,56,LCA,1995,George Mallet,1992,1996,Q1286753,George Mallet
Saint Lucia,56,LCA,1996,Vaughan Lewis,1996,1997,Q353918,Vaughan Lewis
Saint Lucia,56,LCA,1996,George Mallet,1992,1996,Q1286753,George Mallet
Saint Lucia,56,LCA,1997,Vaughan Lewis,1996,1997,Q353918,Vaughan Lewis
Saint Lucia,56,LCA,1997,George Odlum,1997,2001,Q545678,George Odlum
Saint Lucia,56,LCA,1998,George Odlum,1997,2001,Q545678,George Odlum
Saint Lucia,56,LCA,1999,George Odlum,1997,2001,Q545678,George Odlum
Saint Lucia,56,LCA,2000,George Odlum,1997,2001,Q545678,George Odlum
Saint Lucia,56,LCA,2001,Julian Hunte,2001,2004,Q1232767,Julian Hunte
Saint Lucia,56,LCA,2001,George Odlum,1997,2001,Q545678,George Odlum
Saint Lucia,56,LCA,2002,Julian Hunte,2001,2004,Q1232767,Julian Hunte
Saint Lucia,56,LCA,2003,Julian Hunte,2001,2004,Q1232767,Julian Hunte
Saint Lucia,56,LCA,2004,Julian Hunte,2001,2004,Q1232767,Julian Hunte
Saint Lucia,56,LCA,2004,Petrus Compton,2004,2006,Q7179200,Petrus Compton
Saint Lucia,56,LCA,2005,Petrus Compton,2004,2006,Q7179200,Petrus Compton
Saint Lucia,56,LCA,2006,Rufus Bousquet,2006,2007,Q58308,Rufus Bousquet
Saint Lucia,56,LCA,2006,Petrus Compton,2004,2006,Q7179200,Petrus Compton
Saint Lucia,56,LCA,2007,Stephenson King,2007,2009,Q708289,Stephenson King
Saint Lucia,56,LCA,2007,Rufus Bousquet,2006,2007,Q58308,Rufus Bousquet
Saint Lucia,56,LCA,2008,Stephenson King,2007,2009,Q708289,Stephenson King
Saint Lucia,56,LCA,2009,Rufus Bousquet,2009,2011,Q58308,Rufus Bousquet
Saint Lucia,56,LCA,2009,Stephenson King,2007,2009,Q708289,Stephenson King
Saint Lucia,56,LCA,2010,Rufus Bousquet,2009,2011,Q58308,Rufus Bousquet
Saint Lucia,56,LCA,2011,Rufus Bousquet,2009,2011,Q58308,Rufus Bousquet
Saint Lucia,56,LCA,2011,Alva Baptiste,2011,2016,Q4737616,Alva Baptiste
Saint Lucia,56,LCA,2012,Alva Baptiste,2011,2016,Q4737616,Alva Baptiste
Saint Lucia,56,LCA,2013,Alva Baptiste,2011,2016,Q4737616,Alva Baptiste
Saint Lucia,56,LCA,2014,Alva Baptiste,2011,2016,Q4737616,Alva Baptiste
Saint Lucia,56,LCA,2015,Alva Baptiste,2011,2016,Q4737616,Alva Baptiste
Saint Lucia,56,LCA,2016,Allen Chastanet,2016,2019,Q16203640,Allen Chastanet
Saint Lucia,56,LCA,2016,Alva Baptiste,2011,2016,Q4737616,Alva Baptiste
Saint Lucia,56,LCA,2017,Allen Chastanet,2016,2019,Q16203640,Allen Chastanet
Saint Lucia,56,LCA,2018,Allen Chastanet,2016,2019,Q16203640,Allen Chastanet
Saint Lucia,56,LCA,2019,Allen Chastanet,2016,2019,Q16203640,Allen Chastanet
Saint Vincent,57,VCT,1979,Hudson K. Tannis,1979,1984,Q27335221,Hudson K. Tannis
Saint Vincent,57,VCT,1980,Hudson K. Tannis,1979,1984,Q27335221,Hudson K. Tannis
Saint Vincent,57,VCT,1981,Hudson K. Tannis,1979,1984,Q27335221,Hudson K. Tannis
Saint Vincent,57,VCT,1982,Hudson K. Tannis,1979,1984,Q27335221,Hudson K. Tannis
Saint Vincent,57,VCT,1983,Hudson K. Tannis,1979,1984,Q27335221,Hudson K. Tannis
Saint Vincent,57,VCT,1984,Hudson K. Tannis,1979,1984,Q27335221,Hudson K. Tannis
Saint Vincent,57,VCT,1984,James Fitz-Allen Mitchell,1984,1992,Q1281056,James Fitz-Allen Mitchell
Saint Vincent,57,VCT,1985,James Fitz-Allen Mitchell,1984,1992,Q1281056,James Fitz-Allen Mitchell
Saint Vincent,57,VCT,1986,James Fitz-Allen Mitchell,1984,1992,Q1281056,James Fitz-Allen Mitchell
Saint Vincent,57,VCT,1987,James Fitz-Allen Mitchell,1984,1992,Q1281056,James Fitz-Allen Mitchell
Saint Vincent,57,VCT,1988,James Fitz-Allen Mitchell,1984,1992,Q1281056,James Fitz-Allen Mitchell
Saint Vincent,57,VCT,1989,James Fitz-Allen Mitchell,1984,1992,Q1281056,James Fitz-Allen Mitchell
Saint Vincent,57,VCT,1990,James Fitz-Allen Mitchell,1984,1992,Q1281056,James Fitz-Allen Mitchell
Saint Vincent,57,VCT,1991,James Fitz-Allen Mitchell,1984,1992,Q1281056,James Fitz-Allen Mitchell
Saint Vincent,57,VCT,1992,Herbert Young,1992,1994,,
Saint Vincent,57,VCT,1992,James Fitz-Allen Mitchell,1984,1992,Q1281056,James Fitz-Allen Mitchell
Saint Vincent,57,VCT,1993,Herbert Young,1992,1994,,
Saint Vincent,57,VCT,1994,Herbert Young,1992,1994,,
Saint Vincent,57,VCT,1994,Alpian Allen,1994,1998,Q45094198,Alpian Allen
Saint Vincent,57,VCT,1995,Alpian Allen,1994,1998,Q45094198,Alpian Allen
Saint Vincent,57,VCT,1996,Alpian Allen,1994,1998,Q45094198,Alpian Allen
Saint Vincent,57,VCT,1997,Alpian Allen,1994,1998,Q45094198,Alpian Allen
Saint Vincent,57,VCT,1998,Allan Cruickshank,1998,2001,,
Saint Vincent,57,VCT,1998,Alpian Allen,1994,1998,Q45094198,Alpian Allen
Saint Vincent,57,VCT,1999,Allan Cruickshank,1998,2001,,
Saint Vincent,57,VCT,2000,Allan Cruickshank,1998,2001,,
Saint Vincent,57,VCT,2001,Allan Cruickshank,1998,2001,,
Saint Vincent,57,VCT,2001,Louis Straker,2001,2005,Q58248,Louis Straker
Saint Vincent,57,VCT,2002,Louis Straker,2001,2005,Q58248,Louis Straker
Saint Vincent,57,VCT,2003,Louis Straker,2001,2005,Q58248,Louis Straker
Saint Vincent,57,VCT,2004,Louis Straker,2001,2005,Q58248,Louis Straker
Saint Vincent,57,VCT,2005,Mike Browne,2005,2005,,
Saint Vincent,57,VCT,2005,Louis Straker,2005,2010,Q58248,Louis Straker
Saint Vincent,57,VCT,2005,Louis Straker,2001,2005,Q58248,Louis Straker
Saint Vincent,57,VCT,2006,Louis Straker,2005,2010,Q58248,Louis Straker
Saint Vincent,57,VCT,2007,Louis Straker,2005,2010,Q58248,Louis Straker
Saint Vincent,57,VCT,2008,Louis Straker,2005,2010,Q58248,Louis Straker
Saint Vincent,57,VCT,2009,Louis Straker,2005,2010,Q58248,Louis Straker
Saint Vincent,57,VCT,2010,Douglas Slater,2010,2013,,
Saint Vincent,57,VCT,2010,Louis Straker,2005,2010,Q58248,Louis Straker
Saint Vincent,57,VCT,2011,Douglas Slater,2010,2013,,
Saint Vincent,57,VCT,2012,Douglas Slater,2010,2013,,
Saint Vincent,57,VCT,2013,Douglas Slater,2010,2013,,
Saint Vincent,57,VCT,2013,Camillo Gonsalves,2013,2015,Q5026702,Camillo Gonsalves
Saint Vincent,57,VCT,2014,Camillo Gonsalves,2013,2015,Q5026702,Camillo Gonsalves
Saint Vincent,57,VCT,2015,Camillo Gonsalves,2013,2015,Q5026702,Camillo Gonsalves
Saint Vincent,57,VCT,2015,Sir Louis Straker,2015,2019,Q58248,
Saint Vincent,57,VCT,2016,Sir Louis Straker,2015,2019,Q58248,
Saint Vincent,57,VCT,2017,Sir Louis Straker,2015,2019,Q58248,
Saint Vincent,57,VCT,2018,Sir Louis Straker,2015,2019,Q58248,
Saint Vincent,57,VCT,2019,Sir Louis Straker,2015,2019,Q58248,
Samoa,990,WSM,1976,Tupuola Taisi Tufuga Efi,1976,1982,Q57523,
Samoa,990,WSM,1977,Tupuola Taisi Tufuga Efi,1976,1982,Q57523,
Samoa,990,WSM,1978,Tupuola Taisi Tufuga Efi,1976,1982,Q57523,
Samoa,990,WSM,1979,Tupuola Taisi Tufuga Efi,1976,1982,Q57523,
Samoa,990,WSM,1980,Tupuola Taisi Tufuga Efi,1976,1982,Q57523,
Samoa,990,WSM,1981,Tupuola Taisi Tufuga Efi,1976,1982,Q57523,
Samoa,990,WSM,1982,Va'ai Kolone,1982,1982,Q720949,Va'ai Kolone
Samoa,990,WSM,1982,Tupuola Taisi Tufuga Efi,1982,1982,Q57523,
Samoa,990,WSM,1982,Tupuola Taisi Tufuga Efi,1976,1982,Q57523,
Samoa,990,WSM,1982,Lauofo Meti,1982,1984,,
Samoa,990,WSM,1983,Lauofo Meti,1982,1984,,
Samoa,990,WSM,1984,Tofilau Eti Alesana,1984,1985,Q1281027,Tofilau Eti Alesana
Samoa,990,WSM,1984,Lauofo Meti,1982,1984,,
Samoa,990,WSM,1985,Va'ai Kolone,1985,1988,Q720949,Va'ai Kolone
Samoa,990,WSM,1985,Tofilau Eti Alesana,1984,1985,Q1281027,Tofilau Eti Alesana
Samoa,990,WSM,1986,Va'ai Kolone,1985,1988,Q720949,Va'ai Kolone
Samoa,990,WSM,1987,Va'ai Kolone,1985,1988,Q720949,Va'ai Kolone
Samoa,990,WSM,1988,Va'ai Kolone,1985,1988,Q720949,Va'ai Kolone
Samoa,990,WSM,1988,Tofilau Eti Alesana,1988,1998,Q1281027,Tofilau Eti Alesana
Samoa,990,WSM,1989,Tofilau Eti Alesana,1988,1998,Q1281027,Tofilau Eti Alesana
Samoa,990,WSM,1990,Tofilau Eti Alesana,1988,1998,Q1281027,Tofilau Eti Alesana
Samoa,990,WSM,1991,Tofilau Eti Alesana,1988,1998,Q1281027,Tofilau Eti Alesana
Samoa,990,WSM,1992,Tofilau Eti Alesana,1988,1998,Q1281027,Tofilau Eti Alesana
Samoa,990,WSM,1993,Tofilau Eti Alesana,1988,1998,Q1281027,Tofilau Eti Alesana
Samoa,990,WSM,1994,Tofilau Eti Alesana,1988,1998,Q1281027,Tofilau Eti Alesana
Samoa,990,WSM,1995,Tofilau Eti Alesana,1988,1998,Q1281027,Tofilau Eti Alesana
Samoa,990,WSM,1996,Tofilau Eti Alesana,1988,1998,Q1281027,Tofilau Eti Alesana
Samoa,990,WSM,1997,Tofilau Eti Alesana,1988,1998,Q1281027,Tofilau Eti Alesana
Samoa,990,WSM,1998,Tuilaepa Sailele Malielegaoi,1998,2019,Q57723,
Samoa,990,WSM,1998,Tofilau Eti Alesana,1988,1998,Q1281027,Tofilau Eti Alesana
Samoa,990,WSM,1999,Tuilaepa Sailele Malielegaoi,1998,2019,Q57723,
Samoa,990,WSM,2000,Tuilaepa Sailele Malielegaoi,1998,2019,Q57723,
Samoa,990,WSM,2001,Tuilaepa Sailele Malielegaoi,1998,2019,Q57723,
Samoa,990,WSM,2002,Tuilaepa Sailele Malielegaoi,1998,2019,Q57723,
Samoa,990,WSM,2003,Tuilaepa Sailele Malielegaoi,1998,2019,Q57723,
Samoa,990,WSM,2004,Tuilaepa Sailele Malielegaoi,1998,2019,Q57723,
Samoa,990,WSM,2005,Tuilaepa Sailele Malielegaoi,1998,2019,Q57723,
Samoa,990,WSM,2006,Tuilaepa Sailele Malielegaoi,1998,2019,Q57723,
Samoa,990,WSM,2007,Tuilaepa Sailele Malielegaoi,1998,2019,Q57723,
Samoa,990,WSM,2008,Tuilaepa Sailele Malielegaoi,1998,2019,Q57723,
Samoa,990,WSM,2009,Tuilaepa Sailele Malielegaoi,1998,2019,Q57723,
Samoa,990,WSM,2010,Tuilaepa Sailele Malielegaoi,1998,2019,Q57723,
Samoa,990,WSM,2011,Tuilaepa Sailele Malielegaoi,1998,2019,Q57723,
Samoa,990,WSM,2012,Tuilaepa Sailele Malielegaoi,1998,2019,Q57723,
Samoa,990,WSM,2013,Tuilaepa Sailele Malielegaoi,1998,2019,Q57723,
Samoa,990,WSM,2014,Tuilaepa Sailele Malielegaoi,1998,2019,Q57723,
Samoa,990,WSM,2015,Tuilaepa Sailele Malielegaoi,1998,2019,Q57723,
Samoa,990,WSM,2016,Tuilaepa Sailele Malielegaoi,1998,2019,Q57723,
Samoa,990,WSM,2017,Tuilaepa Sailele Malielegaoi,1998,2019,Q57723,
Samoa,990,WSM,2018,Tuilaepa Sailele Malielegaoi,1998,2019,Q57723,
Samoa,990,WSM,2019,Tuilaepa Sailele Malielegaoi,1998,2019,Q57723,
San Marino,331,SMR,1945,Gino Giacomini,1945,1957,Q926997,Gino Giacomini
San Marino,331,SMR,1946,Gino Giacomini,1945,1957,Q926997,Gino Giacomini
San Marino,331,SMR,1947,Gino Giacomini,1945,1957,Q926997,Gino Giacomini
San Marino,331,SMR,1948,Gino Giacomini,1945,1957,Q926997,Gino Giacomini
San Marino,331,SMR,1949,Gino Giacomini,1945,1957,Q926997,Gino Giacomini
San Marino,331,SMR,1950,Gino Giacomini,1945,1957,Q926997,Gino Giacomini
San Marino,331,SMR,1951,Gino Giacomini,1945,1957,Q926997,Gino Giacomini
San Marino,331,SMR,1952,Gino Giacomini,1945,1957,Q926997,Gino Giacomini
San Marino,331,SMR,1953,Gino Giacomini,1945,1957,Q926997,Gino Giacomini
San Marino,331,SMR,1954,Gino Giacomini,1945,1957,Q926997,Gino Giacomini
San Marino,331,SMR,1955,Gino Giacomini,1945,1957,Q926997,Gino Giacomini
San Marino,331,SMR,1956,Gino Giacomini,1945,1957,Q926997,Gino Giacomini
San Marino,331,SMR,1957,Federico Bigi,1957,1972,Q28859148,Federico Bigi
San Marino,331,SMR,1957,Gino Giacomini,1945,1957,Q926997,Gino Giacomini
San Marino,331,SMR,1958,Federico Bigi,1957,1972,Q28859148,Federico Bigi
San Marino,331,SMR,1959,Federico Bigi,1957,1972,Q28859148,Federico Bigi
San Marino,331,SMR,1960,Federico Bigi,1957,1972,Q28859148,Federico Bigi
San Marino,331,SMR,1961,Federico Bigi,1957,1972,Q28859148,Federico Bigi
San Marino,331,SMR,1962,Federico Bigi,1957,1972,Q28859148,Federico Bigi
San Marino,331,SMR,1963,Federico Bigi,1957,1972,Q28859148,Federico Bigi
San Marino,331,SMR,1964,Federico Bigi,1957,1972,Q28859148,Federico Bigi
San Marino,331,SMR,1965,Federico Bigi,1957,1972,Q28859148,Federico Bigi
San Marino,331,SMR,1966,Federico Bigi,1957,1972,Q28859148,Federico Bigi
San Marino,331,SMR,1967,Federico Bigi,1957,1972,Q28859148,Federico Bigi
San Marino,331,SMR,1968,Federico Bigi,1957,1972,Q28859148,Federico Bigi
San Marino,331,SMR,1969,Federico Bigi,1957,1972,Q28859148,Federico Bigi
San Marino,331,SMR,1970,Federico Bigi,1957,1972,Q28859148,Federico Bigi
San Marino,331,SMR,1971,Federico Bigi,1957,1972,Q28859148,Federico Bigi
San Marino,331,SMR,1972,Federico Bigi,1957,1972,Q28859148,Federico Bigi
San Marino,331,SMR,1972,Giancarlo Ghironzi,1972,1973,Q37494583,Giancarlo Ghironzi
San Marino,331,SMR,1973,Gian Luigi Berti,1973,1975,Q23008489,Gian Luigi Berti
San Marino,331,SMR,1973,Giancarlo Ghironzi,1972,1973,Q37494583,Giancarlo Ghironzi
San Marino,331,SMR,1974,Gian Luigi Berti,1973,1975,Q23008489,Gian Luigi Berti
San Marino,331,SMR,1975,Gian Luigi Berti,1973,1975,Q23008489,Gian Luigi Berti
San Marino,331,SMR,1976,Giancarlo Ghironzi,1976,1978,Q37494583,Giancarlo Ghironzi
San Marino,331,SMR,1977,Giancarlo Ghironzi,1976,1978,Q37494583,Giancarlo Ghironzi
San Marino,331,SMR,1978,Giancarlo Ghironzi,1976,1978,Q37494583,Giancarlo Ghironzi
San Marino,331,SMR,1978,Giordano Bruno Reffi,1978,1986,Q30088645,
San Marino,331,SMR,1979,Giordano Bruno Reffi,1978,1986,Q30088645,
San Marino,331,SMR,1980,Giordano Bruno Reffi,1978,1986,Q30088645,
San Marino,331,SMR,1981,Giordano Bruno Reffi,1978,1986,Q30088645,
San Marino,331,SMR,1982,Giordano Bruno Reffi,1978,1986,Q30088645,
San Marino,331,SMR,1983,Giordano Bruno Reffi,1978,1986,Q30088645,
San Marino,331,SMR,1984,Giordano Bruno Reffi,1978,1986,Q30088645,
San Marino,331,SMR,1985,Giordano Bruno Reffi,1978,1986,Q30088645,
San Marino,331,SMR,1986,Gabriele Gatti,1986,2002,Q694614,Gabriele Gatti
San Marino,331,SMR,1986,Giordano Bruno Reffi,1978,1986,Q30088645,
San Marino,331,SMR,1987,Gabriele Gatti,1986,2002,Q694614,Gabriele Gatti
San Marino,331,SMR,1988,Gabriele Gatti,1986,2002,Q694614,Gabriele Gatti
San Marino,331,SMR,1989,Gabriele Gatti,1986,2002,Q694614,Gabriele Gatti
San Marino,331,SMR,1990,Gabriele Gatti,1986,2002,Q694614,Gabriele Gatti
San Marino,331,SMR,1991,Gabriele Gatti,1986,2002,Q694614,Gabriele Gatti
San Marino,331,SMR,1992,Gabriele Gatti,1986,2002,Q694614,Gabriele Gatti
San Marino,331,SMR,1993,Gabriele Gatti,1986,2002,Q694614,Gabriele Gatti
San Marino,331,SMR,1994,Gabriele Gatti,1986,2002,Q694614,Gabriele Gatti
San Marino,331,SMR,1995,Gabriele Gatti,1986,2002,Q694614,Gabriele Gatti
San Marino,331,SMR,1996,Gabriele Gatti,1986,2002,Q694614,Gabriele Gatti
San Marino,331,SMR,1997,Gabriele Gatti,1986,2002,Q694614,Gabriele Gatti
San Marino,331,SMR,1998,Gabriele Gatti,1986,2002,Q694614,Gabriele Gatti
San Marino,331,SMR,1999,Gabriele Gatti,1986,2002,Q694614,Gabriele Gatti
San Marino,331,SMR,2000,Gabriele Gatti,1986,2002,Q694614,Gabriele Gatti
San Marino,331,SMR,2001,Gabriele Gatti,1986,2002,Q694614,Gabriele Gatti
San Marino,331,SMR,2002,Fiorenzo Stolfi,2002,2003,Q377856,Fiorenzo Stolfi
San Marino,331,SMR,2002,Augusto Casali,2002,2002,Q18746990,Augusto Casali
San Marino,331,SMR,2002,Romeo Morri,2002,2002,Q3940826,Romeo Morri
San Marino,331,SMR,2002,Gabriele Gatti,1986,2002,Q694614,Gabriele Gatti
San Marino,331,SMR,2003,Fiorenzo Stolfi,2002,2003,Q377856,Fiorenzo Stolfi
San Marino,331,SMR,2003,Fabio Berardi,2003,2006,Q2252615,Fabio Berardi
San Marino,331,SMR,2004,Fabio Berardi,2003,2006,Q2252615,Fabio Berardi
San Marino,331,SMR,2005,Fabio Berardi,2003,2006,Q2252615,Fabio Berardi
San Marino,331,SMR,2006,Fabio Berardi,2003,2006,Q2252615,Fabio Berardi
San Marino,331,SMR,2006,Fiorenzo Stolfi,2006,2008,Q377856,Fiorenzo Stolfi
San Marino,331,SMR,2007,Fiorenzo Stolfi,2006,2008,Q377856,Fiorenzo Stolfi
San Marino,331,SMR,2008,Antonella Mularoni,2008,2012,Q58075,Antonella Mularoni
San Marino,331,SMR,2008,Fiorenzo Stolfi,2006,2008,Q377856,Fiorenzo Stolfi
San Marino,331,SMR,2009,Antonella Mularoni,2008,2012,Q58075,Antonella Mularoni
San Marino,331,SMR,2010,Antonella Mularoni,2008,2012,Q58075,Antonella Mularoni
San Marino,331,SMR,2011,Antonella Mularoni,2008,2012,Q58075,Antonella Mularoni
San Marino,331,SMR,2012,Antonella Mularoni,2008,2012,Q58075,Antonella Mularoni
San Marino,331,SMR,2012,Pasquale Valentini,2012,2016,Q6693543,Pasquale Valentini
San Marino,331,SMR,2013,Pasquale Valentini,2012,2016,Q6693543,Pasquale Valentini
San Marino,331,SMR,2014,Pasquale Valentini,2012,2016,Q6693543,Pasquale Valentini
San Marino,331,SMR,2015,Pasquale Valentini,2012,2016,Q6693543,Pasquale Valentini
San Marino,331,SMR,2016,Nicola Renzi,2016,2019,Q21035121,Nicola Renzi
San Marino,331,SMR,2016,Pasquale Valentini,2012,2016,Q6693543,Pasquale Valentini
San Marino,331,SMR,2017,Nicola Renzi,2016,2019,Q21035121,Nicola Renzi
San Marino,331,SMR,2018,Nicola Renzi,2016,2019,Q21035121,Nicola Renzi
San Marino,331,SMR,2019,Nicola Renzi,2016,2019,Q21035121,Nicola Renzi
Sao Tome and Principe,403,STP,1975,Miguel Trovoada,1975,1975,Q504522,Miguel Trovoada
Sao Tome and Principe,403,STP,1975,Leonel Mário d'Alva,1975,1978,Q1287504,Leonel Mário d'Alva
Sao Tome and Principe,403,STP,1976,Leonel Mário d'Alva,1975,1978,Q1287504,Leonel Mário d'Alva
Sao Tome and Principe,403,STP,1977,Leonel Mário d'Alva,1975,1978,Q1287504,Leonel Mário d'Alva
Sao Tome and Principe,403,STP,1978,Leonel Mário d'Alva,1975,1978,Q1287504,Leonel Mário d'Alva
Sao Tome and Principe,403,STP,1978,Maria do Nascimento da Graça Amorim,1978,1985,Q1896459,Maria do Nascimento da Graça Amorim
Sao Tome and Principe,403,STP,1979,Maria do Nascimento da Graça Amorim,1978,1985,Q1896459,Maria do Nascimento da Graça Amorim
Sao Tome and Principe,403,STP,1980,Maria do Nascimento da Graça Amorim,1978,1985,Q1896459,Maria do Nascimento da Graça Amorim
Sao Tome and Principe,403,STP,1981,Maria do Nascimento da Graça Amorim,1978,1985,Q1896459,Maria do Nascimento da Graça Amorim
Sao Tome and Principe,403,STP,1982,Maria do Nascimento da Graça Amorim,1978,1985,Q1896459,Maria do Nascimento da Graça Amorim
Sao Tome and Principe,403,STP,1983,Maria do Nascimento da Graça Amorim,1978,1985,Q1896459,Maria do Nascimento da Graça Amorim
Sao Tome and Principe,403,STP,1984,Maria do Nascimento da Graça Amorim,1978,1985,Q1896459,Maria do Nascimento da Graça Amorim
Sao Tome and Principe,403,STP,1985,Manuel Pinto da Costa,1985,1986,Q295049,Manuel Pinto da Costa
Sao Tome and Principe,403,STP,1985,Maria do Nascimento da Graça Amorim,1978,1985,Q1896459,Maria do Nascimento da Graça Amorim
Sao Tome and Principe,403,STP,1986,Fradique de Menezes,1986,1987,Q271012,Fradique de Menezes
Sao Tome and Principe,403,STP,1986,Manuel Pinto da Costa,1985,1986,Q295049,Manuel Pinto da Costa
Sao Tome and Principe,403,STP,1987,Guilherme Posser da Costa,1987,1988,Q956967,Guilherme Posser da Costa
Sao Tome and Principe,403,STP,1987,Fradique de Menezes,1986,1987,Q271012,Fradique de Menezes
Sao Tome and Principe,403,STP,1988,Guilherme Posser da Costa,1987,1988,Q956967,Guilherme Posser da Costa
Sao Tome and Principe,403,STP,1988,Carlos da Graça,1988,1990,Q709745,
Sao Tome and Principe,403,STP,1989,Carlos da Graça,1988,1990,Q709745,
Sao Tome and Principe,403,STP,1990,Carlos da Graça,1988,1990,Q709745,
Sao Tome and Principe,403,STP,1990,Guilherme Posser da Costa,1990,1991,Q956967,Guilherme Posser da Costa
Sao Tome and Principe,403,STP,1991,Alda Bandeira,1991,1992,Q4713407,Alda Bandeira
Sao Tome and Principe,403,STP,1991,Guilherme Posser da Costa,1990,1991,Q956967,Guilherme Posser da Costa
Sao Tome and Principe,403,STP,1992,Alda Bandeira,1991,1992,Q4713407,Alda Bandeira
Sao Tome and Principe,403,STP,1992,Albertino Bragança,1992,1994,Q28497475,Albertino Bragança
Sao Tome and Principe,403,STP,1993,Albertino Bragança,1992,1994,Q28497475,Albertino Bragança
Sao Tome and Principe,403,STP,1994,Alberto Ferreira Chong,1994,1994,Q28497474,Alberto Ferreira Chong
Sao Tome and Principe,403,STP,1994,Albertino Bragança,1992,1994,Q28497475,Albertino Bragança
Sao Tome and Principe,403,STP,1994,Guilherme Posser da Costa,1994,1996,Q956967,Guilherme Posser da Costa
Sao Tome and Principe,403,STP,1995,Guilherme Posser da Costa,1994,1996,Q956967,Guilherme Posser da Costa
Sao Tome and Principe,403,STP,1996,Homero Jerónimo Salvaterra,1996,1999,Q28497472,
Sao Tome and Principe,403,STP,1996,Guilherme Posser da Costa,1994,1996,Q956967,Guilherme Posser da Costa
Sao Tome and Principe,403,STP,1997,Homero Jerónimo Salvaterra,1996,1999,Q28497472,
Sao Tome and Principe,403,STP,1998,Homero Jerónimo Salvaterra,1996,1999,Q28497472,
Sao Tome and Principe,403,STP,1999,Homero Jerónimo Salvaterra,1996,1999,Q28497472,
Sao Tome and Principe,403,STP,1999,Paulo Jorge Espirito Santo,1999,2000,Q28497473,
Sao Tome and Principe,403,STP,1999,Alberto Paulino,1999,1999,Q59283394,Alberto Paulino
Sao Tome and Principe,403,STP,2000,Paulo Jorge Espirito Santo,1999,2000,Q28497473,
Sao Tome and Principe,403,STP,2000,Joaquim Rafael Branco,2000,2001,Q718450,Joaquim Rafael Branco
Sao Tome and Principe,403,STP,2001,Joaquim Rafael Branco,2000,2001,Q718450,Joaquim Rafael Branco
Sao Tome and Principe,403,STP,2001,Patrice Trovoada,2001,2002,Q459822,Patrice Trovoada
Sao Tome and Principe,403,STP,2002,Mateus Meira Rita,2002,2004,Q6786672,Mateus Meira Rita
Sao Tome and Principe,403,STP,2002,Alda Bandeira,2002,2002,Q4713407,Alda Bandeira
Sao Tome and Principe,403,STP,2002,Mateus Meira Rita,2002,2002,Q6786672,Mateus Meira Rita
Sao Tome and Principe,403,STP,2002,Patrice Trovoada,2001,2002,Q459822,Patrice Trovoada
Sao Tome and Principe,403,STP,2003,Mateus Meira Rita,2002,2004,Q6786672,Mateus Meira Rita
Sao Tome and Principe,403,STP,2004,Óscar Sousa,2004,2004,Q5574245,Óscar Sousa
Sao Tome and Principe,403,STP,2004,Mateus Meira Rita,2002,2004,Q6786672,Mateus Meira Rita
Sao Tome and Principe,403,STP,2004,Ovídio Pequeno,2004,2006,Q3358982,
Sao Tome and Principe,403,STP,2005,Ovídio Pequeno,2004,2006,Q3358982,
Sao Tome and Principe,403,STP,2006,Carlos Gustavo dos Anjos,2006,2007,Q2939360,Carlos Gustavo dos Anjos
Sao Tome and Principe,403,STP,2006,Ovídio Pequeno,2004,2006,Q3358982,
Sao Tome and Principe,403,STP,2006,Óscar Sousa,2006,2006,Q5574245,Óscar Sousa
Sao Tome and Principe,403,STP,2007,Ovídio Pequeno,2007,2008,Q3358982,
Sao Tome and Principe,403,STP,2007,Carlos Gustavo dos Anjos,2006,2007,Q2939360,Carlos Gustavo dos Anjos
Sao Tome and Principe,403,STP,2008,Carlos Alberto Pires Tiny,2008,2010,Q447911,
Sao Tome and Principe,403,STP,2008,Ovídio Pequeno,2007,2008,Q3358982,
Sao Tome and Principe,403,STP,2009,Carlos Alberto Pires Tiny,2008,2010,Q447911,
Sao Tome and Principe,403,STP,2010,Carlos Alberto Pires Tiny,2008,2010,Q447911,
Sao Tome and Principe,403,STP,2010,Manuel Salvador dos Ramos,2010,2012,Q28497468,Manuel Salvador dos Ramos
Sao Tome and Principe,403,STP,2011,Manuel Salvador dos Ramos,2010,2012,Q28497468,Manuel Salvador dos Ramos
Sao Tome and Principe,403,STP,2012,Natália Pedro da Costa Umbelina Neto,2012,2014,Q28497470,Natália Pedro da Costa Umbelina Neto
Sao Tome and Principe,403,STP,2012,Manuel Salvador dos Ramos,2010,2012,Q28497468,Manuel Salvador dos Ramos
Sao Tome and Principe,403,STP,2013,Natália Pedro da Costa Umbelina Neto,2012,2014,Q28497470,Natália Pedro da Costa Umbelina Neto
Sao Tome and Principe,403,STP,2014,Natália Pedro da Costa Umbelina Neto,2012,2014,Q28497470,Natália Pedro da Costa Umbelina Neto
Sao Tome and Principe,403,STP,2014,Manuel Salvador dos Ramos,2014,2016,Q28497468,Manuel Salvador dos Ramos
Sao Tome and Principe,403,STP,2015,Manuel Salvador dos Ramos,2014,2016,Q28497468,Manuel Salvador dos Ramos
Sao Tome and Principe,403,STP,2016,Urbino Botelho,2016,2018,Q27986410,
Sao Tome and Principe,403,STP,2016,Manuel Salvador dos Ramos,2014,2016,Q28497468,Manuel Salvador dos Ramos
Sao Tome and Principe,403,STP,2017,Urbino Botelho,2016,2018,Q27986410,
Sao Tome and Principe,403,STP,2018,Urbino Botelho,2016,2018,Q27986410,
Sao Tome and Principe,403,STP,2018,Elsa Teixeira Pinto,2018,2019,Q42626636,Elsa Teixeira Pinto
Sao Tome and Principe,403,STP,2019,Elsa Teixeira Pinto,2018,2019,Q42626636,Elsa Teixeira Pinto
Saudi Arabia,670,SAU,1930,Faysal,1930,1960,Q217167,
Saudi Arabia,670,SAU,1931,Faysal,1930,1960,Q217167,
Saudi Arabia,670,SAU,1932,Faysal,1930,1960,Q217167,
Saudi Arabia,670,SAU,1933,Faysal,1930,1960,Q217167,
Saudi Arabia,670,SAU,1934,Faysal,1930,1960,Q217167,
Saudi Arabia,670,SAU,1935,Faysal,1930,1960,Q217167,
Saudi Arabia,670,SAU,1936,Faysal,1930,1960,Q217167,
Saudi Arabia,670,SAU,1937,Faysal,1930,1960,Q217167,
Saudi Arabia,670,SAU,1938,Faysal,1930,1960,Q217167,
Saudi Arabia,670,SAU,1939,Faysal,1930,1960,Q217167,
Saudi Arabia,670,SAU,1940,Faysal,1930,1960,Q217167,
Saudi Arabia,670,SAU,1941,Faysal,1930,1960,Q217167,
Saudi Arabia,670,SAU,1942,Faysal,1930,1960,Q217167,
Saudi Arabia,670,SAU,1943,Faysal,1930,1960,Q217167,
Saudi Arabia,670,SAU,1944,Faysal,1930,1960,Q217167,
Saudi Arabia,670,SAU,1945,Faysal,1930,1960,Q217167,
Saudi Arabia,670,SAU,1946,Faysal,1930,1960,Q217167,
Saudi Arabia,670,SAU,1947,Faysal,1930,1960,Q217167,
Saudi Arabia,670,SAU,1948,Faysal,1930,1960,Q217167,
Saudi Arabia,670,SAU,1949,Faysal,1930,1960,Q217167,
Saudi Arabia,670,SAU,1950,Faysal,1930,1960,Q217167,
Saudi Arabia,670,SAU,1951,Faysal,1930,1960,Q217167,
Saudi Arabia,670,SAU,1952,Faysal,1930,1960,Q217167,
Saudi Arabia,670,SAU,1953,Faysal,1930,1960,Q217167,
Saudi Arabia,670,SAU,1954,Faysal,1930,1960,Q217167,
Saudi Arabia,670,SAU,1955,Faysal,1930,1960,Q217167,
Saudi Arabia,670,SAU,1956,Faysal,1930,1960,Q217167,
Saudi Arabia,670,SAU,1957,Faysal,1930,1960,Q217167,
Saudi Arabia,670,SAU,1958,Faysal,1930,1960,Q217167,
Saudi Arabia,670,SAU,1959,Faysal,1930,1960,Q217167,
Saudi Arabia,670,SAU,1960,Faysal,1930,1960,Q217167,
Saudi Arabia,670,SAU,1960,Sheikh Ibrahim al-Sewayel,1960,1962,Q29578692,
Saudi Arabia,670,SAU,1961,Sheikh Ibrahim al-Sewayel,1960,1962,Q29578692,
Saudi Arabia,670,SAU,1962,Sheikh Ibrahim al-Sewayel,1960,1962,Q29578692,
Saudi Arabia,670,SAU,1962,Faysal,1962,1975,Q217167,
Saudi Arabia,670,SAU,1963,Faysal,1962,1975,Q217167,
Saudi Arabia,670,SAU,1964,Faysal,1962,1975,Q217167,
Saudi Arabia,670,SAU,1965,Faysal,1962,1975,Q217167,
Saudi Arabia,670,SAU,1966,Faysal,1962,1975,Q217167,
Saudi Arabia,670,SAU,1967,Faysal,1962,1975,Q217167,
Saudi Arabia,670,SAU,1968,Faysal,1962,1975,Q217167,
Saudi Arabia,670,SAU,1969,Faysal,1962,1975,Q217167,
Saudi Arabia,670,SAU,1970,Faysal,1962,1975,Q217167,
Saudi Arabia,670,SAU,1971,Faysal,1962,1975,Q217167,
Saudi Arabia,670,SAU,1972,Faysal,1962,1975,Q217167,
Saudi Arabia,670,SAU,1973,Faysal,1962,1975,Q217167,
Saudi Arabia,670,SAU,1974,Faysal,1962,1975,Q217167,
Saudi Arabia,670,SAU,1975,Khalid,1975,1975,Q208301,
Saudi Arabia,670,SAU,1975,Faysal,1962,1975,Q217167,
Saudi Arabia,670,SAU,1975,Saud Al Faysal,1975,2015,Q58156,
Saudi Arabia,670,SAU,1976,Saud Al Faysal,1975,2015,Q58156,
Saudi Arabia,670,SAU,1977,Saud Al Faysal,1975,2015,Q58156,
Saudi Arabia,670,SAU,1978,Saud Al Faysal,1975,2015,Q58156,
Saudi Arabia,670,SAU,1979,Saud Al Faysal,1975,2015,Q58156,
Saudi Arabia,670,SAU,1980,Saud Al Faysal,1975,2015,Q58156,
Saudi Arabia,670,SAU,1981,Saud Al Faysal,1975,2015,Q58156,
Saudi Arabia,670,SAU,1982,Saud Al Faysal,1975,2015,Q58156,
Saudi Arabia,670,SAU,1983,Saud Al Faysal,1975,2015,Q58156,
Saudi Arabia,670,SAU,1984,Saud Al Faysal,1975,2015,Q58156,
Saudi Arabia,670,SAU,1985,Saud Al Faysal,1975,2015,Q58156,
Saudi Arabia,670,SAU,1986,Saud Al Faysal,1975,2015,Q58156,
Saudi Arabia,670,SAU,1987,Saud Al Faysal,1975,2015,Q58156,
Saudi Arabia,670,SAU,1988,Saud Al Faysal,1975,2015,Q58156,
Saudi Arabia,670,SAU,1989,Saud Al Faysal,1975,2015,Q58156,
Saudi Arabia,670,SAU,1990,Saud Al Faysal,1975,2015,Q58156,
Saudi Arabia,670,SAU,1991,Saud Al Faysal,1975,2015,Q58156,
Saudi Arabia,670,SAU,1992,Saud Al Faysal,1975,2015,Q58156,
Saudi Arabia,670,SAU,1993,Saud Al Faysal,1975,2015,Q58156,
Saudi Arabia,670,SAU,1994,Saud Al Faysal,1975,2015,Q58156,
Saudi Arabia,670,SAU,1995,Saud Al Faysal,1975,2015,Q58156,
Saudi Arabia,670,SAU,1996,Saud Al Faysal,1975,2015,Q58156,
Saudi Arabia,670,SAU,1997,Saud Al Faysal,1975,2015,Q58156,
Saudi Arabia,670,SAU,1998,Saud Al Faysal,1975,2015,Q58156,
Saudi Arabia,670,SAU,1999,Saud Al Faysal,1975,2015,Q58156,
Saudi Arabia,670,SAU,2000,Saud Al Faysal,1975,2015,Q58156,
Saudi Arabia,670,SAU,2001,Saud Al Faysal,1975,2015,Q58156,
Saudi Arabia,670,SAU,2002,Saud Al Faysal,1975,2015,Q58156,
Saudi Arabia,670,SAU,2003,Saud Al Faysal,1975,2015,Q58156,
Saudi Arabia,670,SAU,2004,Saud Al Faysal,1975,2015,Q58156,
Saudi Arabia,670,SAU,2005,Saud Al Faysal,1975,2015,Q58156,
Saudi Arabia,670,SAU,2006,Saud Al Faysal,1975,2015,Q58156,
Saudi Arabia,670,SAU,2007,Saud Al Faysal,1975,2015,Q58156,
Saudi Arabia,670,SAU,2008,Saud Al Faysal,1975,2015,Q58156,
Saudi Arabia,670,SAU,2009,Saud Al Faysal,1975,2015,Q58156,
Saudi Arabia,670,SAU,2010,Saud Al Faysal,1975,2015,Q58156,
Saudi Arabia,670,SAU,2011,Saud Al Faysal,1975,2015,Q58156,
Saudi Arabia,670,SAU,2012,Saud Al Faysal,1975,2015,Q58156,
Saudi Arabia,670,SAU,2013,Saud Al Faysal,1975,2015,Q58156,
Saudi Arabia,670,SAU,2014,Saud Al Faysal,1975,2015,Q58156,
Saudi Arabia,670,SAU,2015,Adel al-Jubeir,2015,2018,Q623802,Adel al-Jubeir
Saudi Arabia,670,SAU,2016,Adel al-Jubeir,2015,2018,Q623802,Adel al-Jubeir
Saudi Arabia,670,SAU,2017,Adel al-Jubeir,2015,2018,Q623802,Adel al-Jubeir
Saudi Arabia,670,SAU,2018,Ibrahim al-Assaf,2018,2019,Q16135350,
Saudi Arabia,670,SAU,2018,Adel al-Jubeir,2015,2018,Q623802,Adel al-Jubeir
Saudi Arabia,670,SAU,2019,Ibrahim al-Assaf,2018,2019,Q16135350,
Senegal,433,SEN,1960,Doudou Thiam,1960,1962,Q3037893,Doudou Thiam
Senegal,433,SEN,1961,Doudou Thiam,1960,1962,Q3037893,Doudou Thiam
Senegal,433,SEN,1962,André Guillabert,1962,1962,Q2847899,André Guillabert
Senegal,433,SEN,1962,Doudou Thiam,1962,1968,Q3037893,Doudou Thiam
Senegal,433,SEN,1962,Doudou Thiam,1960,1962,Q3037893,Doudou Thiam
Senegal,433,SEN,1963,Doudou Thiam,1962,1968,Q3037893,Doudou Thiam
Senegal,433,SEN,1964,Doudou Thiam,1962,1968,Q3037893,Doudou Thiam
Senegal,433,SEN,1965,Doudou Thiam,1962,1968,Q3037893,Doudou Thiam
Senegal,433,SEN,1966,Doudou Thiam,1962,1968,Q3037893,Doudou Thiam
Senegal,433,SEN,1967,Doudou Thiam,1962,1968,Q3037893,Doudou Thiam
Senegal,433,SEN,1968,Alioune Badara M'Bengue,1968,1968,Q2837097,Alioune Badara M'Bengue
Senegal,433,SEN,1968,Doudou Thiam,1962,1968,Q3037893,Doudou Thiam
Senegal,433,SEN,1968,Amadou Karim Gaye,1968,1972,Q452310,Amadou Karim Gaye
Senegal,433,SEN,1969,Amadou Karim Gaye,1968,1972,Q452310,Amadou Karim Gaye
Senegal,433,SEN,1970,Amadou Karim Gaye,1968,1972,Q452310,Amadou Karim Gaye
Senegal,433,SEN,1971,Amadou Karim Gaye,1968,1972,Q452310,Amadou Karim Gaye
Senegal,433,SEN,1972,Amadou Karim Gaye,1968,1972,Q452310,Amadou Karim Gaye
Senegal,433,SEN,1972,Coumba Ndoffène Diouf,1972,1973,Q2998863,Coumba Ndoffène Diouf
Senegal,433,SEN,1973,Coumba Ndoffène Diouf,1972,1973,Q2998863,Coumba Ndoffène Diouf
Senegal,433,SEN,1973,Assane Seck,1973,1978,Q2866947,Assane Seck
Senegal,433,SEN,1974,Assane Seck,1973,1978,Q2866947,Assane Seck
Senegal,433,SEN,1975,Assane Seck,1973,1978,Q2866947,Assane Seck
Senegal,433,SEN,1976,Assane Seck,1973,1978,Q2866947,Assane Seck
Senegal,433,SEN,1977,Assane Seck,1973,1978,Q2866947,Assane Seck
Senegal,433,SEN,1978,Assane Seck,1973,1978,Q2866947,Assane Seck
Senegal,433,SEN,1978,Moustapha Niasse,1978,1984,Q1951094,Moustapha Niasse
Senegal,433,SEN,1978,Babacar Ba,1978,1978,Q2877734,Babacar Ba
Senegal,433,SEN,1979,Moustapha Niasse,1978,1984,Q1951094,Moustapha Niasse
Senegal,433,SEN,1980,Moustapha Niasse,1978,1984,Q1951094,Moustapha Niasse
Senegal,433,SEN,1981,Moustapha Niasse,1978,1984,Q1951094,Moustapha Niasse
Senegal,433,SEN,1982,Moustapha Niasse,1978,1984,Q1951094,Moustapha Niasse
Senegal,433,SEN,1983,Moustapha Niasse,1978,1984,Q1951094,Moustapha Niasse
Senegal,433,SEN,1984,Moustapha Niasse,1978,1984,Q1951094,Moustapha Niasse
Senegal,433,SEN,1984,Ibrahima Fall,1984,1990,Q3147533,Ibrahima Fall
Senegal,433,SEN,1985,Ibrahima Fall,1984,1990,Q3147533,Ibrahima Fall
Senegal,433,SEN,1986,Ibrahima Fall,1984,1990,Q3147533,Ibrahima Fall
Senegal,433,SEN,1987,Ibrahima Fall,1984,1990,Q3147533,Ibrahima Fall
Senegal,433,SEN,1988,Ibrahima Fall,1984,1990,Q3147533,Ibrahima Fall
Senegal,433,SEN,1989,Ibrahima Fall,1984,1990,Q3147533,Ibrahima Fall
Senegal,433,SEN,1990,Ibrahima Fall,1984,1990,Q3147533,Ibrahima Fall
Senegal,433,SEN,1990,Seydina Oumar Sy,1990,1991,Q3481004,Seydina Oumar Sy
Senegal,433,SEN,1991,Seydina Oumar Sy,1990,1991,Q3481004,Seydina Oumar Sy
Senegal,433,SEN,1991,Djibo Ka,1991,1993,Q3032921,
Senegal,433,SEN,1992,Djibo Ka,1991,1993,Q3032921,
Senegal,433,SEN,1993,Djibo Ka,1991,1993,Q3032921,
Senegal,433,SEN,1993,Moustapha Niasse,1993,1998,Q1951094,Moustapha Niasse
Senegal,433,SEN,1994,Moustapha Niasse,1993,1998,Q1951094,Moustapha Niasse
Senegal,433,SEN,1995,Moustapha Niasse,1993,1998,Q1951094,Moustapha Niasse
Senegal,433,SEN,1996,Moustapha Niasse,1993,1998,Q1951094,Moustapha Niasse
Senegal,433,SEN,1997,Moustapha Niasse,1993,1998,Q1951094,Moustapha Niasse
Senegal,433,SEN,1998,Moustapha Niasse,1993,1998,Q1951094,Moustapha Niasse
Senegal,433,SEN,1998,Jacques Baudin,1998,2000,Q3158206,Jacques Baudin
Senegal,433,SEN,1999,Jacques Baudin,1998,2000,Q3158206,Jacques Baudin
Senegal,433,SEN,2000,Cheikh Tidiane Gadio,2000,2009,Q2962121,Cheikh Tidiane Gadio
Senegal,433,SEN,2000,Jacques Baudin,1998,2000,Q3158206,Jacques Baudin
Senegal,433,SEN,2001,Cheikh Tidiane Gadio,2000,2009,Q2962121,Cheikh Tidiane Gadio
Senegal,433,SEN,2002,Cheikh Tidiane Gadio,2000,2009,Q2962121,Cheikh Tidiane Gadio
Senegal,433,SEN,2003,Cheikh Tidiane Gadio,2000,2009,Q2962121,Cheikh Tidiane Gadio
Senegal,433,SEN,2004,Cheikh Tidiane Gadio,2000,2009,Q2962121,Cheikh Tidiane Gadio
Senegal,433,SEN,2005,Cheikh Tidiane Gadio,2000,2009,Q2962121,Cheikh Tidiane Gadio
Senegal,433,SEN,2006,Cheikh Tidiane Gadio,2000,2009,Q2962121,Cheikh Tidiane Gadio
Senegal,433,SEN,2007,Cheikh Tidiane Gadio,2000,2009,Q2962121,Cheikh Tidiane Gadio
Senegal,433,SEN,2008,Cheikh Tidiane Gadio,2000,2009,Q2962121,Cheikh Tidiane Gadio
Senegal,433,SEN,2009,Madické Niang,2009,2012,Q1883328,Madické Niang
Senegal,433,SEN,2009,Cheikh Tidiane Gadio,2000,2009,Q2962121,Cheikh Tidiane Gadio
Senegal,433,SEN,2010,Madické Niang,2009,2012,Q1883328,Madické Niang
Senegal,433,SEN,2011,Madické Niang,2009,2012,Q1883328,Madické Niang
Senegal,433,SEN,2012,Madické Niang,2009,2012,Q1883328,Madické Niang
Senegal,433,SEN,2012,Alioune Badara Cissé,2012,2012,Q2837094,Alioune Badara Cissé
Senegal,433,SEN,2012,Mankeur Ndiaye,2012,2017,Q3286000,Mankeur Ndiaye
Senegal,433,SEN,2013,Mankeur Ndiaye,2012,2017,Q3286000,Mankeur Ndiaye
Senegal,433,SEN,2014,Mankeur Ndiaye,2012,2017,Q3286000,Mankeur Ndiaye
Senegal,433,SEN,2015,Mankeur Ndiaye,2012,2017,Q3286000,Mankeur Ndiaye
Senegal,433,SEN,2016,Mankeur Ndiaye,2012,2017,Q3286000,Mankeur Ndiaye
Senegal,433,SEN,2017,Sidiki Kaba,2017,2019,Q19895564,Sidiki Kaba
Senegal,433,SEN,2017,Mankeur Ndiaye,2012,2017,Q3286000,Mankeur Ndiaye
Senegal,433,SEN,2018,Sidiki Kaba,2017,2019,Q19895564,Sidiki Kaba
Senegal,433,SEN,2019,Sidiki Kaba,2017,2019,Q19895564,Sidiki Kaba
Serbia,342,SRB,1982,Milos Krstic,1982,1986,,
Serbia,342,SRB,1983,Milos Krstic,1982,1986,,
Serbia,342,SRB,1984,Milos Krstic,1982,1986,,
Serbia,342,SRB,1985,Milos Krstic,1982,1986,,
Serbia,342,SRB,1986,Milos Krstic,1982,1986,,
Serbia,342,SRB,1986,Bozo Jovanovic,1986,1989,,
Serbia,342,SRB,1987,Bozo Jovanovic,1986,1989,,
Serbia,342,SRB,1988,Bozo Jovanovic,1986,1989,,
Serbia,342,SRB,1989,Aleksandar Prlja,1989,1991,,
Serbia,342,SRB,1989,Bozo Jovanovic,1986,1989,,
Serbia,342,SRB,1990,Aleksandar Prlja,1989,1991,,
Serbia,342,SRB,1991,Vladislav Jovanovic,1991,1992,Q7938884,
Serbia,342,SRB,1991,Aleksandar Prlja,1989,1991,,
Serbia,342,SRB,1991,Branko Mikasinovic,1991,1991,,
Serbia,342,SRB,1992,Vladislav Jovanovic,1992,1993,Q7938884,
Serbia,342,SRB,1992,Vladislav Jovanovic,1991,1992,Q7938884,
Serbia,342,SRB,1993,Vladislav Jovanovic,1992,1993,Q7938884,
Serbia,342,SRB,2006,Vuk Draskovic,2006,2007,Q162740,
Serbia,342,SRB,2007,Vuk Jeremic,2007,2012,Q722579,
Serbia,342,SRB,2007,Vuk Draskovic,2006,2007,Q162740,
Serbia,342,SRB,2008,Vuk Jeremic,2007,2012,Q722579,
Serbia,342,SRB,2009,Vuk Jeremic,2007,2012,Q722579,
Serbia,342,SRB,2010,Vuk Jeremic,2007,2012,Q722579,
Serbia,342,SRB,2011,Vuk Jeremic,2007,2012,Q722579,
Serbia,342,SRB,2012,Vuk Jeremic,2007,2012,Q722579,
Serbia,342,SRB,2012,Ivan Mrkic,2012,2014,Q58278,
Serbia,342,SRB,2013,Ivan Mrkic,2012,2014,Q58278,
Serbia,342,SRB,2014,Ivan Mrkic,2012,2014,Q58278,
Serbia,342,SRB,2014,Ivica Dacic,2014,2019,Q57843,
Serbia,342,SRB,2015,Ivica Dacic,2014,2019,Q57843,
Serbia,342,SRB,2016,Ivica Dacic,2014,2019,Q57843,
Serbia,342,SRB,2017,Ivica Dacic,2014,2019,Q57843,
Serbia,342,SRB,2018,Ivica Dacic,2014,2019,Q57843,
Serbia,342,SRB,2019,Ivica Dacic,2014,2019,Q57843,
Seychelles,591,SYC,1976,Sir James R. Mancham,1976,1977,Q362948,
Seychelles,591,SYC,1977,Guy Sinon,1977,1979,Q36383183,Guy Sinon
Seychelles,591,SYC,1977,Sir James R. Mancham,1976,1977,Q362948,
Seychelles,591,SYC,1978,Guy Sinon,1977,1979,Q36383183,Guy Sinon
Seychelles,591,SYC,1979,Jacques Hodoul,1979,1982,Q6120652,Jacques Hodoul
Seychelles,591,SYC,1979,Guy Sinon,1977,1979,Q36383183,Guy Sinon
Seychelles,591,SYC,1980,Jacques Hodoul,1979,1982,Q6120652,Jacques Hodoul
Seychelles,591,SYC,1981,Jacques Hodoul,1979,1982,Q6120652,Jacques Hodoul
Seychelles,591,SYC,1982,Maxime Ferrari,1982,1984,Q58812876,Maxime Ferrari
Seychelles,591,SYC,1982,Jacques Hodoul,1979,1982,Q6120652,Jacques Hodoul
Seychelles,591,SYC,1983,Maxime Ferrari,1982,1984,Q58812876,Maxime Ferrari
Seychelles,591,SYC,1984,Maxime Ferrari,1982,1984,Q58812876,Maxime Ferrari
Seychelles,591,SYC,1984,France-Albert René,1984,1989,Q224986,France-Albert René
Seychelles,591,SYC,1985,France-Albert René,1984,1989,Q224986,France-Albert René
Seychelles,591,SYC,1986,France-Albert René,1984,1989,Q224986,France-Albert René
Seychelles,591,SYC,1987,France-Albert René,1984,1989,Q224986,France-Albert René
Seychelles,591,SYC,1988,France-Albert René,1984,1989,Q224986,France-Albert René
Seychelles,591,SYC,1989,France-Albert René,1984,1989,Q224986,France-Albert René
Seychelles,591,SYC,1989,Danielle de St. Jorre,1989,1997,Q173874,Danielle de St. Jorre
Seychelles,591,SYC,1990,Danielle de St. Jorre,1989,1997,Q173874,Danielle de St. Jorre
Seychelles,591,SYC,1991,Danielle de St. Jorre,1989,1997,Q173874,Danielle de St. Jorre
Seychelles,591,SYC,1992,Danielle de St. Jorre,1989,1997,Q173874,Danielle de St. Jorre
Seychelles,591,SYC,1993,Danielle de St. Jorre,1989,1997,Q173874,Danielle de St. Jorre
Seychelles,591,SYC,1994,Danielle de St. Jorre,1989,1997,Q173874,Danielle de St. Jorre
Seychelles,591,SYC,1995,Danielle de St. Jorre,1989,1997,Q173874,Danielle de St. Jorre
Seychelles,591,SYC,1996,Danielle de St. Jorre,1989,1997,Q173874,Danielle de St. Jorre
Seychelles,591,SYC,1997,Danielle de St. Jorre,1989,1997,Q173874,Danielle de St. Jorre
Seychelles,591,SYC,1997,Jérémie Bonnelame,1997,2005,Q6320093,Jérémie Bonnelame
Seychelles,591,SYC,1997,France-Albert René,1997,1997,Q224986,France-Albert René
Seychelles,591,SYC,1998,Jérémie Bonnelame,1997,2005,Q6320093,Jérémie Bonnelame
Seychelles,591,SYC,1999,Jérémie Bonnelame,1997,2005,Q6320093,Jérémie Bonnelame
Seychelles,591,SYC,2000,Jérémie Bonnelame,1997,2005,Q6320093,Jérémie Bonnelame
Seychelles,591,SYC,2001,Jérémie Bonnelame,1997,2005,Q6320093,Jérémie Bonnelame
Seychelles,591,SYC,2002,Jérémie Bonnelame,1997,2005,Q6320093,Jérémie Bonnelame
Seychelles,591,SYC,2003,Jérémie Bonnelame,1997,2005,Q6320093,Jérémie Bonnelame
Seychelles,591,SYC,2004,Jérémie Bonnelame,1997,2005,Q6320093,Jérémie Bonnelame
Seychelles,591,SYC,2005,Patrick Pillay,2005,2009,Q2057880,Patrick Pillay
Seychelles,591,SYC,2005,Jérémie Bonnelame,1997,2005,Q6320093,Jérémie Bonnelame
Seychelles,591,SYC,2006,Patrick Pillay,2005,2009,Q2057880,Patrick Pillay
Seychelles,591,SYC,2007,Patrick Pillay,2005,2009,Q2057880,Patrick Pillay
Seychelles,591,SYC,2008,Patrick Pillay,2005,2009,Q2057880,Patrick Pillay
Seychelles,591,SYC,2009,James Michel,2009,2010,Q57476,James Michel
Seychelles,591,SYC,2009,Patrick Pillay,2005,2009,Q2057880,Patrick Pillay
Seychelles,591,SYC,2010,Jean-Paul Adam,2010,2015,Q17183684,Jean-Paul Adam
Seychelles,591,SYC,2010,James Michel,2009,2010,Q57476,James Michel
Seychelles,591,SYC,2011,Jean-Paul Adam,2010,2015,Q17183684,Jean-Paul Adam
Seychelles,591,SYC,2012,Jean-Paul Adam,2010,2015,Q17183684,Jean-Paul Adam
Seychelles,591,SYC,2013,Jean-Paul Adam,2010,2015,Q17183684,Jean-Paul Adam
Seychelles,591,SYC,2014,Jean-Paul Adam,2010,2015,Q17183684,Jean-Paul Adam
Seychelles,591,SYC,2015,Joel Morgan,2015,2016,Q20089125,Joel Morgan
Seychelles,591,SYC,2015,Jean-Paul Adam,2010,2015,Q17183684,Jean-Paul Adam
Seychelles,591,SYC,2016,Danny Faure,2016,2018,Q5220343,Danny Faure
Seychelles,591,SYC,2016,Joel Morgan,2015,2016,Q20089125,Joel Morgan
Seychelles,591,SYC,2017,Danny Faure,2016,2018,Q5220343,Danny Faure
Seychelles,591,SYC,2018,Danny Faure,2016,2018,Q5220343,Danny Faure
Seychelles,591,SYC,2018,Vincent Meriton,2018,2019,Q20089124,Vincent Meriton
Seychelles,591,SYC,2019,Vincent Meriton,2018,2019,Q20089124,Vincent Meriton
Sierra Leone,451,SLE,1961,John Karefa-Smart,1961,1964,Q1700681,John Karefa-Smart
Sierra Leone,451,SLE,1962,John Karefa-Smart,1961,1964,Q1700681,John Karefa-Smart
Sierra Leone,451,SLE,1963,John Karefa-Smart,1961,1964,Q1700681,John Karefa-Smart
Sierra Leone,451,SLE,1964,Cyril B. Rogers-Wright,1964,1965,Q98654309,Cyril B. Rogers-Wright
Sierra Leone,451,SLE,1964,John Karefa-Smart,1961,1964,Q1700681,John Karefa-Smart
Sierra Leone,451,SLE,1965,Maigore Kallon,1965,1967,Q19693216,Maigore Kallon
Sierra Leone,451,SLE,1965,Cyril B. Rogers-Wright,1964,1965,Q98654309,Cyril B. Rogers-Wright
Sierra Leone,451,SLE,1966,Maigore Kallon,1965,1967,Q19693216,Maigore Kallon
Sierra Leone,451,SLE,1967,Leslie William Leigh,1967,1968,Q27922262,Leslie William Leigh
Sierra Leone,451,SLE,1967,Maigore Kallon,1965,1967,Q19693216,Maigore Kallon
Sierra Leone,451,SLE,1968,Luseni A.M. Brewah,1968,1969,Q98651642,
Sierra Leone,451,SLE,1968,Leslie William Leigh,1967,1968,Q27922262,Leslie William Leigh
Sierra Leone,451,SLE,1969,Luseni A.M. Brewah,1968,1969,Q98651642,
Sierra Leone,451,SLE,1969,Cyril P. Foray,1969,1971,Q5200719,
Sierra Leone,451,SLE,1970,Cyril P. Foray,1969,1971,Q5200719,
Sierra Leone,451,SLE,1971,Cyril P. Foray,1969,1971,Q5200719,
Sierra Leone,451,SLE,1971,Solomon Athanasius James Pratt,1971,1973,Q48816855,Solomon Athanasius James Pratt
Sierra Leone,451,SLE,1972,Solomon Athanasius James Pratt,1971,1973,Q48816855,Solomon Athanasius James Pratt
Sierra Leone,451,SLE,1973,Desmond Luke,1973,1975,Q5264760,Desmond Luke
Sierra Leone,451,SLE,1973,Solomon Athanasius James Pratt,1971,1973,Q48816855,Solomon Athanasius James Pratt
Sierra Leone,451,SLE,1974,Desmond Luke,1973,1975,Q5264760,Desmond Luke
Sierra Leone,451,SLE,1975,Desmond Luke,1973,1975,Q5264760,Desmond Luke
Sierra Leone,451,SLE,1975,Francis Minah,1975,1977,Q1441655,Francis Minah
Sierra Leone,451,SLE,1976,Francis Minah,1975,1977,Q1441655,Francis Minah
Sierra Leone,451,SLE,1977,Francis Minah,1975,1977,Q1441655,Francis Minah
Sierra Leone,451,SLE,1977,Abdulai Conteh,1977,1984,Q4665775,Abdulai Conteh
Sierra Leone,451,SLE,1978,Abdulai Conteh,1977,1984,Q4665775,Abdulai Conteh
Sierra Leone,451,SLE,1979,Abdulai Conteh,1977,1984,Q4665775,Abdulai Conteh
Sierra Leone,451,SLE,1980,Abdulai Conteh,1977,1984,Q4665775,Abdulai Conteh
Sierra Leone,451,SLE,1981,Abdulai Conteh,1977,1984,Q4665775,Abdulai Conteh
Sierra Leone,451,SLE,1982,Abdulai Conteh,1977,1984,Q4665775,Abdulai Conteh
Sierra Leone,451,SLE,1983,Abdulai Conteh,1977,1984,Q4665775,Abdulai Conteh
Sierra Leone,451,SLE,1984,Abdulai Conteh,1977,1984,Q4665775,Abdulai Conteh
Sierra Leone,451,SLE,1984,Sheka Hassan Kanu,1984,1985,Q98650760,Sheka Hassan Kanu
Sierra Leone,451,SLE,1985,Sheka Hassan Kanu,1984,1985,Q98650760,Sheka Hassan Kanu
Sierra Leone,451,SLE,1985,Abdul Karim Koroma,1985,1991,Q4665473,Abdul Karim Koroma
Sierra Leone,451,SLE,1986,Abdul Karim Koroma,1985,1991,Q4665473,Abdul Karim Koroma
Sierra Leone,451,SLE,1987,Abdul Karim Koroma,1985,1991,Q4665473,Abdul Karim Koroma
Sierra Leone,451,SLE,1988,Abdul Karim Koroma,1985,1991,Q4665473,Abdul Karim Koroma
Sierra Leone,451,SLE,1989,Abdul Karim Koroma,1985,1991,Q4665473,Abdul Karim Koroma
Sierra Leone,451,SLE,1990,Abdul Karim Koroma,1985,1991,Q4665473,Abdul Karim Koroma
Sierra Leone,451,SLE,1991,Abdul Karim Koroma,1985,1991,Q4665473,Abdul Karim Koroma
Sierra Leone,451,SLE,1991,Ahmed Ramadan Dumbuya,1991,1992,Q4695974,Ahmed Ramadan Dumbuya
Sierra Leone,451,SLE,1992,Ahmed Ramadan Dumbuya,1991,1992,Q4695974,Ahmed Ramadan Dumbuya
Sierra Leone,451,SLE,1992,Mohamed Lamin Kamara,1992,1993,Q6891333,Mohamed Lamin Kamara
Sierra Leone,451,SLE,1993,Karefa Kargbo,1993,1994,Q6369225,Karefa Kargbo
Sierra Leone,451,SLE,1993,Mohamed Lamin Kamara,1992,1993,Q6891333,Mohamed Lamin Kamara
Sierra Leone,451,SLE,1994,Abass Bundu,1994,1995,Q4663554,Abass Bundu
Sierra Leone,451,SLE,1994,Karefa Kargbo,1993,1994,Q6369225,Karefa Kargbo
Sierra Leone,451,SLE,1995,Abass Bundu,1994,1995,Q4663554,Abass Bundu
Sierra Leone,451,SLE,1995,Alusine Fofanah,1995,1996,Q4737568,Alusine Fofanah
Sierra Leone,451,SLE,1996,Maigore Kallon,1996,1996,Q19693216,Maigore Kallon
Sierra Leone,451,SLE,1996,Shirley Gbujama,1996,1997,Q7498753,Shirley Gbujama
Sierra Leone,451,SLE,1996,Alusine Fofanah,1995,1996,Q4737568,Alusine Fofanah
Sierra Leone,451,SLE,1996,Melvin Chalobah,1996,1996,Q98637442,Melvin Chalobah
Sierra Leone,451,SLE,1997,Pallo Bangura,1997,1998,Q4726654,
Sierra Leone,451,SLE,1997,Shirley Gbujama,1996,1997,Q7498753,Shirley Gbujama
Sierra Leone,451,SLE,1998,Sama Banya,1998,2001,Q98637396,Sama Banya
Sierra Leone,451,SLE,1998,Pallo Bangura,1997,1998,Q4726654,
Sierra Leone,451,SLE,1999,Sama Banya,1998,2001,Q98637396,Sama Banya
Sierra Leone,451,SLE,2000,Sama Banya,1998,2001,Q98637396,Sama Banya
Sierra Leone,451,SLE,2001,Ahmed Ramadan Dumbuya,2001,2002,Q4695974,Ahmed Ramadan Dumbuya
Sierra Leone,451,SLE,2001,Sama Banya,1998,2001,Q98637396,Sama Banya
Sierra Leone,451,SLE,2002,Ahmed Ramadan Dumbuya,2001,2002,Q4695974,Ahmed Ramadan Dumbuya
Sierra Leone,451,SLE,2002,Momodu Koroma,2002,2007,Q3319770,Momodu Koroma
Sierra Leone,451,SLE,2003,Momodu Koroma,2002,2007,Q3319770,Momodu Koroma
Sierra Leone,451,SLE,2004,Momodu Koroma,2002,2007,Q3319770,Momodu Koroma
Sierra Leone,451,SLE,2005,Momodu Koroma,2002,2007,Q3319770,Momodu Koroma
Sierra Leone,451,SLE,2006,Momodu Koroma,2002,2007,Q3319770,Momodu Koroma
Sierra Leone,451,SLE,2007,Zainab Bangura,2007,2010,Q58244,Zainab Bangura
Sierra Leone,451,SLE,2007,Momodu Koroma,2002,2007,Q3319770,Momodu Koroma
Sierra Leone,451,SLE,2008,Zainab Bangura,2007,2010,Q58244,Zainab Bangura
Sierra Leone,451,SLE,2009,Zainab Bangura,2007,2010,Q58244,Zainab Bangura
Sierra Leone,451,SLE,2010,Joseph B. Dauda,2010,2012,Q6104671,
Sierra Leone,451,SLE,2010,Zainab Bangura,2007,2010,Q58244,Zainab Bangura
Sierra Leone,451,SLE,2011,Joseph B. Dauda,2010,2012,Q6104671,
Sierra Leone,451,SLE,2012,Joseph B. Dauda,2010,2012,Q6104671,
Sierra Leone,451,SLE,2012,Samura Kamara,2012,2017,Q7413073,Samura Kamara
Sierra Leone,451,SLE,2013,Samura Kamara,2012,2017,Q7413073,Samura Kamara
Sierra Leone,451,SLE,2014,Samura Kamara,2012,2017,Q7413073,Samura Kamara
Sierra Leone,451,SLE,2015,Samura Kamara,2012,2017,Q7413073,Samura Kamara
Sierra Leone,451,SLE,2016,Samura Kamara,2012,2017,Q7413073,Samura Kamara
Sierra Leone,451,SLE,2017,Kaifala Marah,2017,2018,Q15127738,
Sierra Leone,451,SLE,2017,Samura Kamara,2012,2017,Q7413073,Samura Kamara
Sierra Leone,451,SLE,2018,Kaifala Marah,2017,2018,Q15127738,
Sierra Leone,451,SLE,2018,Alie Kabba,2018,2019,Q55126210,Alie Kabba
Sierra Leone,451,SLE,2019,Alie Kabba,2018,2019,Q55126210,Alie Kabba
Singapore,830,SGP,1965,Sinnathamby Rajaratnam,1965,1980,Q337799,Sinnathamby Rajaratnam
Singapore,830,SGP,1966,Sinnathamby Rajaratnam,1965,1980,Q337799,Sinnathamby Rajaratnam
Singapore,830,SGP,1967,Sinnathamby Rajaratnam,1965,1980,Q337799,Sinnathamby Rajaratnam
Singapore,830,SGP,1968,Sinnathamby Rajaratnam,1965,1980,Q337799,Sinnathamby Rajaratnam
Singapore,830,SGP,1969,Sinnathamby Rajaratnam,1965,1980,Q337799,Sinnathamby Rajaratnam
Singapore,830,SGP,1970,Sinnathamby Rajaratnam,1965,1980,Q337799,Sinnathamby Rajaratnam
Singapore,830,SGP,1971,Sinnathamby Rajaratnam,1965,1980,Q337799,Sinnathamby Rajaratnam
Singapore,830,SGP,1972,Sinnathamby Rajaratnam,1965,1980,Q337799,Sinnathamby Rajaratnam
Singapore,830,SGP,1973,Sinnathamby Rajaratnam,1965,1980,Q337799,Sinnathamby Rajaratnam
Singapore,830,SGP,1974,Sinnathamby Rajaratnam,1965,1980,Q337799,Sinnathamby Rajaratnam
Singapore,830,SGP,1975,Sinnathamby Rajaratnam,1965,1980,Q337799,Sinnathamby Rajaratnam
Singapore,830,SGP,1976,Sinnathamby Rajaratnam,1965,1980,Q337799,Sinnathamby Rajaratnam
Singapore,830,SGP,1977,Sinnathamby Rajaratnam,1965,1980,Q337799,Sinnathamby Rajaratnam
Singapore,830,SGP,1978,Sinnathamby Rajaratnam,1965,1980,Q337799,Sinnathamby Rajaratnam
Singapore,830,SGP,1979,Sinnathamby Rajaratnam,1965,1980,Q337799,Sinnathamby Rajaratnam
Singapore,830,SGP,1980,Sinnathamby Rajaratnam,1965,1980,Q337799,Sinnathamby Rajaratnam
Singapore,830,SGP,1980,Suppiah Dhanabalan,1980,1988,Q2368196,
Singapore,830,SGP,1981,Suppiah Dhanabalan,1980,1988,Q2368196,
Singapore,830,SGP,1982,Suppiah Dhanabalan,1980,1988,Q2368196,
Singapore,830,SGP,1983,Suppiah Dhanabalan,1980,1988,Q2368196,
Singapore,830,SGP,1984,Suppiah Dhanabalan,1980,1988,Q2368196,
Singapore,830,SGP,1985,Suppiah Dhanabalan,1980,1988,Q2368196,
Singapore,830,SGP,1986,Suppiah Dhanabalan,1980,1988,Q2368196,
Singapore,830,SGP,1987,Suppiah Dhanabalan,1980,1988,Q2368196,
Singapore,830,SGP,1988,Wong Kan Seng,1988,1994,Q461128,Wong Kan Seng
Singapore,830,SGP,1988,Suppiah Dhanabalan,1980,1988,Q2368196,
Singapore,830,SGP,1989,Wong Kan Seng,1988,1994,Q461128,Wong Kan Seng
Singapore,830,SGP,1990,Wong Kan Seng,1988,1994,Q461128,Wong Kan Seng
Singapore,830,SGP,1991,Wong Kan Seng,1988,1994,Q461128,Wong Kan Seng
Singapore,830,SGP,1992,Wong Kan Seng,1988,1994,Q461128,Wong Kan Seng
Singapore,830,SGP,1993,Wong Kan Seng,1988,1994,Q461128,Wong Kan Seng
Singapore,830,SGP,1994,Wong Kan Seng,1988,1994,Q461128,Wong Kan Seng
Singapore,830,SGP,1994,Shanmugam Jayakumar,1994,2004,Q1521378,
Singapore,830,SGP,1995,Shanmugam Jayakumar,1994,2004,Q1521378,
Singapore,830,SGP,1996,Shanmugam Jayakumar,1994,2004,Q1521378,
Singapore,830,SGP,1997,Shanmugam Jayakumar,1994,2004,Q1521378,
Singapore,830,SGP,1998,Shanmugam Jayakumar,1994,2004,Q1521378,
Singapore,830,SGP,1999,Shanmugam Jayakumar,1994,2004,Q1521378,
Singapore,830,SGP,2000,Shanmugam Jayakumar,1994,2004,Q1521378,
Singapore,830,SGP,2001,Shanmugam Jayakumar,1994,2004,Q1521378,
Singapore,830,SGP,2002,Shanmugam Jayakumar,1994,2004,Q1521378,
Singapore,830,SGP,2003,Shanmugam Jayakumar,1994,2004,Q1521378,
Singapore,830,SGP,2004,George Yeo,2004,2011,Q58142,George Yeo
Singapore,830,SGP,2004,Shanmugam Jayakumar,1994,2004,Q1521378,
Singapore,830,SGP,2005,George Yeo,2004,2011,Q58142,George Yeo
Singapore,830,SGP,2006,George Yeo,2004,2011,Q58142,George Yeo
Singapore,830,SGP,2007,George Yeo,2004,2011,Q58142,George Yeo
Singapore,830,SGP,2008,George Yeo,2004,2011,Q58142,George Yeo
Singapore,830,SGP,2009,George Yeo,2004,2011,Q58142,George Yeo
Singapore,830,SGP,2010,George Yeo,2004,2011,Q58142,George Yeo
Singapore,830,SGP,2011,George Yeo,2004,2011,Q58142,George Yeo
Singapore,830,SGP,2011,Kasiviswanathan Shanmugam,2011,2015,Q6324008,Kasiviswanathan Shanmugam
Singapore,830,SGP,2012,Kasiviswanathan Shanmugam,2011,2015,Q6324008,Kasiviswanathan Shanmugam
Singapore,830,SGP,2013,Kasiviswanathan Shanmugam,2011,2015,Q6324008,Kasiviswanathan Shanmugam
Singapore,830,SGP,2014,Kasiviswanathan Shanmugam,2011,2015,Q6324008,Kasiviswanathan Shanmugam
Singapore,830,SGP,2015,Vivian Balakrishnan,2015,2019,Q7937671,Vivian Balakrishnan
Singapore,830,SGP,2015,Kasiviswanathan Shanmugam,2011,2015,Q6324008,Kasiviswanathan Shanmugam
Singapore,830,SGP,2016,Vivian Balakrishnan,2015,2019,Q7937671,Vivian Balakrishnan
Singapore,830,SGP,2017,Vivian Balakrishnan,2015,2019,Q7937671,Vivian Balakrishnan
Singapore,830,SGP,2018,Vivian Balakrishnan,2015,2019,Q7937671,Vivian Balakrishnan
Singapore,830,SGP,2019,Vivian Balakrishnan,2015,2019,Q7937671,Vivian Balakrishnan
Slovakia,317,SVK,1992,Milan Knazko,1992,1993,Q3735272,Milan Knazko
Slovakia,317,SVK,1993,Milan Knazko,1992,1993,Q3735272,Milan Knazko
Slovakia,317,SVK,1993,Jozef Moravcík,1993,1994,Q705654,
Slovakia,317,SVK,1994,Eduard Kukan,1994,1994,Q1289100,Eduard Kukan
Slovakia,317,SVK,1994,Jozef Moravcík,1993,1994,Q705654,
Slovakia,317,SVK,1994,Juraj Schenk,1994,1996,Q3075643,Juraj Schenk
Slovakia,317,SVK,1995,Juraj Schenk,1994,1996,Q3075643,Juraj Schenk
Slovakia,317,SVK,1996,Juraj Schenk,1994,1996,Q3075643,Juraj Schenk
Slovakia,317,SVK,1996,Pavol Hamzík,1996,1997,Q3497276,
Slovakia,317,SVK,1997,Pavol Hamzík,1996,1997,Q3497276,
Slovakia,317,SVK,1997,Zdenka Kramplová,1997,1998,Q168928,Zdenka Kramplová
Slovakia,317,SVK,1998,Jozef Kalman,1998,1998,Q3492711,Jozef Kalman
Slovakia,317,SVK,1998,Eduard Kukan,1998,2006,Q1289100,Eduard Kukan
Slovakia,317,SVK,1998,Zdenka Kramplová,1997,1998,Q168928,Zdenka Kramplová
Slovakia,317,SVK,1999,Eduard Kukan,1998,2006,Q1289100,Eduard Kukan
Slovakia,317,SVK,2000,Eduard Kukan,1998,2006,Q1289100,Eduard Kukan
Slovakia,317,SVK,2001,Eduard Kukan,1998,2006,Q1289100,Eduard Kukan
Slovakia,317,SVK,2002,Eduard Kukan,1998,2006,Q1289100,Eduard Kukan
Slovakia,317,SVK,2003,Eduard Kukan,1998,2006,Q1289100,Eduard Kukan
Slovakia,317,SVK,2004,Eduard Kukan,1998,2006,Q1289100,Eduard Kukan
Slovakia,317,SVK,2005,Eduard Kukan,1998,2006,Q1289100,Eduard Kukan
Slovakia,317,SVK,2006,Eduard Kukan,1998,2006,Q1289100,Eduard Kukan
Slovakia,317,SVK,2006,Ján Kubis,2006,2009,Q701722,
Slovakia,317,SVK,2007,Ján Kubis,2006,2009,Q701722,
Slovakia,317,SVK,2008,Ján Kubis,2006,2009,Q701722,
Slovakia,317,SVK,2009,Ján Kubis,2006,2009,Q701722,
Slovakia,317,SVK,2009,Miroslav Lajcák,2009,2010,Q467905,
Slovakia,317,SVK,2010,Mikulás Dzurinda,2010,2012,Q212765,
Slovakia,317,SVK,2010,Miroslav Lajcák,2009,2010,Q467905,
Slovakia,317,SVK,2011,Mikulás Dzurinda,2010,2012,Q212765,
Slovakia,317,SVK,2012,Miroslav Lajcák,2012,2019,Q467905,
Slovakia,317,SVK,2012,Mikulás Dzurinda,2010,2012,Q212765,
Slovakia,317,SVK,2013,Miroslav Lajcák,2012,2019,Q467905,
Slovakia,317,SVK,2014,Miroslav Lajcák,2012,2019,Q467905,
Slovakia,317,SVK,2015,Miroslav Lajcák,2012,2019,Q467905,
Slovakia,317,SVK,2016,Miroslav Lajcák,2012,2019,Q467905,
Slovakia,317,SVK,2017,Miroslav Lajcák,2012,2019,Q467905,
Slovakia,317,SVK,2018,Miroslav Lajcák,2012,2019,Q467905,
Slovakia,317,SVK,2019,Miroslav Lajcák,2012,2019,Q467905,
Slovenia,349,SVN,1990,Dimitrij Rupel,1990,1993,Q560656,Dimitrij Rupel
Slovenia,349,SVN,1991,Dimitrij Rupel,1990,1993,Q560656,Dimitrij Rupel
Slovenia,349,SVN,1992,Dimitrij Rupel,1990,1993,Q560656,Dimitrij Rupel
Slovenia,349,SVN,1993,Lojze Peterle,1993,1994,Q282653,Lojze Peterle
Slovenia,349,SVN,1993,Dimitrij Rupel,1990,1993,Q560656,Dimitrij Rupel
Slovenia,349,SVN,1994,Lojze Peterle,1993,1994,Q282653,Lojze Peterle
Slovenia,349,SVN,1995,Zoran Thaler,1995,1996,Q220572,Zoran Thaler
Slovenia,349,SVN,1996,Zoran Thaler,1995,1996,Q220572,Zoran Thaler
Slovenia,349,SVN,1996,Davorin Kracun,1996,1997,Q1178306,
Slovenia,349,SVN,1997,Davorin Kracun,1996,1997,Q1178306,
Slovenia,349,SVN,1997,Boris Frlec,1997,2000,Q12786161,Boris Frlec
Slovenia,349,SVN,1997,Zoran Thaler,1997,1997,Q220572,Zoran Thaler
Slovenia,349,SVN,1998,Boris Frlec,1997,2000,Q12786161,Boris Frlec
Slovenia,349,SVN,1999,Boris Frlec,1997,2000,Q12786161,Boris Frlec
Slovenia,349,SVN,2000,Dimitrij Rupel,2000,2004,Q560656,Dimitrij Rupel
Slovenia,349,SVN,2000,Dimitrij Rupel,2000,2000,Q560656,Dimitrij Rupel
Slovenia,349,SVN,2000,Boris Frlec,1997,2000,Q12786161,Boris Frlec
Slovenia,349,SVN,2000,Lojze Peterle,2000,2000,Q282653,Lojze Peterle
Slovenia,349,SVN,2001,Dimitrij Rupel,2000,2004,Q560656,Dimitrij Rupel
Slovenia,349,SVN,2002,Dimitrij Rupel,2000,2004,Q560656,Dimitrij Rupel
Slovenia,349,SVN,2003,Dimitrij Rupel,2000,2004,Q560656,Dimitrij Rupel
Slovenia,349,SVN,2004,Ivo Vajgl,2004,2004,Q685146,Ivo Vajgl
Slovenia,349,SVN,2004,Dimitrij Rupel,2000,2004,Q560656,Dimitrij Rupel
Slovenia,349,SVN,2004,Dimitrij Rupel,2004,2008,Q560656,Dimitrij Rupel
Slovenia,349,SVN,2005,Dimitrij Rupel,2004,2008,Q560656,Dimitrij Rupel
Slovenia,349,SVN,2006,Dimitrij Rupel,2004,2008,Q560656,Dimitrij Rupel
Slovenia,349,SVN,2007,Dimitrij Rupel,2004,2008,Q560656,Dimitrij Rupel
Slovenia,349,SVN,2008,Dimitrij Rupel,2004,2008,Q560656,Dimitrij Rupel
Slovenia,349,SVN,2008,Samuel Zbogar,2008,2012,Q1378416,
Slovenia,349,SVN,2009,Samuel Zbogar,2008,2012,Q1378416,
Slovenia,349,SVN,2010,Samuel Zbogar,2008,2012,Q1378416,
Slovenia,349,SVN,2011,Samuel Zbogar,2008,2012,Q1378416,
Slovenia,349,SVN,2012,Karl Erjavec,2012,2018,Q58079,Karl Erjavec
Slovenia,349,SVN,2012,Samuel Zbogar,2008,2012,Q1378416,
Slovenia,349,SVN,2013,Karl Erjavec,2012,2018,Q58079,Karl Erjavec
Slovenia,349,SVN,2014,Karl Erjavec,2012,2018,Q58079,Karl Erjavec
Slovenia,349,SVN,2015,Karl Erjavec,2012,2018,Q58079,Karl Erjavec
Slovenia,349,SVN,2016,Karl Erjavec,2012,2018,Q58079,Karl Erjavec
Slovenia,349,SVN,2017,Karl Erjavec,2012,2018,Q58079,Karl Erjavec
Slovenia,349,SVN,2018,Miro Cerar,2018,2019,Q17117413,Miro Cerar
Slovenia,349,SVN,2018,Karl Erjavec,2012,2018,Q58079,Karl Erjavec
Slovenia,349,SVN,2019,Miro Cerar,2018,2019,Q17117413,Miro Cerar
Solomon Islands,940,SLB,1978,Peter Kenilorea,1978,1981,Q425785,Peter Kenilorea
Solomon Islands,940,SLB,1979,Peter Kenilorea,1978,1981,Q425785,Peter Kenilorea
Solomon Islands,940,SLB,1980,Peter Kenilorea,1978,1981,Q425785,Peter Kenilorea
Solomon Islands,940,SLB,1981,Ezekiel Alebua,1981,1982,Q1379708,Ezekiel Alebua
Solomon Islands,940,SLB,1981,Peter Kenilorea,1978,1981,Q425785,Peter Kenilorea
Solomon Islands,940,SLB,1982,Ezekiel Alebua,1981,1982,Q1379708,Ezekiel Alebua
Solomon Islands,940,SLB,1982,Michael Evo,1982,1982,,
Solomon Islands,940,SLB,1982,Dennis Carlos Lulei,1982,1984,,
Solomon Islands,940,SLB,1983,Dennis Carlos Lulei,1982,1984,,
Solomon Islands,940,SLB,1984,Dennis Carlos Lulei,1982,1984,,
Solomon Islands,940,SLB,1984,George Talasasa,1984,1985,,
Solomon Islands,940,SLB,1985,Paul Tovua,1985,1988,Q7154057,Paul Tovua
Solomon Islands,940,SLB,1985,George Talasasa,1984,1985,,
Solomon Islands,940,SLB,1986,Paul Tovua,1985,1988,Q7154057,Paul Tovua
Solomon Islands,940,SLB,1987,Paul Tovua,1985,1988,Q7154057,Paul Tovua
Solomon Islands,940,SLB,1988,Paul Tovua,1985,1988,Q7154057,Paul Tovua
Solomon Islands,940,SLB,1988,Sir Peter Kenilorea,1988,1989,Q425785,
Solomon Islands,940,SLB,1989,Sir Peter Kenilorea,1988,1989,Q425785,
Solomon Islands,940,SLB,1989,Sir Baddeley Devesi,1989,1990,Q798849,
Solomon Islands,940,SLB,1990,Sir Baddeley Devesi,1989,1990,Q798849,
Solomon Islands,940,SLB,1990,Sir Peter Kenilorea,1990,1992,Q425785,
Solomon Islands,940,SLB,1991,Sir Peter Kenilorea,1990,1992,Q425785,
Solomon Islands,940,SLB,1992,Job Duddley Tausinga,1992,1993,Q6206696,
Solomon Islands,940,SLB,1992,Sir Baddeley Devesi,1992,1992,Q798849,
Solomon Islands,940,SLB,1992,Sir Peter Kenilorea,1990,1992,Q425785,
Solomon Islands,940,SLB,1993,Job Duddley Tausinga,1992,1993,Q6206696,
Solomon Islands,940,SLB,1993,Francis Saemala,1993,1994,,
Solomon Islands,940,SLB,1994,Francis Saemala,1993,1994,,
Solomon Islands,940,SLB,1994,Danny Philip,1994,1996,Q561575,Danny Philip
Solomon Islands,940,SLB,1995,Danny Philip,1994,1996,Q561575,Danny Philip
Solomon Islands,940,SLB,1996,Danny Philip,1994,1996,Q561575,Danny Philip
Solomon Islands,940,SLB,1996,David Sitai,1996,1997,Q5239838,David Sitai
Solomon Islands,940,SLB,1997,David Sitai,1996,1997,Q5239838,David Sitai
Solomon Islands,940,SLB,1997,Patteson Oti,1997,2000,Q7148496,Patteson Oti
Solomon Islands,940,SLB,1998,Patteson Oti,1997,2000,Q7148496,Patteson Oti
Solomon Islands,940,SLB,1999,Patteson Oti,1997,2000,Q7148496,Patteson Oti
Solomon Islands,940,SLB,2000,Patteson Oti,1997,2000,Q7148496,Patteson Oti
Solomon Islands,940,SLB,2000,Danny Philip,2000,2001,Q561575,Danny Philip
Solomon Islands,940,SLB,2001,Alex Bartlett,2001,2002,Q8920259,
Solomon Islands,940,SLB,2001,David Sitai,2001,2001,Q5239838,David Sitai
Solomon Islands,940,SLB,2001,Danny Philip,2000,2001,Q561575,Danny Philip
Solomon Islands,940,SLB,2002,Laurie Chan,2002,2006,Q16195943,Laurie Chan
Solomon Islands,940,SLB,2002,Alex Bartlett,2001,2002,Q8920259,
Solomon Islands,940,SLB,2002,Nollen Leni,2002,2002,Q16731388,
Solomon Islands,940,SLB,2003,Laurie Chan,2002,2006,Q16195943,Laurie Chan
Solomon Islands,940,SLB,2004,Laurie Chan,2002,2006,Q16195943,Laurie Chan
Solomon Islands,940,SLB,2005,Laurie Chan,2002,2006,Q16195943,Laurie Chan
Solomon Islands,940,SLB,2006,Patteson Oti,2006,2007,Q7148496,Patteson Oti
Solomon Islands,940,SLB,2006,Laurie Chan,2002,2006,Q16195943,Laurie Chan
Solomon Islands,940,SLB,2007,William Haomae,2007,2010,Q58229,William Haomae
Solomon Islands,940,SLB,2007,Patteson Oti,2006,2007,Q7148496,Patteson Oti
Solomon Islands,940,SLB,2008,William Haomae,2007,2010,Q58229,William Haomae
Solomon Islands,940,SLB,2009,William Haomae,2007,2010,Q58229,William Haomae
Solomon Islands,940,SLB,2010,William Haomae,2007,2010,Q58229,William Haomae
Solomon Islands,940,SLB,2010,Peter Shanel Agovaka,2010,2012,Q7176876,
Solomon Islands,940,SLB,2011,Peter Shanel Agovaka,2010,2012,Q7176876,
Solomon Islands,940,SLB,2012,Clay Forau Soalaoi,2012,2014,Q5129896,Clay Forau Soalaoi
Solomon Islands,940,SLB,2012,Peter Shanel Agovaka,2010,2012,Q7176876,
Solomon Islands,940,SLB,2013,Clay Forau Soalaoi,2012,2014,Q5129896,Clay Forau Soalaoi
Solomon Islands,940,SLB,2014,Clay Forau Soalaoi,2012,2014,Q5129896,Clay Forau Soalaoi
Solomon Islands,940,SLB,2014,Milner Tozaka,2014,2019,Q3314404,Milner Tozaka
Solomon Islands,940,SLB,2015,Milner Tozaka,2014,2019,Q3314404,Milner Tozaka
Solomon Islands,940,SLB,2016,Milner Tozaka,2014,2019,Q3314404,Milner Tozaka
Solomon Islands,940,SLB,2017,Milner Tozaka,2014,2019,Q3314404,Milner Tozaka
Solomon Islands,940,SLB,2018,Milner Tozaka,2014,2019,Q3314404,Milner Tozaka
Solomon Islands,940,SLB,2019,Milner Tozaka,2014,2019,Q3314404,Milner Tozaka
Somalia,520,SOM,1960,Abdullahi Issa Mohamud,1960,1964,,
Somalia,520,SOM,1961,Abdullahi Issa Mohamud,1960,1964,,
Somalia,520,SOM,1962,Abdullahi Issa Mohamud,1960,1964,,
Somalia,520,SOM,1963,Abdullahi Issa Mohamud,1960,1964,,
Somalia,520,SOM,1964,Ahmed Yusuf Dualeh,1964,1967,Q98714331,Ahmed Yusuf Dualeh
Somalia,520,SOM,1964,Abdullahi Issa Mohamud,1960,1964,,
Somalia,520,SOM,1965,Ahmed Yusuf Dualeh,1964,1967,Q98714331,Ahmed Yusuf Dualeh
Somalia,520,SOM,1966,Ahmed Yusuf Dualeh,1964,1967,Q98714331,Ahmed Yusuf Dualeh
Somalia,520,SOM,1967,Ahmed Yusuf Dualeh,1964,1967,Q98714331,Ahmed Yusuf Dualeh
Somalia,520,SOM,1967,Muhammad Haji Ibrahim Egal,1967,1969,Q470991,Muhammad Haji Ibrahim Egal
Somalia,520,SOM,1968,Muhammad Haji Ibrahim Egal,1967,1969,Q470991,Muhammad Haji Ibrahim Egal
Somalia,520,SOM,1969,Muhammad Haji Ibrahim Egal,1967,1969,Q470991,Muhammad Haji Ibrahim Egal
Somalia,520,SOM,1969,Haji Farah Ali Omar,1969,1969,Q5639881,Haji Farah Ali Omar
Somalia,520,SOM,1969,Umar Arteh Ghalib,1969,1976,Q346240,Umar Arteh Ghalib
Somalia,520,SOM,1970,Umar Arteh Ghalib,1969,1976,Q346240,Umar Arteh Ghalib
Somalia,520,SOM,1971,Umar Arteh Ghalib,1969,1976,Q346240,Umar Arteh Ghalib
Somalia,520,SOM,1972,Umar Arteh Ghalib,1969,1976,Q346240,Umar Arteh Ghalib
Somalia,520,SOM,1973,Umar Arteh Ghalib,1969,1976,Q346240,Umar Arteh Ghalib
Somalia,520,SOM,1974,Umar Arteh Ghalib,1969,1976,Q346240,Umar Arteh Ghalib
Somalia,520,SOM,1975,Umar Arteh Ghalib,1969,1976,Q346240,Umar Arteh Ghalib
Somalia,520,SOM,1976,Umar Arteh Ghalib,1969,1976,Q346240,Umar Arteh Ghalib
Somalia,520,SOM,1976,Muhammad Siad Barre,1976,1977,Q209828,
Somalia,520,SOM,1977,Abdirahman Jama Barre,1977,1987,Q4054464,Abdirahman Jama Barre
Somalia,520,SOM,1977,Muhammad Siad Barre,1976,1977,Q209828,
Somalia,520,SOM,1978,Abdirahman Jama Barre,1977,1987,Q4054464,Abdirahman Jama Barre
Somalia,520,SOM,1979,Abdirahman Jama Barre,1977,1987,Q4054464,Abdirahman Jama Barre
Somalia,520,SOM,1980,Abdirahman Jama Barre,1977,1987,Q4054464,Abdirahman Jama Barre
Somalia,520,SOM,1981,Abdirahman Jama Barre,1977,1987,Q4054464,Abdirahman Jama Barre
Somalia,520,SOM,1982,Abdirahman Jama Barre,1977,1987,Q4054464,Abdirahman Jama Barre
Somalia,520,SOM,1983,Abdirahman Jama Barre,1977,1987,Q4054464,Abdirahman Jama Barre
Somalia,520,SOM,1984,Abdirahman Jama Barre,1977,1987,Q4054464,Abdirahman Jama Barre
Somalia,520,SOM,1985,Abdirahman Jama Barre,1977,1987,Q4054464,Abdirahman Jama Barre
Somalia,520,SOM,1986,Abdirahman Jama Barre,1977,1987,Q4054464,Abdirahman Jama Barre
Somalia,520,SOM,1987,Abdirahman Jama Barre,1977,1987,Q4054464,Abdirahman Jama Barre
Somalia,520,SOM,1987,Muhammad Ali Hamoud,1987,1988,Q98705017,Muhammad Ali Hamoud
Somalia,520,SOM,1988,Muhammad Ali Hamoud,1987,1988,Q98705017,Muhammad Ali Hamoud
Somalia,520,SOM,1988,Muhammad Siad Barre,1988,1989,Q209828,
Somalia,520,SOM,1989,Abdirahman Jama Barre,1989,1990,Q4054464,Abdirahman Jama Barre
Somalia,520,SOM,1989,Muhammad Siad Barre,1988,1989,Q209828,
Somalia,520,SOM,1990,Abdirahman Jama Barre,1989,1990,Q4054464,Abdirahman Jama Barre
Somalia,520,SOM,1990,Ahmed Muhammad Aden,1990,1991,Q72219173,Ahmed Muhammad Aden
Somalia,520,SOM,1990,Ali Ahmed Jama Jangali,1990,1990,Q16730150,Ali Ahmed Jama Jangali
Somalia,520,SOM,1991,Muhammad Ali Hamoud,1991,1993,Q98705017,Muhammad Ali Hamoud
Somalia,520,SOM,1991,Ahmed Muhammad Aden,1990,1991,Q72219173,Ahmed Muhammad Aden
Somalia,520,SOM,1992,Muhammad Ali Hamoud,1991,1993,Q98705017,Muhammad Ali Hamoud
Somalia,520,SOM,1993,Muhammad Ali Hamoud,1991,1993,Q98705017,Muhammad Ali Hamoud
Somalia,520,SOM,1995,Jama Mohamed Ghalib,1995,1998,Q52835522,Jama Mohamed Ghalib
Somalia,520,SOM,1996,Jama Mohamed Ghalib,1995,1998,Q52835522,Jama Mohamed Ghalib
Somalia,520,SOM,1997,Jama Mohamed Ghalib,1995,1998,Q52835522,Jama Mohamed Ghalib
Somalia,520,SOM,1998,Jama Mohamed Ghalib,1995,1998,Q52835522,Jama Mohamed Ghalib
Somalia,520,SOM,2000,Ismail Mahmud Hurre,2000,2002,Q3155411,Ismail Mahmud Hurre
Somalia,520,SOM,2001,Ismail Mahmud Hurre,2000,2002,Q3155411,Ismail Mahmud Hurre
Somalia,520,SOM,2002,Ismail Mahmud Hurre,2000,2002,Q3155411,Ismail Mahmud Hurre
Somalia,520,SOM,2002,Yusuf Hassan Ibrahim,2002,2004,Q2602010,Yusuf Hassan Ibrahim
Somalia,520,SOM,2003,Yusuf Hassan Ibrahim,2002,2004,Q2602010,Yusuf Hassan Ibrahim
Somalia,520,SOM,2004,Abdullahi Sheikh Ismail,2004,2006,Q4666136,Abdullahi Sheikh Ismail
Somalia,520,SOM,2004,Yusuf Hassan Ibrahim,2002,2004,Q2602010,Yusuf Hassan Ibrahim
Somalia,520,SOM,2005,Abdullahi Sheikh Ismail,2004,2006,Q4666136,Abdullahi Sheikh Ismail
Somalia,520,SOM,2006,Ismail Mahmud Hurre,2006,2007,Q3155411,Ismail Mahmud Hurre
Somalia,520,SOM,2006,Abdullahi Sheikh Ismail,2004,2006,Q4666136,Abdullahi Sheikh Ismail
Somalia,520,SOM,2007,Muhammad Ali Hamoud,2007,2008,Q98705017,Muhammad Ali Hamoud
Somalia,520,SOM,2007,Ismail Mahmud Hurre,2006,2007,Q3155411,Ismail Mahmud Hurre
Somalia,520,SOM,2007,Hussein Elabe Fahiye,2007,2007,Q98708509,Hussein Elabe Fahiye
Somalia,520,SOM,2008,Ali Ahmed Jama Jangali,2008,2009,Q16730150,Ali Ahmed Jama Jangali
Somalia,520,SOM,2008,Muhammad Ali Hamoud,2007,2008,Q98705017,Muhammad Ali Hamoud
Somalia,520,SOM,2009,Ali Ahmed Jama Jangali,2009,2010,Q16730150,Ali Ahmed Jama Jangali
Somalia,520,SOM,2009,Mohamed Abdullahi Omar,2009,2009,Q13522501,
Somalia,520,SOM,2009,Ali Ahmed Jama Jangali,2008,2009,Q16730150,Ali Ahmed Jama Jangali
Somalia,520,SOM,2010,Ali Ahmed Jama Jangali,2009,2010,Q16730150,Ali Ahmed Jama Jangali
Somalia,520,SOM,2010,Yusuf Hassan Ibrahim,2010,2010,Q2602010,Yusuf Hassan Ibrahim
Somalia,520,SOM,2010,Mohamed Abdullahi Omar,2010,2011,Q13522501,
Somalia,520,SOM,2011,Mohamed Mohamud Ibrahim,2011,2012,Q6891368,Mohamed Mohamud Ibrahim
Somalia,520,SOM,2011,Mohamed Abdullahi Omar,2010,2011,Q13522501,
Somalia,520,SOM,2012,Abdullahi Haji Hassan Mohamed Nur,2012,2012,Q4666127,
Somalia,520,SOM,2012,Mohamed Mohamud Ibrahim,2011,2012,Q6891368,Mohamed Mohamud Ibrahim
Somalia,520,SOM,2012,Fowsiyo Yusuf Haji Adan,2012,2014,,
Somalia,520,SOM,2013,Fowsiyo Yusuf Haji Adan,2012,2014,,
Somalia,520,SOM,2014,Fowsiyo Yusuf Haji Adan,2012,2014,,
Somalia,520,SOM,2014,Abdirahman Duale Bayle,2014,2015,Q16199176,
Somalia,520,SOM,2015,Abdisalan Hadliye Omar,2015,2017,,
Somalia,520,SOM,2015,Abdirahman Duale Bayle,2014,2015,Q16199176,
Somalia,520,SOM,2016,Abdisalan Hadliye Omar,2015,2017,,
Somalia,520,SOM,2017,Yusuf Garaad Omar,2017,2018,Q8061946,
Somalia,520,SOM,2017,Abdisalan Hadliye Omar,2015,2017,,
Somalia,520,SOM,2018,Yusuf Garaad Omar,2017,2018,Q8061946,
Somalia,520,SOM,2018,Ahmed Isse Awad,2018,2019,Q60090110,Ahmed Isse Awad
Somalia,520,SOM,2019,Ahmed Isse Awad,2018,2019,Q60090110,Ahmed Isse Awad
South Africa,560,ZAF,1927,the prime ministers,1927,1955,,
South Africa,560,ZAF,1928,the prime ministers,1927,1955,,
South Africa,560,ZAF,1929,the prime ministers,1927,1955,,
South Africa,560,ZAF,1930,the prime ministers,1927,1955,,
South Africa,560,ZAF,1931,the prime ministers,1927,1955,,
South Africa,560,ZAF,1932,the prime ministers,1927,1955,,
South Africa,560,ZAF,1933,the prime ministers,1927,1955,,
South Africa,560,ZAF,1934,the prime ministers,1927,1955,,
South Africa,560,ZAF,1935,the prime ministers,1927,1955,,
South Africa,560,ZAF,1936,the prime ministers,1927,1955,,
South Africa,560,ZAF,1937,the prime ministers,1927,1955,,
South Africa,560,ZAF,1938,the prime ministers,1927,1955,,
South Africa,560,ZAF,1939,the prime ministers,1927,1955,,
South Africa,560,ZAF,1940,the prime ministers,1927,1955,,
South Africa,560,ZAF,1941,the prime ministers,1927,1955,,
South Africa,560,ZAF,1942,the prime ministers,1927,1955,,
South Africa,560,ZAF,1943,the prime ministers,1927,1955,,
South Africa,560,ZAF,1944,the prime ministers,1927,1955,,
South Africa,560,ZAF,1945,the prime ministers,1927,1955,,
South Africa,560,ZAF,1946,the prime ministers,1927,1955,,
South Africa,560,ZAF,1947,the prime ministers,1927,1955,,
South Africa,560,ZAF,1948,the prime ministers,1927,1955,,
South Africa,560,ZAF,1949,the prime ministers,1927,1955,,
South Africa,560,ZAF,1950,the prime ministers,1927,1955,,
South Africa,560,ZAF,1951,the prime ministers,1927,1955,,
South Africa,560,ZAF,1952,the prime ministers,1927,1955,,
South Africa,560,ZAF,1953,the prime ministers,1927,1955,,
South Africa,560,ZAF,1954,the prime ministers,1927,1955,,
South Africa,560,ZAF,1955,Eric Louw,1955,1964,Q548032,Eric Louw
South Africa,560,ZAF,1955,the prime ministers,1927,1955,,
South Africa,560,ZAF,1956,Eric Louw,1955,1964,Q548032,Eric Louw
South Africa,560,ZAF,1957,Eric Louw,1955,1964,Q548032,Eric Louw
South Africa,560,ZAF,1958,Eric Louw,1955,1964,Q548032,Eric Louw
South Africa,560,ZAF,1959,Eric Louw,1955,1964,Q548032,Eric Louw
South Africa,560,ZAF,1960,Eric Louw,1955,1964,Q548032,Eric Louw
South Africa,560,ZAF,1961,Eric Louw,1955,1964,Q548032,Eric Louw
South Africa,560,ZAF,1962,Eric Louw,1955,1964,Q548032,Eric Louw
South Africa,560,ZAF,1963,Eric Louw,1955,1964,Q548032,Eric Louw
South Africa,560,ZAF,1964,Hilgard Muller,1964,1977,Q1618587,Hilgard Muller
South Africa,560,ZAF,1964,Eric Louw,1955,1964,Q548032,Eric Louw
South Africa,560,ZAF,1965,Hilgard Muller,1964,1977,Q1618587,Hilgard Muller
South Africa,560,ZAF,1966,Hilgard Muller,1964,1977,Q1618587,Hilgard Muller
South Africa,560,ZAF,1967,Hilgard Muller,1964,1977,Q1618587,Hilgard Muller
South Africa,560,ZAF,1968,Hilgard Muller,1964,1977,Q1618587,Hilgard Muller
South Africa,560,ZAF,1969,Hilgard Muller,1964,1977,Q1618587,Hilgard Muller
South Africa,560,ZAF,1970,Hilgard Muller,1964,1977,Q1618587,Hilgard Muller
South Africa,560,ZAF,1971,Hilgard Muller,1964,1977,Q1618587,Hilgard Muller
South Africa,560,ZAF,1972,Hilgard Muller,1964,1977,Q1618587,Hilgard Muller
South Africa,560,ZAF,1973,Hilgard Muller,1964,1977,Q1618587,Hilgard Muller
South Africa,560,ZAF,1974,Hilgard Muller,1964,1977,Q1618587,Hilgard Muller
South Africa,560,ZAF,1975,Hilgard Muller,1964,1977,Q1618587,Hilgard Muller
South Africa,560,ZAF,1976,Hilgard Muller,1964,1977,Q1618587,Hilgard Muller
South Africa,560,ZAF,1977,Hilgard Muller,1964,1977,Q1618587,Hilgard Muller
South Africa,560,ZAF,1977,Roelof Botha,1977,1994,Q561494,
South Africa,560,ZAF,1978,Roelof Botha,1977,1994,Q561494,
South Africa,560,ZAF,1979,Roelof Botha,1977,1994,Q561494,
South Africa,560,ZAF,1980,Roelof Botha,1977,1994,Q561494,
South Africa,560,ZAF,1981,Roelof Botha,1977,1994,Q561494,
South Africa,560,ZAF,1982,Roelof Botha,1977,1994,Q561494,
South Africa,560,ZAF,1983,Roelof Botha,1977,1994,Q561494,
South Africa,560,ZAF,1984,Roelof Botha,1977,1994,Q561494,
South Africa,560,ZAF,1985,Roelof Botha,1977,1994,Q561494,
South Africa,560,ZAF,1986,Roelof Botha,1977,1994,Q561494,
South Africa,560,ZAF,1987,Roelof Botha,1977,1994,Q561494,
South Africa,560,ZAF,1988,Roelof Botha,1977,1994,Q561494,
South Africa,560,ZAF,1989,Roelof Botha,1977,1994,Q561494,
South Africa,560,ZAF,1990,Roelof Botha,1977,1994,Q561494,
South Africa,560,ZAF,1991,Roelof Botha,1977,1994,Q561494,
South Africa,560,ZAF,1992,Roelof Botha,1977,1994,Q561494,
South Africa,560,ZAF,1993,Roelof Botha,1977,1994,Q561494,
South Africa,560,ZAF,1994,Roelof Botha,1977,1994,Q561494,
South Africa,560,ZAF,1994,Alfred Nzo,1994,1999,Q5176449,Alfred Nzo
South Africa,560,ZAF,1995,Alfred Nzo,1994,1999,Q5176449,Alfred Nzo
South Africa,560,ZAF,1996,Alfred Nzo,1994,1999,Q5176449,Alfred Nzo
South Africa,560,ZAF,1997,Alfred Nzo,1994,1999,Q5176449,Alfred Nzo
South Africa,560,ZAF,1998,Alfred Nzo,1994,1999,Q5176449,Alfred Nzo
South Africa,560,ZAF,1999,Alfred Nzo,1994,1999,Q5176449,Alfred Nzo
South Africa,560,ZAF,1999,Nkosazana Dlamini-Zuma,1999,2009,Q150276,Nkosazana Dlamini-Zuma
South Africa,560,ZAF,2000,Nkosazana Dlamini-Zuma,1999,2009,Q150276,Nkosazana Dlamini-Zuma
South Africa,560,ZAF,2001,Nkosazana Dlamini-Zuma,1999,2009,Q150276,Nkosazana Dlamini-Zuma
South Africa,560,ZAF,2002,Nkosazana Dlamini-Zuma,1999,2009,Q150276,Nkosazana Dlamini-Zuma
South Africa,560,ZAF,2003,Nkosazana Dlamini-Zuma,1999,2009,Q150276,Nkosazana Dlamini-Zuma
South Africa,560,ZAF,2004,Nkosazana Dlamini-Zuma,1999,2009,Q150276,Nkosazana Dlamini-Zuma
South Africa,560,ZAF,2005,Nkosazana Dlamini-Zuma,1999,2009,Q150276,Nkosazana Dlamini-Zuma
South Africa,560,ZAF,2006,Nkosazana Dlamini-Zuma,1999,2009,Q150276,Nkosazana Dlamini-Zuma
South Africa,560,ZAF,2007,Nkosazana Dlamini-Zuma,1999,2009,Q150276,Nkosazana Dlamini-Zuma
South Africa,560,ZAF,2008,Nkosazana Dlamini-Zuma,1999,2009,Q150276,Nkosazana Dlamini-Zuma
South Africa,560,ZAF,2009,Maite Nkoana-Mashabane,2009,2018,Q58160,Maite Nkoana-Mashabane
South Africa,560,ZAF,2009,Nkosazana Dlamini-Zuma,1999,2009,Q150276,Nkosazana Dlamini-Zuma
South Africa,560,ZAF,2010,Maite Nkoana-Mashabane,2009,2018,Q58160,Maite Nkoana-Mashabane
South Africa,560,ZAF,2011,Maite Nkoana-Mashabane,2009,2018,Q58160,Maite Nkoana-Mashabane
South Africa,560,ZAF,2012,Maite Nkoana-Mashabane,2009,2018,Q58160,Maite Nkoana-Mashabane
South Africa,560,ZAF,2013,Maite Nkoana-Mashabane,2009,2018,Q58160,Maite Nkoana-Mashabane
South Africa,560,ZAF,2014,Maite Nkoana-Mashabane,2009,2018,Q58160,Maite Nkoana-Mashabane
South Africa,560,ZAF,2015,Maite Nkoana-Mashabane,2009,2018,Q58160,Maite Nkoana-Mashabane
South Africa,560,ZAF,2016,Maite Nkoana-Mashabane,2009,2018,Q58160,Maite Nkoana-Mashabane
South Africa,560,ZAF,2017,Maite Nkoana-Mashabane,2009,2018,Q58160,Maite Nkoana-Mashabane
South Africa,560,ZAF,2018,Maite Nkoana-Mashabane,2009,2018,Q58160,Maite Nkoana-Mashabane
South Africa,560,ZAF,2018,Lindiwe Sisulu,2018,2019,Q3241428,Lindiwe Sisulu
South Africa,560,ZAF,2019,Lindiwe Sisulu,2018,2019,Q3241428,Lindiwe Sisulu
South Korea,732,KOR,1949,Lim Pyong Jik,1949,1951,Q12613827,
South Korea,732,KOR,1950,Lim Pyong Jik,1949,1951,Q12613827,
South Korea,732,KOR,1951,Pyun Yung Tai,1951,1955,Q482965,
South Korea,732,KOR,1951,Lim Pyong Jik,1949,1951,Q12613827,
South Korea,732,KOR,1952,Pyun Yung Tai,1951,1955,Q482965,
South Korea,732,KOR,1953,Pyun Yung Tai,1951,1955,Q482965,
South Korea,732,KOR,1954,Pyun Yung Tai,1951,1955,Q482965,
South Korea,732,KOR,1955,Cho Chung Hwan,1955,1960,Q16091932,
South Korea,732,KOR,1955,Pyun Yung Tai,1951,1955,Q482965,
South Korea,732,KOR,1956,Cho Chung Hwan,1955,1960,Q16091932,
South Korea,732,KOR,1957,Cho Chung Hwan,1955,1960,Q16091932,
South Korea,732,KOR,1958,Cho Chung Hwan,1955,1960,Q16091932,
South Korea,732,KOR,1959,Cho Chung Hwan,1955,1960,Q16091932,
South Korea,732,KOR,1960,Ho Chong,1960,1960,Q469415,
South Korea,732,KOR,1960,Chung Il Hyung,1960,1961,Q16091711,
South Korea,732,KOR,1960,Cho Chung Hwan,1955,1960,Q16091932,
South Korea,732,KOR,1961,Song Yo Chan,1961,1961,Q483124,Song Yo Chan
South Korea,732,KOR,1961,Chung Il Hyung,1960,1961,Q16091711,
South Korea,732,KOR,1961,Kim Hong Il,1961,1961,Q12589332,
South Korea,732,KOR,1961,Choe Dok Sin,1961,1963,Q493995,
South Korea,732,KOR,1962,Choe Dok Sin,1961,1963,Q493995,
South Korea,732,KOR,1963,Chung Il Kwon,1963,1964,Q337019,
South Korea,732,KOR,1963,Kim Yong Shik,1963,1963,Q625821,
South Korea,732,KOR,1963,Choe Dok Sin,1961,1963,Q493995,
South Korea,732,KOR,1964,Chung Il Kwon,1963,1964,Q337019,
South Korea,732,KOR,1964,Lee Tong Won,1964,1966,Q4991838,
South Korea,732,KOR,1965,Lee Tong Won,1964,1966,Q4991838,
South Korea,732,KOR,1966,Lee Tong Won,1964,1966,Q4991838,
South Korea,732,KOR,1966,Chung Il Kwon,1966,1967,Q337019,
South Korea,732,KOR,1967,Chung Il Kwon,1966,1967,Q337019,
South Korea,732,KOR,1967,Choi Kyu Hah,1967,1971,Q313350,
South Korea,732,KOR,1968,Choi Kyu Hah,1967,1971,Q313350,
South Korea,732,KOR,1969,Choi Kyu Hah,1967,1971,Q313350,
South Korea,732,KOR,1970,Choi Kyu Hah,1967,1971,Q313350,
South Korea,732,KOR,1971,Choi Kyu Hah,1967,1971,Q313350,
South Korea,732,KOR,1971,Kim Yong Shik,1971,1973,Q625821,
South Korea,732,KOR,1972,Kim Yong Shik,1971,1973,Q625821,
South Korea,732,KOR,1973,Kim Dong Jo,1973,1975,Q7336146,
South Korea,732,KOR,1973,Kim Yong Shik,1971,1973,Q625821,
South Korea,732,KOR,1974,Kim Dong Jo,1973,1975,Q7336146,
South Korea,732,KOR,1975,Pak Tong Jin,1975,1980,Q624523,
South Korea,732,KOR,1975,Kim Dong Jo,1973,1975,Q7336146,
South Korea,732,KOR,1976,Pak Tong Jin,1975,1980,Q624523,
South Korea,732,KOR,1977,Pak Tong Jin,1975,1980,Q624523,
South Korea,732,KOR,1978,Pak Tong Jin,1975,1980,Q624523,
South Korea,732,KOR,1979,Pak Tong Jin,1975,1980,Q624523,
South Korea,732,KOR,1980,Lho Shin Yong,1980,1982,Q211648,
South Korea,732,KOR,1980,Pak Tong Jin,1975,1980,Q624523,
South Korea,732,KOR,1981,Lho Shin Yong,1980,1982,Q211648,
South Korea,732,KOR,1982,Lho Shin Yong,1980,1982,Q211648,
South Korea,732,KOR,1982,Lee Bum Suk,1982,1983,Q624781,
South Korea,732,KOR,1983,Lee Won Kyung,1983,1986,Q4886893,
South Korea,732,KOR,1983,Lee Bum Suk,1982,1983,Q624781,
South Korea,732,KOR,1984,Lee Won Kyung,1983,1986,Q4886893,
South Korea,732,KOR,1985,Lee Won Kyung,1983,1986,Q4886893,
South Korea,732,KOR,1986,Lee Won Kyung,1983,1986,Q4886893,
South Korea,732,KOR,1986,Choi Kwang Soo,1986,1988,Q12619467,
South Korea,732,KOR,1987,Choi Kwang Soo,1986,1988,Q12619467,
South Korea,732,KOR,1988,Choi Kwang Soo,1986,1988,Q12619467,
South Korea,732,KOR,1988,Choi Ho Joong,1988,1990,Q19349777,
South Korea,732,KOR,1989,Choi Ho Joong,1988,1990,Q19349777,
South Korea,732,KOR,1990,Choi Ho Joong,1988,1990,Q19349777,
South Korea,732,KOR,1990,Lee Sang Ok,1990,1993,,
South Korea,732,KOR,1991,Lee Sang Ok,1990,1993,,
South Korea,732,KOR,1992,Lee Sang Ok,1990,1993,,
South Korea,732,KOR,1993,Lee Sang Ok,1990,1993,,
South Korea,732,KOR,1993,Han Sung Joo,1993,1994,Q1186827,
South Korea,732,KOR,1994,Han Sung Joo,1993,1994,Q1186827,
South Korea,732,KOR,1994,Gong Ro Myung,1994,1996,Q12584648,
South Korea,732,KOR,1995,Gong Ro Myung,1994,1996,Q12584648,
South Korea,732,KOR,1996,Gong Ro Myung,1994,1996,Q12584648,
South Korea,732,KOR,1996,Yoo Chong Ha,1996,1998,Q20445455,
South Korea,732,KOR,1997,Yoo Chong Ha,1996,1998,Q20445455,
South Korea,732,KOR,1998,Park Chung Soo,1998,1998,Q12597070,
South Korea,732,KOR,1998,Yoo Chong Ha,1996,1998,Q20445455,
South Korea,732,KOR,1998,Hong Soon Young,1998,2000,Q5895672,
South Korea,732,KOR,1999,Hong Soon Young,1998,2000,Q5895672,
South Korea,732,KOR,2000,Lee Joung Binn,2000,2001,Q12612564,
South Korea,732,KOR,2000,Hong Soon Young,1998,2000,Q5895672,
South Korea,732,KOR,2001,Han Seung Soo,2001,2002,Q356675,
South Korea,732,KOR,2001,Lee Joung Binn,2000,2001,Q12612564,
South Korea,732,KOR,2002,Han Seung Soo,2001,2002,Q356675,
South Korea,732,KOR,2002,Choi Sung Hong,2002,2003,Q12619619,
South Korea,732,KOR,2003,Yoon Young Kwan,2003,2004,Q8055228,
South Korea,732,KOR,2003,Choi Sung Hong,2002,2003,Q12619619,
South Korea,732,KOR,2004,Yoon Young Kwan,2003,2004,Q8055228,
South Korea,732,KOR,2004,Ban Ki Moon,2004,2006,Q1253,Ban Ki Moon
South Korea,732,KOR,2005,Ban Ki Moon,2004,2006,Q1253,Ban Ki Moon
South Korea,732,KOR,2006,Ban Ki Moon,2004,2006,Q1253,Ban Ki Moon
South Korea,732,KOR,2006,Song Min Soon,2006,2008,Q490657,
South Korea,732,KOR,2007,Song Min Soon,2006,2008,Q490657,
South Korea,732,KOR,2008,Song Min Soon,2006,2008,Q490657,
South Korea,732,KOR,2008,Yu Myung Hwan,2008,2010,Q487250,
South Korea,732,KOR,2009,Yu Myung Hwan,2008,2010,Q487250,
South Korea,732,KOR,2010,Kim Sung Hwan,2010,2013,Q492723,
South Korea,732,KOR,2010,Yu Myung Hwan,2008,2010,Q487250,
South Korea,732,KOR,2011,Kim Sung Hwan,2010,2013,Q492723,
South Korea,732,KOR,2012,Kim Sung Hwan,2010,2013,Q492723,
South Korea,732,KOR,2013,Yun Byung Se,2013,2017,Q8325594,
South Korea,732,KOR,2013,Kim Sung Hwan,2010,2013,Q492723,
South Korea,732,KOR,2014,Yun Byung Se,2013,2017,Q8325594,
South Korea,732,KOR,2015,Yun Byung Se,2013,2017,Q8325594,
South Korea,732,KOR,2016,Yun Byung Se,2013,2017,Q8325594,
South Korea,732,KOR,2017,Kang Kyung Wha,2017,2019,Q6362240,
South Korea,732,KOR,2017,Yun Byung Se,2013,2017,Q8325594,
South Korea,732,KOR,2018,Kang Kyung Wha,2017,2019,Q6362240,
South Korea,732,KOR,2019,Kang Kyung Wha,2017,2019,Q6362240,
South Vietnam,817,RVN,1949,Nguyen Van Long,1949,1950,Q902692,
South Vietnam,817,RVN,1950,Nguyen Van Long,1949,1950,Q902692,
South Vietnam,817,RVN,1950,Tran Van Huu,1950,1952,Q7833339,Tran Van Huu
South Vietnam,817,RVN,1951,Tran Van Huu,1950,1952,Q7833339,Tran Van Huu
South Vietnam,817,RVN,1952,Truong Vinh Tong,1952,1954,,
South Vietnam,817,RVN,1952,Tran Van Huu,1950,1952,Q7833339,Tran Van Huu
South Vietnam,817,RVN,1953,Truong Vinh Tong,1952,1954,,
South Vietnam,817,RVN,1954,Tran Van Do,1954,1955,,
South Vietnam,817,RVN,1954,Truong Vinh Tong,1952,1954,,
South Vietnam,817,RVN,1954,Nguyen Quoc Dinh,1954,1954,,
South Vietnam,817,RVN,1955,Vu Van Mau,1955,1963,Q1924279,Vu Van Mau
South Vietnam,817,RVN,1955,Tran Van Do,1954,1955,,
South Vietnam,817,RVN,1956,Vu Van Mau,1955,1963,Q1924279,Vu Van Mau
South Vietnam,817,RVN,1957,Vu Van Mau,1955,1963,Q1924279,Vu Van Mau
South Vietnam,817,RVN,1958,Vu Van Mau,1955,1963,Q1924279,Vu Van Mau
South Vietnam,817,RVN,1959,Vu Van Mau,1955,1963,Q1924279,Vu Van Mau
South Vietnam,817,RVN,1960,Vu Van Mau,1955,1963,Q1924279,Vu Van Mau
South Vietnam,817,RVN,1961,Vu Van Mau,1955,1963,Q1924279,Vu Van Mau
South Vietnam,817,RVN,1962,Vu Van Mau,1955,1963,Q1924279,Vu Van Mau
South Vietnam,817,RVN,1963,Vu Van Mau,1955,1963,Q1924279,Vu Van Mau
South Vietnam,817,RVN,1963,Pham Dang Lam,1963,1964,,
South Vietnam,817,RVN,1964,Pham Dang Lam,1963,1964,,
South Vietnam,817,RVN,1964,Phan Huy Quat,1964,1964,Q705534,Phan Huy Quat
South Vietnam,817,RVN,1964,Pham Dang Lam,1964,1965,,
South Vietnam,817,RVN,1965,Tran Van Do,1965,1968,,
South Vietnam,817,RVN,1965,Pham Dang Lam,1964,1965,,
South Vietnam,817,RVN,1966,Tran Van Do,1965,1968,,
South Vietnam,817,RVN,1967,Tran Van Do,1965,1968,,
South Vietnam,817,RVN,1968,Tran Chanh Thanh,1968,1969,,
South Vietnam,817,RVN,1968,Tran Van Do,1965,1968,,
South Vietnam,817,RVN,1969,Tran Van Lam,1969,1973,Q5083022,
South Vietnam,817,RVN,1969,Tran Chanh Thanh,1968,1969,,
South Vietnam,817,RVN,1970,Tran Van Lam,1969,1973,Q5083022,
South Vietnam,817,RVN,1971,Tran Van Lam,1969,1973,Q5083022,
South Vietnam,817,RVN,1972,Tran Van Lam,1969,1973,Q5083022,
South Vietnam,817,RVN,1973,Nguyen Phu Duc,1973,1973,,
South Vietnam,817,RVN,1973,Vuong Van Bac,1973,1975,Q10834006,
South Vietnam,817,RVN,1973,Tran Van Lam,1969,1973,Q5083022,
South Vietnam,817,RVN,1974,Vuong Van Bac,1973,1975,Q10834006,
South Vietnam,817,RVN,1975,Vuong Van Bac,1973,1975,Q10834006,
South Vietnam,817,RVN,1975,Nguyen Thi Binh,1975,1976,Q446909,Nguyen Thi Binh
South Vietnam,817,RVN,1976,Nguyen Thi Binh,1975,1976,Q446909,Nguyen Thi Binh
Spain,230,ESP,1945,Alberto Martín Artajo,1945,1957,Q3780695,
Spain,230,ESP,1946,Alberto Martín Artajo,1945,1957,Q3780695,
Spain,230,ESP,1947,Alberto Martín Artajo,1945,1957,Q3780695,
Spain,230,ESP,1948,Alberto Martín Artajo,1945,1957,Q3780695,
Spain,230,ESP,1949,Alberto Martín Artajo,1945,1957,Q3780695,
Spain,230,ESP,1950,Alberto Martín Artajo,1945,1957,Q3780695,
Spain,230,ESP,1951,Alberto Martín Artajo,1945,1957,Q3780695,
Spain,230,ESP,1952,Alberto Martín Artajo,1945,1957,Q3780695,
Spain,230,ESP,1953,Alberto Martín Artajo,1945,1957,Q3780695,
Spain,230,ESP,1954,Alberto Martín Artajo,1945,1957,Q3780695,
Spain,230,ESP,1955,Alberto Martín Artajo,1945,1957,Q3780695,
Spain,230,ESP,1956,Alberto Martín Artajo,1945,1957,Q3780695,
Spain,230,ESP,1957,Alberto Martín Artajo,1945,1957,Q3780695,
Spain,230,ESP,1957,Fernando María Castiella,1957,1969,Q3069503,
Spain,230,ESP,1958,Fernando María Castiella,1957,1969,Q3069503,
Spain,230,ESP,1959,Fernando María Castiella,1957,1969,Q3069503,
Spain,230,ESP,1960,Fernando María Castiella,1957,1969,Q3069503,
Spain,230,ESP,1961,Fernando María Castiella,1957,1969,Q3069503,
Spain,230,ESP,1962,Fernando María Castiella,1957,1969,Q3069503,
Spain,230,ESP,1963,Fernando María Castiella,1957,1969,Q3069503,
Spain,230,ESP,1964,Fernando María Castiella,1957,1969,Q3069503,
Spain,230,ESP,1965,Fernando María Castiella,1957,1969,Q3069503,
Spain,230,ESP,1966,Fernando María Castiella,1957,1969,Q3069503,
Spain,230,ESP,1967,Fernando María Castiella,1957,1969,Q3069503,
Spain,230,ESP,1968,Fernando María Castiella,1957,1969,Q3069503,
Spain,230,ESP,1969,Fernando María Castiella,1957,1969,Q3069503,
Spain,230,ESP,1969,Gregorio López Bravo,1969,1973,Q2835738,
Spain,230,ESP,1970,Gregorio López Bravo,1969,1973,Q2835738,
Spain,230,ESP,1971,Gregorio López Bravo,1969,1973,Q2835738,
Spain,230,ESP,1972,Gregorio López Bravo,1969,1973,Q2835738,
Spain,230,ESP,1973,Laureano López Rodó,1973,1974,Q3327848,Laureano López Rodó
Spain,230,ESP,1973,Gregorio López Bravo,1969,1973,Q2835738,
Spain,230,ESP,1974,Pedro Cortina Mauri,1974,1975,Q1364187,Pedro Cortina Mauri
Spain,230,ESP,1974,Laureano López Rodó,1973,1974,Q3327848,Laureano López Rodó
Spain,230,ESP,1975,Pedro Cortina Mauri,1974,1975,Q1364187,Pedro Cortina Mauri
Spain,230,ESP,1975,José María de Areilza,1975,1976,Q1367062,
Spain,230,ESP,1976,Marcelino Oreja Aguirre,1976,1980,Q722282,Marcelino Oreja Aguirre
Spain,230,ESP,1976,José María de Areilza,1975,1976,Q1367062,
Spain,230,ESP,1977,Marcelino Oreja Aguirre,1976,1980,Q722282,Marcelino Oreja Aguirre
Spain,230,ESP,1978,Marcelino Oreja Aguirre,1976,1980,Q722282,Marcelino Oreja Aguirre
Spain,230,ESP,1979,Marcelino Oreja Aguirre,1976,1980,Q722282,Marcelino Oreja Aguirre
Spain,230,ESP,1980,Marcelino Oreja Aguirre,1976,1980,Q722282,Marcelino Oreja Aguirre
Spain,230,ESP,1980,José Pedro Pérez Llorca,1980,1982,Q3186513,
Spain,230,ESP,1981,José Pedro Pérez Llorca,1980,1982,Q3186513,
Spain,230,ESP,1982,José Pedro Pérez Llorca,1980,1982,Q3186513,
Spain,230,ESP,1982,Fernando Morán López,1982,1985,Q3069513,
Spain,230,ESP,1983,Fernando Morán López,1982,1985,Q3069513,
Spain,230,ESP,1984,Fernando Morán López,1982,1985,Q3069513,
Spain,230,ESP,1985,Fernando Morán López,1982,1985,Q3069513,
Spain,230,ESP,1985,Francisco Fernández Ordóñez,1985,1992,Q1441961,Francisco Fernández Ordóñez
Spain,230,ESP,1986,Francisco Fernández Ordóñez,1985,1992,Q1441961,Francisco Fernández Ordóñez
Spain,230,ESP,1987,Francisco Fernández Ordóñez,1985,1992,Q1441961,Francisco Fernández Ordóñez
Spain,230,ESP,1988,Francisco Fernández Ordóñez,1985,1992,Q1441961,Francisco Fernández Ordóñez
Spain,230,ESP,1989,Francisco Fernández Ordóñez,1985,1992,Q1441961,Francisco Fernández Ordóñez
Spain,230,ESP,1990,Francisco Fernández Ordóñez,1985,1992,Q1441961,Francisco Fernández Ordóñez
Spain,230,ESP,1991,Francisco Fernández Ordóñez,1985,1992,Q1441961,Francisco Fernández Ordóñez
Spain,230,ESP,1992,Javier Solana Madariaga,1992,1995,Q154855,
Spain,230,ESP,1992,Francisco Fernández Ordóñez,1985,1992,Q1441961,Francisco Fernández Ordóñez
Spain,230,ESP,1993,Javier Solana Madariaga,1992,1995,Q154855,
Spain,230,ESP,1994,Javier Solana Madariaga,1992,1995,Q154855,
Spain,230,ESP,1995,Javier Solana Madariaga,1992,1995,Q154855,
Spain,230,ESP,1995,Carlos Westendorp,1995,1996,Q682999,Carlos Westendorp
Spain,230,ESP,1996,Carlos Westendorp,1995,1996,Q682999,Carlos Westendorp
Spain,230,ESP,1996,Abel Matutes,1996,2000,Q318474,Abel Matutes
Spain,230,ESP,1997,Abel Matutes,1996,2000,Q318474,Abel Matutes
Spain,230,ESP,1998,Abel Matutes,1996,2000,Q318474,Abel Matutes
Spain,230,ESP,1999,Abel Matutes,1996,2000,Q318474,Abel Matutes
Spain,230,ESP,2000,Josep Piqué i Camps,2000,2002,Q1366326,Josep Piqué i Camps
Spain,230,ESP,2000,Abel Matutes,1996,2000,Q318474,Abel Matutes
Spain,230,ESP,2001,Josep Piqué i Camps,2000,2002,Q1366326,Josep Piqué i Camps
Spain,230,ESP,2002,Ana Palacio,2002,2004,Q438185,
Spain,230,ESP,2002,Josep Piqué i Camps,2000,2002,Q1366326,Josep Piqué i Camps
Spain,230,ESP,2003,Ana Palacio,2002,2004,Q438185,
Spain,230,ESP,2004,Miguel Ángel Moratinos,2004,2010,Q352302,Miguel Ángel Moratinos
Spain,230,ESP,2004,Ana Palacio,2002,2004,Q438185,
Spain,230,ESP,2005,Miguel Ángel Moratinos,2004,2010,Q352302,Miguel Ángel Moratinos
Spain,230,ESP,2006,Miguel Ángel Moratinos,2004,2010,Q352302,Miguel Ángel Moratinos
Spain,230,ESP,2007,Miguel Ángel Moratinos,2004,2010,Q352302,Miguel Ángel Moratinos
Spain,230,ESP,2008,Miguel Ángel Moratinos,2004,2010,Q352302,Miguel Ángel Moratinos
Spain,230,ESP,2009,Miguel Ángel Moratinos,2004,2010,Q352302,Miguel Ángel Moratinos
Spain,230,ESP,2010,Miguel Ángel Moratinos,2004,2010,Q352302,Miguel Ángel Moratinos
Spain,230,ESP,2010,Trinidad Jiménez,2010,2011,Q260218,Trinidad Jiménez
Spain,230,ESP,2011,Trinidad Jiménez,2010,2011,Q260218,Trinidad Jiménez
Spain,230,ESP,2011,José Manuel García-Margallo,2011,2016,Q58095,
Spain,230,ESP,2012,José Manuel García-Margallo,2011,2016,Q58095,
Spain,230,ESP,2013,José Manuel García-Margallo,2011,2016,Q58095,
Spain,230,ESP,2014,José Manuel García-Margallo,2011,2016,Q58095,
Spain,230,ESP,2015,José Manuel García-Margallo,2011,2016,Q58095,
Spain,230,ESP,2016,José Manuel García-Margallo,2011,2016,Q58095,
Spain,230,ESP,2016,Alfonso Dastis,2016,2018,Q5666774,Alfonso Dastis
Spain,230,ESP,2017,Alfonso Dastis,2016,2018,Q5666774,Alfonso Dastis
Spain,230,ESP,2018,Josep Borrell,2018,2019,Q312901,Josep Borrell
Spain,230,ESP,2018,Alfonso Dastis,2016,2018,Q5666774,Alfonso Dastis
Spain,230,ESP,2019,Josep Borrell,2018,2019,Q312901,Josep Borrell
Sri Lanka,780,LKA,1948,the prime ministers,1948,1977,,
Sri Lanka,780,LKA,1949,the prime ministers,1948,1977,,
Sri Lanka,780,LKA,1950,the prime ministers,1948,1977,,
Sri Lanka,780,LKA,1951,the prime ministers,1948,1977,,
Sri Lanka,780,LKA,1952,the prime ministers,1948,1977,,
Sri Lanka,780,LKA,1953,the prime ministers,1948,1977,,
Sri Lanka,780,LKA,1954,the prime ministers,1948,1977,,
Sri Lanka,780,LKA,1955,the prime ministers,1948,1977,,
Sri Lanka,780,LKA,1956,the prime ministers,1948,1977,,
Sri Lanka,780,LKA,1957,the prime ministers,1948,1977,,
Sri Lanka,780,LKA,1958,the prime ministers,1948,1977,,
Sri Lanka,780,LKA,1959,the prime ministers,1948,1977,,
Sri Lanka,780,LKA,1960,the prime ministers,1948,1977,,
Sri Lanka,780,LKA,1961,the prime ministers,1948,1977,,
Sri Lanka,780,LKA,1962,the prime ministers,1948,1977,,
Sri Lanka,780,LKA,1963,the prime ministers,1948,1977,,
Sri Lanka,780,LKA,1964,the prime ministers,1948,1977,,
Sri Lanka,780,LKA,1965,the prime ministers,1948,1977,,
Sri Lanka,780,LKA,1966,the prime ministers,1948,1977,,
Sri Lanka,780,LKA,1967,the prime ministers,1948,1977,,
Sri Lanka,780,LKA,1968,the prime ministers,1948,1977,,
Sri Lanka,780,LKA,1969,the prime ministers,1948,1977,,
Sri Lanka,780,LKA,1970,the prime ministers,1948,1977,,
Sri Lanka,780,LKA,1971,the prime ministers,1948,1977,,
Sri Lanka,780,LKA,1972,the prime ministers,1948,1977,,
Sri Lanka,780,LKA,1973,the prime ministers,1948,1977,,
Sri Lanka,780,LKA,1974,the prime ministers,1948,1977,,
Sri Lanka,780,LKA,1975,the prime ministers,1948,1977,,
Sri Lanka,780,LKA,1976,the prime ministers,1948,1977,,
Sri Lanka,780,LKA,1977,the prime ministers,1948,1977,,
Sri Lanka,780,LKA,1977,Abdul Cader Shahul Hameed,1977,1989,Q308533,Abdul Cader Shahul Hameed
Sri Lanka,780,LKA,1978,Abdul Cader Shahul Hameed,1977,1989,Q308533,Abdul Cader Shahul Hameed
Sri Lanka,780,LKA,1979,Abdul Cader Shahul Hameed,1977,1989,Q308533,Abdul Cader Shahul Hameed
Sri Lanka,780,LKA,1980,Abdul Cader Shahul Hameed,1977,1989,Q308533,Abdul Cader Shahul Hameed
Sri Lanka,780,LKA,1981,Abdul Cader Shahul Hameed,1977,1989,Q308533,Abdul Cader Shahul Hameed
Sri Lanka,780,LKA,1982,Abdul Cader Shahul Hameed,1977,1989,Q308533,Abdul Cader Shahul Hameed
Sri Lanka,780,LKA,1983,Abdul Cader Shahul Hameed,1977,1989,Q308533,Abdul Cader Shahul Hameed
Sri Lanka,780,LKA,1984,Abdul Cader Shahul Hameed,1977,1989,Q308533,Abdul Cader Shahul Hameed
Sri Lanka,780,LKA,1985,Abdul Cader Shahul Hameed,1977,1989,Q308533,Abdul Cader Shahul Hameed
Sri Lanka,780,LKA,1986,Abdul Cader Shahul Hameed,1977,1989,Q308533,Abdul Cader Shahul Hameed
Sri Lanka,780,LKA,1987,Abdul Cader Shahul Hameed,1977,1989,Q308533,Abdul Cader Shahul Hameed
Sri Lanka,780,LKA,1988,Abdul Cader Shahul Hameed,1977,1989,Q308533,Abdul Cader Shahul Hameed
Sri Lanka,780,LKA,1989,Ranjan Wijeratne,1989,1990,Q7293107,Ranjan Wijeratne
Sri Lanka,780,LKA,1989,Abdul Cader Shahul Hameed,1977,1989,Q308533,Abdul Cader Shahul Hameed
Sri Lanka,780,LKA,1990,Harold Herath,1990,1993,Q16017701,Harold Herath
Sri Lanka,780,LKA,1990,Ranjan Wijeratne,1989,1990,Q7293107,Ranjan Wijeratne
Sri Lanka,780,LKA,1991,Harold Herath,1990,1993,Q16017701,Harold Herath
Sri Lanka,780,LKA,1992,Harold Herath,1990,1993,Q16017701,Harold Herath
Sri Lanka,780,LKA,1993,Abdul Cader Shahul Hameed,1993,1994,Q308533,Abdul Cader Shahul Hameed
Sri Lanka,780,LKA,1993,Harold Herath,1990,1993,Q16017701,Harold Herath
Sri Lanka,780,LKA,1994,Lakshman Kadirgamar,1994,2001,Q206638,Lakshman Kadirgamar
Sri Lanka,780,LKA,1994,Abdul Cader Shahul Hameed,1993,1994,Q308533,Abdul Cader Shahul Hameed
Sri Lanka,780,LKA,1995,Lakshman Kadirgamar,1994,2001,Q206638,Lakshman Kadirgamar
Sri Lanka,780,LKA,1996,Lakshman Kadirgamar,1994,2001,Q206638,Lakshman Kadirgamar
Sri Lanka,780,LKA,1997,Lakshman Kadirgamar,1994,2001,Q206638,Lakshman Kadirgamar
Sri Lanka,780,LKA,1998,Lakshman Kadirgamar,1994,2001,Q206638,Lakshman Kadirgamar
Sri Lanka,780,LKA,1999,Lakshman Kadirgamar,1994,2001,Q206638,Lakshman Kadirgamar
Sri Lanka,780,LKA,2000,Lakshman Kadirgamar,1994,2001,Q206638,Lakshman Kadirgamar
Sri Lanka,780,LKA,2001,Tyronne Fernando,2001,2004,Q2506866,Tyronne Fernando
Sri Lanka,780,LKA,2001,Lakshman Kadirgamar,1994,2001,Q206638,Lakshman Kadirgamar
Sri Lanka,780,LKA,2002,Tyronne Fernando,2001,2004,Q2506866,Tyronne Fernando
Sri Lanka,780,LKA,2003,Tyronne Fernando,2001,2004,Q2506866,Tyronne Fernando
Sri Lanka,780,LKA,2004,Lakshman Kadirgamar,2004,2005,Q206638,Lakshman Kadirgamar
Sri Lanka,780,LKA,2004,Tyronne Fernando,2001,2004,Q2506866,Tyronne Fernando
Sri Lanka,780,LKA,2005,Mangala Samaraweera,2005,2007,Q3285700,
Sri Lanka,780,LKA,2005,Anura Bandaranaike,2005,2005,Q612582,Anura Bandaranaike
Sri Lanka,780,LKA,2005,Lakshman Kadirgamar,2004,2005,Q206638,Lakshman Kadirgamar
Sri Lanka,780,LKA,2006,Mangala Samaraweera,2005,2007,Q3285700,
Sri Lanka,780,LKA,2007,Mangala Samaraweera,2005,2007,Q3285700,
Sri Lanka,780,LKA,2007,Rohitha Bogollagama,2007,2010,Q3439757,Rohitha Bogollagama
Sri Lanka,780,LKA,2008,Rohitha Bogollagama,2007,2010,Q3439757,Rohitha Bogollagama
Sri Lanka,780,LKA,2009,Rohitha Bogollagama,2007,2010,Q3439757,Rohitha Bogollagama
Sri Lanka,780,LKA,2010,Gamini Lakshman Peiris,2010,2015,Q5512329,
Sri Lanka,780,LKA,2010,Rohitha Bogollagama,2007,2010,Q3439757,Rohitha Bogollagama
Sri Lanka,780,LKA,2011,Gamini Lakshman Peiris,2010,2015,Q5512329,
Sri Lanka,780,LKA,2012,Gamini Lakshman Peiris,2010,2015,Q5512329,
Sri Lanka,780,LKA,2013,Gamini Lakshman Peiris,2010,2015,Q5512329,
Sri Lanka,780,LKA,2014,Gamini Lakshman Peiris,2010,2015,Q5512329,
Sri Lanka,780,LKA,2015,Gamini Lakshman Peiris,2010,2015,Q5512329,
Sri Lanka,780,LKA,2015,Mangala Samaraweera,2015,2017,Q3285700,
Sri Lanka,780,LKA,2016,Mangala Samaraweera,2015,2017,Q3285700,
Sri Lanka,780,LKA,2017,Vasantha Senanayake,2017,2017,Q7971337,
Sri Lanka,780,LKA,2017,Mangala Samaraweera,2015,2017,Q3285700,
Sri Lanka,780,LKA,2017,Ravi Karunanayake,2017,2017,Q7296640,Ravi Karunanayake
Sri Lanka,780,LKA,2017,Tilak Marapana,2017,2018,Q17011652,Tilak Marapana
Sri Lanka,780,LKA,2018,Tilak Marapana,2017,2018,Q17011652,Tilak Marapana
Sri Lanka,780,LKA,2018,Tilak Marapana,2018,2019,Q17011652,Tilak Marapana
Sri Lanka,780,LKA,2018,Sarath Amunugama,2018,2018,Q7423315,Sarath Amunugama
Sri Lanka,780,LKA,2019,Tilak Marapana,2018,2019,Q17011652,Tilak Marapana
Sudan,625,SDN,1956,Mubarak Zarouk,1956,1956,Q55104813,Mubarak Zarouk
Sudan,625,SDN,1956,Muhammad Ahmad Mahgoub,1956,1958,Q1951817,Muhammad Ahmad Mahgoub
Sudan,625,SDN,1957,Muhammad Ahmad Mahgoub,1956,1958,Q1951817,Muhammad Ahmad Mahgoub
Sudan,625,SDN,1958,Sayed Ahmad Kheir,1958,1964,Q7429147,
Sudan,625,SDN,1958,Muhammad Ahmad Mahgoub,1956,1958,Q1951817,Muhammad Ahmad Mahgoub
Sudan,625,SDN,1959,Sayed Ahmad Kheir,1958,1964,Q7429147,
Sudan,625,SDN,1960,Sayed Ahmad Kheir,1958,1964,Q7429147,
Sudan,625,SDN,1961,Sayed Ahmad Kheir,1958,1964,Q7429147,
Sudan,625,SDN,1962,Sayed Ahmad Kheir,1958,1964,Q7429147,
Sudan,625,SDN,1963,Sayed Ahmad Kheir,1958,1964,Q7429147,
Sudan,625,SDN,1964,Muhammad Ahmad Mahgoub,1964,1965,Q1951817,Muhammad Ahmad Mahgoub
Sudan,625,SDN,1964,Sayed Ahmad Kheir,1958,1964,Q7429147,
Sudan,625,SDN,1965,Muhammad Ibrahim Khalil,1965,1966,,
Sudan,625,SDN,1965,Muhammad Ahmad Mahgoub,1964,1965,Q1951817,Muhammad Ahmad Mahgoub
Sudan,625,SDN,1966,Muhammad Ibrahim Khalil,1965,1966,,
Sudan,625,SDN,1966,Ibrahim al-Mufti,1966,1967,,
Sudan,625,SDN,1967,Ibrahim al-Mufti,1966,1967,,
Sudan,625,SDN,1967,Muhammad Ahmad Mahgoub,1967,1968,Q1951817,Muhammad Ahmad Mahgoub
Sudan,625,SDN,1968,Muhammad Ahmad Mahgoub,1967,1968,Q1951817,Muhammad Ahmad Mahgoub
Sudan,625,SDN,1968,Ali Abdel Rahman al-Amin,1968,1969,,
Sudan,625,SDN,1969,Babiker Awadalla,1969,1970,Q797694,Babiker Awadalla
Sudan,625,SDN,1969,Ali Abdel Rahman al-Amin,1968,1969,,
Sudan,625,SDN,1970,Gaafar Nimeiry,1970,1971,Q311798,Gaafar Nimeiry
Sudan,625,SDN,1970,Babiker Awadalla,1969,1970,Q797694,Babiker Awadalla
Sudan,625,SDN,1971,Farouk Abu Eissa,1971,1971,Q20737918,
Sudan,625,SDN,1971,Gaafar Nimeiry,1970,1971,Q311798,Gaafar Nimeiry
Sudan,625,SDN,1971,Mansour Khalid,1971,1975,Q12245618,Mansour Khalid
Sudan,625,SDN,1972,Mansour Khalid,1971,1975,Q12245618,Mansour Khalid
Sudan,625,SDN,1973,Mansour Khalid,1971,1975,Q12245618,Mansour Khalid
Sudan,625,SDN,1974,Mansour Khalid,1971,1975,Q12245618,Mansour Khalid
Sudan,625,SDN,1975,Mansour Khalid,1971,1975,Q12245618,Mansour Khalid
Sudan,625,SDN,1975,Gamal Muhammad Ahmad,1975,1976,,
Sudan,625,SDN,1976,Gamal Muhammad Ahmad,1975,1976,,
Sudan,625,SDN,1976,Mahgoub Makawy,1976,1977,,
Sudan,625,SDN,1977,Rashid Bakr,1977,1980,Q330671,Rashid Bakr
Sudan,625,SDN,1977,Mahgoub Makawy,1976,1977,,
Sudan,625,SDN,1977,Mansour Khalid,1977,1977,Q12245618,Mansour Khalid
Sudan,625,SDN,1978,Rashid Bakr,1977,1980,Q330671,Rashid Bakr
Sudan,625,SDN,1979,Rashid Bakr,1977,1980,Q330671,Rashid Bakr
Sudan,625,SDN,1980,Rashid Bakr,1977,1980,Q330671,Rashid Bakr
Sudan,625,SDN,1980,Muhammad Mirghani Mubarak,1980,1984,,
Sudan,625,SDN,1981,Muhammad Mirghani Mubarak,1980,1984,,
Sudan,625,SDN,1982,Muhammad Mirghani Mubarak,1980,1984,,
Sudan,625,SDN,1983,Muhammad Mirghani Mubarak,1980,1984,,
Sudan,625,SDN,1984,Hashim Osman,1984,1985,,
Sudan,625,SDN,1984,Muhammad Mirghani Mubarak,1980,1984,,
Sudan,625,SDN,1985,Ibrahim Taha Ayoub,1985,1986,,
Sudan,625,SDN,1985,Hashim Osman,1984,1985,,
Sudan,625,SDN,1986,Zayn al-Abidin al-Sharif al-Hindi,1986,1987,,
Sudan,625,SDN,1986,Ibrahim Taha Ayoub,1985,1986,,
Sudan,625,SDN,1987,Mamoun Mahgoub Sinada,1987,1988,,
Sudan,625,SDN,1987,Muhammad Tawfiq Ahmad,1987,1987,,
Sudan,625,SDN,1987,Zayn al-Abidin al-Sharif al-Hindi,1986,1987,,
Sudan,625,SDN,1988,Hussein Suleiman Abu Saleh,1988,1989,,
Sudan,625,SDN,1988,Mamoun Mahgoub Sinada,1987,1988,,
Sudan,625,SDN,1989,Hussein Suleiman Abu Saleh,1988,1989,,
Sudan,625,SDN,1989,Sid Ahmad al-Hussein,1989,1989,,
Sudan,625,SDN,1989,Ali Sahloul,1989,1993,,
Sudan,625,SDN,1989,Hassan al-Turabi,1989,1989,Q469299,
Sudan,625,SDN,1990,Ali Sahloul,1989,1993,,
Sudan,625,SDN,1991,Ali Sahloul,1989,1993,,
Sudan,625,SDN,1992,Ali Sahloul,1989,1993,,
Sudan,625,SDN,1993,Ali Sahloul,1989,1993,,
Sudan,625,SDN,1993,Hussein Suleiman Abu Saleh,1993,1995,,
Sudan,625,SDN,1994,Hussein Suleiman Abu Saleh,1993,1995,,
Sudan,625,SDN,1995,Ali Osman Mohamed Taha,1995,1998,Q937264,
Sudan,625,SDN,1995,Hussein Suleiman Abu Saleh,1993,1995,,
Sudan,625,SDN,1996,Ali Osman Mohamed Taha,1995,1998,Q937264,
Sudan,625,SDN,1997,Ali Osman Mohamed Taha,1995,1998,Q937264,
Sudan,625,SDN,1998,Ali Osman Mohamed Taha,1995,1998,Q937264,
Sudan,625,SDN,1998,Mustafa Osman Ismail,1998,2005,Q6943310,Mustafa Osman Ismail
Sudan,625,SDN,1999,Mustafa Osman Ismail,1998,2005,Q6943310,Mustafa Osman Ismail
Sudan,625,SDN,2000,Mustafa Osman Ismail,1998,2005,Q6943310,Mustafa Osman Ismail
Sudan,625,SDN,2001,Mustafa Osman Ismail,1998,2005,Q6943310,Mustafa Osman Ismail
Sudan,625,SDN,2002,Mustafa Osman Ismail,1998,2005,Q6943310,Mustafa Osman Ismail
Sudan,625,SDN,2003,Mustafa Osman Ismail,1998,2005,Q6943310,Mustafa Osman Ismail
Sudan,625,SDN,2004,Mustafa Osman Ismail,1998,2005,Q6943310,Mustafa Osman Ismail
Sudan,625,SDN,2005,Lam Akol,2005,2007,Q1364583,Lam Akol
Sudan,625,SDN,2005,Mustafa Osman Ismail,1998,2005,Q6943310,Mustafa Osman Ismail
Sudan,625,SDN,2006,Lam Akol,2005,2007,Q1364583,Lam Akol
Sudan,625,SDN,2007,Lam Akol,2005,2007,Q1364583,Lam Akol
Sudan,625,SDN,2007,Deng Alor,2007,2010,Q5256910,Deng Alor
Sudan,625,SDN,2008,Deng Alor,2007,2010,Q5256910,Deng Alor
Sudan,625,SDN,2009,Deng Alor,2007,2010,Q5256910,Deng Alor
Sudan,625,SDN,2010,Deng Alor,2007,2010,Q5256910,Deng Alor
Sudan,625,SDN,2010,Ali Karti,2010,2015,Q12228166,
Sudan,625,SDN,2011,Ali Karti,2010,2015,Q12228166,
Sudan,625,SDN,2012,Ali Karti,2010,2015,Q12228166,
Sudan,625,SDN,2013,Ali Karti,2010,2015,Q12228166,
Sudan,625,SDN,2014,Ali Karti,2010,2015,Q12228166,
Sudan,625,SDN,2015,Ali Karti,2010,2015,Q12228166,
Sudan,625,SDN,2015,Ibrahim Ghandour,2015,2018,Q21933547,Ibrahim Ghandour
Sudan,625,SDN,2016,Ibrahim Ghandour,2015,2018,Q21933547,Ibrahim Ghandour
Sudan,625,SDN,2017,Ibrahim Ghandour,2015,2018,Q21933547,Ibrahim Ghandour
Sudan,625,SDN,2018,Mohamed Abdalla Idris,2018,2018,,
Sudan,625,SDN,2018,Ibrahim Ghandour,2015,2018,Q21933547,Ibrahim Ghandour
Sudan,625,SDN,2018,al-Dirdiri Mohamed Ahmed,2018,2019,,
Sudan,625,SDN,2019,al-Dirdiri Mohamed Ahmed,2018,2019,,
Suriname,115,SUR,1975,Henck Arron,1975,1980,Q1604941,Henck Arron
Suriname,115,SUR,1976,Henck Arron,1975,1980,Q1604941,Henck Arron
Suriname,115,SUR,1977,Henck Arron,1975,1980,Q1604941,Henck Arron
Suriname,115,SUR,1978,Henck Arron,1975,1980,Q1604941,Henck Arron
Suriname,115,SUR,1979,Henck Arron,1975,1980,Q1604941,Henck Arron
Suriname,115,SUR,1980,André Haakmat,1980,1981,Q2124641,
Suriname,115,SUR,1980,Hendrick R. Chin A Sen,1980,1980,Q584322,
Suriname,115,SUR,1980,Henck Arron,1975,1980,Q1604941,Henck Arron
Suriname,115,SUR,1981,Harvey Naarendorp,1981,1983,Q13657643,Harvey Naarendorp
Suriname,115,SUR,1981,André Haakmat,1980,1981,Q2124641,
Suriname,115,SUR,1982,Harvey Naarendorp,1981,1983,Q13657643,Harvey Naarendorp
Suriname,115,SUR,1983,Harvey Naarendorp,1981,1983,Q13657643,Harvey Naarendorp
Suriname,115,SUR,1983,Errol Alibux,1983,1984,Q2682734,Errol Alibux
Suriname,115,SUR,1984,Wim Udenhout,1984,1985,Q1828494,Wim Udenhout
Suriname,115,SUR,1984,Errol Alibux,1983,1984,Q2682734,Errol Alibux
Suriname,115,SUR,1985,Wim Udenhout,1984,1985,Q1828494,Wim Udenhout
Suriname,115,SUR,1985,Erik Tjon Kie Sim,1985,1986,Q1977783,Erik Tjon Kie Sim
Suriname,115,SUR,1986,Erik Tjon Kie Sim,1985,1986,Q1977783,Erik Tjon Kie Sim
Suriname,115,SUR,1986,Henk Herrenberg,1986,1987,Q2598129,Henk Herrenberg
Suriname,115,SUR,1987,Henk Herrenberg,1986,1987,Q2598129,Henk Herrenberg
Suriname,115,SUR,1987,Henk Heidweiller,1987,1988,Q2649450,Henk Heidweiller
Suriname,115,SUR,1988,Henk Heidweiller,1987,1988,Q2649450,Henk Heidweiller
Suriname,115,SUR,1988,E.J. Sedoc,1988,1990,Q2545021,
Suriname,115,SUR,1989,E.J. Sedoc,1988,1990,Q2545021,
Suriname,115,SUR,1990,E.J. Sedoc,1988,1990,Q2545021,
Suriname,115,SUR,1991,Robby D. Ramlakhan,1991,1991,Q2596303,
Suriname,115,SUR,1991,Subhas Mungra,1991,1996,Q2715772,Subhas Mungra
Suriname,115,SUR,1992,Subhas Mungra,1991,1996,Q2715772,Subhas Mungra
Suriname,115,SUR,1993,Subhas Mungra,1991,1996,Q2715772,Subhas Mungra
Suriname,115,SUR,1994,Subhas Mungra,1991,1996,Q2715772,Subhas Mungra
Suriname,115,SUR,1995,Subhas Mungra,1991,1996,Q2715772,Subhas Mungra
Suriname,115,SUR,1996,Subhas Mungra,1991,1996,Q2715772,Subhas Mungra
Suriname,115,SUR,1996,Faried Pierkhan,1996,1997,Q4465499,Faried Pierkhan
Suriname,115,SUR,1997,Faried Pierkhan,1996,1997,Q4465499,Faried Pierkhan
Suriname,115,SUR,1997,Errol Snijders,1997,2000,Q2380953,Errol Snijders
Suriname,115,SUR,1998,Errol Snijders,1997,2000,Q2380953,Errol Snijders
Suriname,115,SUR,1999,Errol Snijders,1997,2000,Q2380953,Errol Snijders
Suriname,115,SUR,2000,Errol Snijders,1997,2000,Q2380953,Errol Snijders
Suriname,115,SUR,2000,Marie Levens,2000,2005,Q3127467,Marie Levens
Suriname,115,SUR,2001,Marie Levens,2000,2005,Q3127467,Marie Levens
Suriname,115,SUR,2002,Marie Levens,2000,2005,Q3127467,Marie Levens
Suriname,115,SUR,2003,Marie Levens,2000,2005,Q3127467,Marie Levens
Suriname,115,SUR,2004,Marie Levens,2000,2005,Q3127467,Marie Levens
Suriname,115,SUR,2005,Marie Levens,2000,2005,Q3127467,Marie Levens
Suriname,115,SUR,2005,Lygia Kraag-Keteldijk,2005,2010,Q58149,Lygia Kraag-Keteldijk
Suriname,115,SUR,2006,Lygia Kraag-Keteldijk,2005,2010,Q58149,Lygia Kraag-Keteldijk
Suriname,115,SUR,2007,Lygia Kraag-Keteldijk,2005,2010,Q58149,Lygia Kraag-Keteldijk
Suriname,115,SUR,2008,Lygia Kraag-Keteldijk,2005,2010,Q58149,Lygia Kraag-Keteldijk
Suriname,115,SUR,2009,Lygia Kraag-Keteldijk,2005,2010,Q58149,Lygia Kraag-Keteldijk
Suriname,115,SUR,2010,Winston Lackin,2010,2015,Q3486213,Winston Lackin
Suriname,115,SUR,2010,Lygia Kraag-Keteldijk,2005,2010,Q58149,Lygia Kraag-Keteldijk
Suriname,115,SUR,2011,Winston Lackin,2010,2015,Q3486213,Winston Lackin
Suriname,115,SUR,2012,Winston Lackin,2010,2015,Q3486213,Winston Lackin
Suriname,115,SUR,2013,Winston Lackin,2010,2015,Q3486213,Winston Lackin
Suriname,115,SUR,2014,Winston Lackin,2010,2015,Q3486213,Winston Lackin
Suriname,115,SUR,2015,Winston Lackin,2010,2015,Q3486213,Winston Lackin
Suriname,115,SUR,2015,Niermala Badrising,2015,2017,Q22003256,Niermala Badrising
Suriname,115,SUR,2016,Niermala Badrising,2015,2017,Q22003256,Niermala Badrising
Suriname,115,SUR,2017,Niermala Badrising,2015,2017,Q22003256,Niermala Badrising
Suriname,115,SUR,2017,Yldiz Pollack-Beighle,2017,2019,Q28859452,
Suriname,115,SUR,2018,Yldiz Pollack-Beighle,2017,2019,Q28859452,
Suriname,115,SUR,2019,Yldiz Pollack-Beighle,2017,2019,Q28859452,
Swaziland,572,SWZ,1968,Prince Makhosini Dlamini,1968,1970,,
Swaziland,572,SWZ,1969,Prince Makhosini Dlamini,1968,1970,,
Swaziland,572,SWZ,1970,Prince Makhosini Dlamini,1968,1970,,
Swaziland,572,SWZ,1970,Zonke Amos Khumalo,1970,1971,,
Swaziland,572,SWZ,1971,Zonke Amos Khumalo,1970,1971,,
Swaziland,572,SWZ,1971,Kanyakwezwe Henry Dlamini,1971,1972,,
Swaziland,572,SWZ,1972,Mhlangano Stephen Matsebula,1972,1979,,
Swaziland,572,SWZ,1972,Kanyakwezwe Henry Dlamini,1971,1972,,
Swaziland,572,SWZ,1973,Mhlangano Stephen Matsebula,1972,1979,,
Swaziland,572,SWZ,1974,Mhlangano Stephen Matsebula,1972,1979,,
Swaziland,572,SWZ,1975,Mhlangano Stephen Matsebula,1972,1979,,
Swaziland,572,SWZ,1976,Mhlangano Stephen Matsebula,1972,1979,,
Swaziland,572,SWZ,1977,Mhlangano Stephen Matsebula,1972,1979,,
Swaziland,572,SWZ,1978,Mhlangano Stephen Matsebula,1972,1979,,
Swaziland,572,SWZ,1979,Mhlangano Stephen Matsebula,1972,1979,,
Swaziland,572,SWZ,1979,Lawrence Macina,1979,1982,,
Swaziland,572,SWZ,1980,Lawrence Macina,1979,1982,,
Swaziland,572,SWZ,1981,Lawrence Macina,1979,1982,,
Swaziland,572,SWZ,1982,Richard Velaphi Dlamini,1982,1984,,
Swaziland,572,SWZ,1982,Lawrence Macina,1979,1982,,
Swaziland,572,SWZ,1983,Richard Velaphi Dlamini,1982,1984,,
Swaziland,572,SWZ,1984,Mhambi Mnisi,1984,1986,Q28099363,Mhambi Mnisi
Swaziland,572,SWZ,1984,Richard Velaphi Dlamini,1982,1984,,
Swaziland,572,SWZ,1985,Mhambi Mnisi,1984,1986,Q28099363,Mhambi Mnisi
Swaziland,572,SWZ,1986,Mhambi Mnisi,1984,1986,Q28099363,Mhambi Mnisi
Swaziland,572,SWZ,1986,Shadrack J.S. Sibanyoni,1986,1987,,
Swaziland,572,SWZ,1987,Shadrack J.S. Sibanyoni,1986,1987,,
Swaziland,572,SWZ,1987,Sir George Mbikwakhe Mamba,1987,1993,,
Swaziland,572,SWZ,1988,Sir George Mbikwakhe Mamba,1987,1993,,
Swaziland,572,SWZ,1989,Sir George Mbikwakhe Mamba,1987,1993,,
Swaziland,572,SWZ,1990,Sir George Mbikwakhe Mamba,1987,1993,,
Swaziland,572,SWZ,1991,Sir George Mbikwakhe Mamba,1987,1993,,
Swaziland,572,SWZ,1992,Sir George Mbikwakhe Mamba,1987,1993,,
Swaziland,572,SWZ,1993,Sir George Mbikwakhe Mamba,1987,1993,,
Swaziland,572,SWZ,1993,Solomon Dlamini,1993,1995,,
Swaziland,572,SWZ,1994,Solomon Dlamini,1993,1995,,
Swaziland,572,SWZ,1995,Solomon Dlamini,1993,1995,,
Swaziland,572,SWZ,1995,Arthur Khoza,1995,1998,,
Swaziland,572,SWZ,1996,Arthur Khoza,1995,1998,,
Swaziland,572,SWZ,1997,Arthur Khoza,1995,1998,,
Swaziland,572,SWZ,1998,Arthur Khoza,1995,1998,,
Swaziland,572,SWZ,1998,Albert Nhlanhla Shabangu,1998,2001,,
Swaziland,572,SWZ,1999,Albert Nhlanhla Shabangu,1998,2001,,
Swaziland,572,SWZ,2000,Albert Nhlanhla Shabangu,1998,2001,,
Swaziland,572,SWZ,2001,Albert Nhlanhla Shabangu,1998,2001,,
Swaziland,572,SWZ,2001,Abednego Ntshangase,2001,2003,,
Swaziland,572,SWZ,2002,Abednego Ntshangase,2001,2003,,
Swaziland,572,SWZ,2003,Mabili Dlamini,2003,2006,,
Swaziland,572,SWZ,2003,Abednego Ntshangase,2001,2003,,
Swaziland,572,SWZ,2003,Roy Fanourakis,2003,2003,,
Swaziland,572,SWZ,2004,Mabili Dlamini,2003,2006,,
Swaziland,572,SWZ,2005,Mabili Dlamini,2003,2006,,
Swaziland,572,SWZ,2006,Mabili Dlamini,2003,2006,,
Swaziland,572,SWZ,2006,Moses Mathendele Dlamini,2006,2008,Q3324762,Moses Mathendele Dlamini
Swaziland,572,SWZ,2007,Moses Mathendele Dlamini,2006,2008,Q3324762,Moses Mathendele Dlamini
Swaziland,572,SWZ,2008,Moses Mathendele Dlamini,2006,2008,Q3324762,Moses Mathendele Dlamini
Swaziland,572,SWZ,2008,Lutfo Dlamini,2008,2011,Q58271,Lutfo Dlamini
Swaziland,572,SWZ,2009,Lutfo Dlamini,2008,2011,Q58271,Lutfo Dlamini
Swaziland,572,SWZ,2010,Lutfo Dlamini,2008,2011,Q58271,Lutfo Dlamini
Swaziland,572,SWZ,2011,Lutfo Dlamini,2008,2011,Q58271,Lutfo Dlamini
Swaziland,572,SWZ,2011,Mtiti Fakudze,2011,2013,,
Swaziland,572,SWZ,2012,Mtiti Fakudze,2011,2013,,
Swaziland,572,SWZ,2013,Sotsha Dlamini,2013,2013,Q484720,Sotsha Dlamini
Swaziland,572,SWZ,2013,Mtiti Fakudze,2011,2013,,
Swaziland,572,SWZ,2013,Mgwagwa Gamedze,2013,2018,,
Swaziland,572,SWZ,2014,Mgwagwa Gamedze,2013,2018,,
Swaziland,572,SWZ,2015,Mgwagwa Gamedze,2013,2018,,
Swaziland,572,SWZ,2016,Mgwagwa Gamedze,2013,2018,,
Swaziland,572,SWZ,2017,Mgwagwa Gamedze,2013,2018,,
Swaziland,572,SWZ,2018,Mgwagwa Gamedze,2013,2018,,
Swaziland,572,SWZ,2018,Thuli Dladla,2018,2019,Q64747413,Thuli Dladla
Swaziland,572,SWZ,2018,Joel Musa Nhleko,2018,2018,Q98893969,Joel Musa Nhleko
Swaziland,572,SWZ,2019,Thuli Dladla,2018,2019,Q64747413,Thuli Dladla
Sweden,380,SWE,1945,Östen Undén,1945,1962,Q298317,Östen Undén
Sweden,380,SWE,1946,Östen Undén,1945,1962,Q298317,Östen Undén
Sweden,380,SWE,1947,Östen Undén,1945,1962,Q298317,Östen Undén
Sweden,380,SWE,1948,Östen Undén,1945,1962,Q298317,Östen Undén
Sweden,380,SWE,1949,Östen Undén,1945,1962,Q298317,Östen Undén
Sweden,380,SWE,1950,Östen Undén,1945,1962,Q298317,Östen Undén
Sweden,380,SWE,1951,Östen Undén,1945,1962,Q298317,Östen Undén
Sweden,380,SWE,1952,Östen Undén,1945,1962,Q298317,Östen Undén
Sweden,380,SWE,1953,Östen Undén,1945,1962,Q298317,Östen Undén
Sweden,380,SWE,1954,Östen Undén,1945,1962,Q298317,Östen Undén
Sweden,380,SWE,1955,Östen Undén,1945,1962,Q298317,Östen Undén
Sweden,380,SWE,1956,Östen Undén,1945,1962,Q298317,Östen Undén
Sweden,380,SWE,1957,Östen Undén,1945,1962,Q298317,Östen Undén
Sweden,380,SWE,1958,Östen Undén,1945,1962,Q298317,Östen Undén
Sweden,380,SWE,1959,Östen Undén,1945,1962,Q298317,Östen Undén
Sweden,380,SWE,1960,Östen Undén,1945,1962,Q298317,Östen Undén
Sweden,380,SWE,1961,Östen Undén,1945,1962,Q298317,Östen Undén
Sweden,380,SWE,1962,Östen Undén,1945,1962,Q298317,Östen Undén
Sweden,380,SWE,1962,Torsten Nilsson,1962,1971,Q241035,Torsten Nilsson
Sweden,380,SWE,1963,Torsten Nilsson,1962,1971,Q241035,Torsten Nilsson
Sweden,380,SWE,1964,Torsten Nilsson,1962,1971,Q241035,Torsten Nilsson
Sweden,380,SWE,1965,Torsten Nilsson,1962,1971,Q241035,Torsten Nilsson
Sweden,380,SWE,1966,Torsten Nilsson,1962,1971,Q241035,Torsten Nilsson
Sweden,380,SWE,1967,Torsten Nilsson,1962,1971,Q241035,Torsten Nilsson
Sweden,380,SWE,1968,Torsten Nilsson,1962,1971,Q241035,Torsten Nilsson
Sweden,380,SWE,1969,Torsten Nilsson,1962,1971,Q241035,Torsten Nilsson
Sweden,380,SWE,1970,Torsten Nilsson,1962,1971,Q241035,Torsten Nilsson
Sweden,380,SWE,1971,Torsten Nilsson,1962,1971,Q241035,Torsten Nilsson
Sweden,380,SWE,1971,Krister Wickman,1971,1973,Q3376192,Krister Wickman
Sweden,380,SWE,1972,Krister Wickman,1971,1973,Q3376192,Krister Wickman
Sweden,380,SWE,1973,Sven Olof Andersson,1973,1976,Q953952,
Sweden,380,SWE,1973,Krister Wickman,1971,1973,Q3376192,Krister Wickman
Sweden,380,SWE,1974,Sven Olof Andersson,1973,1976,Q953952,
Sweden,380,SWE,1975,Sven Olof Andersson,1973,1976,Q953952,
Sweden,380,SWE,1976,Karin Söder,1976,1978,Q468538,Karin Söder
Sweden,380,SWE,1976,Sven Olof Andersson,1973,1976,Q953952,
Sweden,380,SWE,1977,Karin Söder,1976,1978,Q468538,Karin Söder
Sweden,380,SWE,1978,Hans Blix,1978,1979,Q297275,Hans Blix
Sweden,380,SWE,1978,Karin Söder,1976,1978,Q468538,Karin Söder
Sweden,380,SWE,1979,Hans Blix,1978,1979,Q297275,Hans Blix
Sweden,380,SWE,1979,Ola Ullsten,1979,1982,Q53733,Ola Ullsten
Sweden,380,SWE,1980,Ola Ullsten,1979,1982,Q53733,Ola Ullsten
Sweden,380,SWE,1981,Ola Ullsten,1979,1982,Q53733,Ola Ullsten
Sweden,380,SWE,1982,Lennart Bodström,1982,1985,Q4098206,Lennart Bodström
Sweden,380,SWE,1982,Ola Ullsten,1979,1982,Q53733,Ola Ullsten
Sweden,380,SWE,1983,Lennart Bodström,1982,1985,Q4098206,Lennart Bodström
Sweden,380,SWE,1984,Lennart Bodström,1982,1985,Q4098206,Lennart Bodström
Sweden,380,SWE,1985,Lennart Bodström,1982,1985,Q4098206,Lennart Bodström
Sweden,380,SWE,1985,Sten Andersson,1985,1991,Q1346478,Sten Andersson
Sweden,380,SWE,1986,Sten Andersson,1985,1991,Q1346478,Sten Andersson
Sweden,380,SWE,1987,Sten Andersson,1985,1991,Q1346478,Sten Andersson
Sweden,380,SWE,1988,Sten Andersson,1985,1991,Q1346478,Sten Andersson
Sweden,380,SWE,1989,Sten Andersson,1985,1991,Q1346478,Sten Andersson
Sweden,380,SWE,1990,Sten Andersson,1985,1991,Q1346478,Sten Andersson
Sweden,380,SWE,1991,Sten Andersson,1985,1991,Q1346478,Sten Andersson
Sweden,380,SWE,1991,Margaretha af Ugglas,1991,1994,Q455820,Margaretha af Ugglas
Sweden,380,SWE,1992,Margaretha af Ugglas,1991,1994,Q455820,Margaretha af Ugglas
Sweden,380,SWE,1993,Margaretha af Ugglas,1991,1994,Q455820,Margaretha af Ugglas
Sweden,380,SWE,1994,Lena Hjelm-Wallén,1994,1998,Q460919,Lena Hjelm-Wallén
Sweden,380,SWE,1994,Margaretha af Ugglas,1991,1994,Q455820,Margaretha af Ugglas
Sweden,380,SWE,1995,Lena Hjelm-Wallén,1994,1998,Q460919,Lena Hjelm-Wallén
Sweden,380,SWE,1996,Lena Hjelm-Wallén,1994,1998,Q460919,Lena Hjelm-Wallén
Sweden,380,SWE,1997,Lena Hjelm-Wallén,1994,1998,Q460919,Lena Hjelm-Wallén
Sweden,380,SWE,1998,Lena Hjelm-Wallén,1994,1998,Q460919,Lena Hjelm-Wallén
Sweden,380,SWE,1998,Anna Lindh,1998,2003,Q208591,Anna Lindh
Sweden,380,SWE,1999,Anna Lindh,1998,2003,Q208591,Anna Lindh
Sweden,380,SWE,2000,Anna Lindh,1998,2003,Q208591,Anna Lindh
Sweden,380,SWE,2001,Anna Lindh,1998,2003,Q208591,Anna Lindh
Sweden,380,SWE,2002,Anna Lindh,1998,2003,Q208591,Anna Lindh
Sweden,380,SWE,2003,Anna Lindh,1998,2003,Q208591,Anna Lindh
Sweden,380,SWE,2003,Laila Freivalds,2003,2006,Q291648,Laila Freivalds
Sweden,380,SWE,2003,Jan O. Karlsson,2003,2003,Q1232072,Jan O. Karlsson
Sweden,380,SWE,2004,Laila Freivalds,2003,2006,Q291648,Laila Freivalds
Sweden,380,SWE,2005,Laila Freivalds,2003,2006,Q291648,Laila Freivalds
Sweden,380,SWE,2006,Laila Freivalds,2003,2006,Q291648,Laila Freivalds
Sweden,380,SWE,2006,Carin Jämtin,2006,2006,Q2938797,Carin Jämtin
Sweden,380,SWE,2006,Jan Eliasson,2006,2006,Q549955,Jan Eliasson
Sweden,380,SWE,2006,Bosse Ringholm,2006,2006,Q321595,Bosse Ringholm
Sweden,380,SWE,2006,Carl Bildt,2006,2014,Q52922,Carl Bildt
Sweden,380,SWE,2007,Carl Bildt,2006,2014,Q52922,Carl Bildt
Sweden,380,SWE,2008,Carl Bildt,2006,2014,Q52922,Carl Bildt
Sweden,380,SWE,2009,Carl Bildt,2006,2014,Q52922,Carl Bildt
Sweden,380,SWE,2010,Carl Bildt,2006,2014,Q52922,Carl Bildt
Sweden,380,SWE,2011,Carl Bildt,2006,2014,Q52922,Carl Bildt
Sweden,380,SWE,2012,Carl Bildt,2006,2014,Q52922,Carl Bildt
Sweden,380,SWE,2013,Carl Bildt,2006,2014,Q52922,Carl Bildt
Sweden,380,SWE,2014,Carl Bildt,2006,2014,Q52922,Carl Bildt
Sweden,380,SWE,2014,Margot Wallström,2014,2019,Q237522,Margot Wallström
Sweden,380,SWE,2015,Margot Wallström,2014,2019,Q237522,Margot Wallström
Sweden,380,SWE,2016,Margot Wallström,2014,2019,Q237522,Margot Wallström
Sweden,380,SWE,2017,Margot Wallström,2014,2019,Q237522,Margot Wallström
Sweden,380,SWE,2018,Margot Wallström,2014,2019,Q237522,Margot Wallström
Sweden,380,SWE,2019,Margot Wallström,2014,2019,Q237522,Margot Wallström
Switzerland,225,CHE,1945,Max Petitpierre,1945,1961,Q664453,Max Petitpierre
Switzerland,225,CHE,1946,Max Petitpierre,1945,1961,Q664453,Max Petitpierre
Switzerland,225,CHE,1947,Max Petitpierre,1945,1961,Q664453,Max Petitpierre
Switzerland,225,CHE,1948,Max Petitpierre,1945,1961,Q664453,Max Petitpierre
Switzerland,225,CHE,1949,Max Petitpierre,1945,1961,Q664453,Max Petitpierre
Switzerland,225,CHE,1950,Max Petitpierre,1945,1961,Q664453,Max Petitpierre
Switzerland,225,CHE,1951,Max Petitpierre,1945,1961,Q664453,Max Petitpierre
Switzerland,225,CHE,1952,Max Petitpierre,1945,1961,Q664453,Max Petitpierre
Switzerland,225,CHE,1953,Max Petitpierre,1945,1961,Q664453,Max Petitpierre
Switzerland,225,CHE,1954,Max Petitpierre,1945,1961,Q664453,Max Petitpierre
Switzerland,225,CHE,1955,Max Petitpierre,1945,1961,Q664453,Max Petitpierre
Switzerland,225,CHE,1956,Max Petitpierre,1945,1961,Q664453,Max Petitpierre
Switzerland,225,CHE,1957,Max Petitpierre,1945,1961,Q664453,Max Petitpierre
Switzerland,225,CHE,1958,Max Petitpierre,1945,1961,Q664453,Max Petitpierre
Switzerland,225,CHE,1959,Max Petitpierre,1945,1961,Q664453,Max Petitpierre
Switzerland,225,CHE,1960,Max Petitpierre,1945,1961,Q664453,Max Petitpierre
Switzerland,225,CHE,1961,Max Petitpierre,1945,1961,Q664453,Max Petitpierre
Switzerland,225,CHE,1961,Friedrich Traugott Wahlen,1961,1966,Q663178,Friedrich Traugott Wahlen
Switzerland,225,CHE,1962,Friedrich Traugott Wahlen,1961,1966,Q663178,Friedrich Traugott Wahlen
Switzerland,225,CHE,1963,Friedrich Traugott Wahlen,1961,1966,Q663178,Friedrich Traugott Wahlen
Switzerland,225,CHE,1964,Friedrich Traugott Wahlen,1961,1966,Q663178,Friedrich Traugott Wahlen
Switzerland,225,CHE,1965,Friedrich Traugott Wahlen,1961,1966,Q663178,Friedrich Traugott Wahlen
Switzerland,225,CHE,1966,Friedrich Traugott Wahlen,1961,1966,Q663178,Friedrich Traugott Wahlen
Switzerland,225,CHE,1966,Willy Spühler,1966,1970,Q115622,Willy Spühler
Switzerland,225,CHE,1967,Willy Spühler,1966,1970,Q115622,Willy Spühler
Switzerland,225,CHE,1968,Willy Spühler,1966,1970,Q115622,Willy Spühler
Switzerland,225,CHE,1969,Willy Spühler,1966,1970,Q115622,Willy Spühler
Switzerland,225,CHE,1970,Willy Spühler,1966,1970,Q115622,Willy Spühler
Switzerland,225,CHE,1970,Pierre Graber,1970,1978,Q120363,Pierre Graber
Switzerland,225,CHE,1971,Pierre Graber,1970,1978,Q120363,Pierre Graber
Switzerland,225,CHE,1972,Pierre Graber,1970,1978,Q120363,Pierre Graber
Switzerland,225,CHE,1973,Pierre Graber,1970,1978,Q120363,Pierre Graber
Switzerland,225,CHE,1974,Pierre Graber,1970,1978,Q120363,Pierre Graber
Switzerland,225,CHE,1975,Pierre Graber,1970,1978,Q120363,Pierre Graber
Switzerland,225,CHE,1976,Pierre Graber,1970,1978,Q120363,Pierre Graber
Switzerland,225,CHE,1977,Pierre Graber,1970,1978,Q120363,Pierre Graber
Switzerland,225,CHE,1978,Pierre Graber,1970,1978,Q120363,Pierre Graber
Switzerland,225,CHE,1978,Pierre Aubert,1978,1987,Q115581,Pierre Aubert
Switzerland,225,CHE,1979,Pierre Aubert,1978,1987,Q115581,Pierre Aubert
Switzerland,225,CHE,1980,Pierre Aubert,1978,1987,Q115581,Pierre Aubert
Switzerland,225,CHE,1981,Pierre Aubert,1978,1987,Q115581,Pierre Aubert
Switzerland,225,CHE,1982,Pierre Aubert,1978,1987,Q115581,Pierre Aubert
Switzerland,225,CHE,1983,Pierre Aubert,1978,1987,Q115581,Pierre Aubert
Switzerland,225,CHE,1984,Pierre Aubert,1978,1987,Q115581,Pierre Aubert
Switzerland,225,CHE,1985,Pierre Aubert,1978,1987,Q115581,Pierre Aubert
Switzerland,225,CHE,1986,Pierre Aubert,1978,1987,Q115581,Pierre Aubert
Switzerland,225,CHE,1987,Pierre Aubert,1978,1987,Q115581,Pierre Aubert
Switzerland,225,CHE,1988,René Felber,1988,1993,Q115611,René Felber
Switzerland,225,CHE,1989,René Felber,1988,1993,Q115611,René Felber
Switzerland,225,CHE,1990,René Felber,1988,1993,Q115611,René Felber
Switzerland,225,CHE,1991,René Felber,1988,1993,Q115611,René Felber
Switzerland,225,CHE,1992,René Felber,1988,1993,Q115611,René Felber
Switzerland,225,CHE,1993,Flavio Cotti,1993,1999,Q118199,Flavio Cotti
Switzerland,225,CHE,1993,René Felber,1988,1993,Q115611,René Felber
Switzerland,225,CHE,1994,Flavio Cotti,1993,1999,Q118199,Flavio Cotti
Switzerland,225,CHE,1995,Flavio Cotti,1993,1999,Q118199,Flavio Cotti
Switzerland,225,CHE,1996,Flavio Cotti,1993,1999,Q118199,Flavio Cotti
Switzerland,225,CHE,1997,Flavio Cotti,1993,1999,Q118199,Flavio Cotti
Switzerland,225,CHE,1998,Flavio Cotti,1993,1999,Q118199,Flavio Cotti
Switzerland,225,CHE,1999,Joseph Deiss,1999,2002,Q123823,Joseph Deiss
Switzerland,225,CHE,1999,Flavio Cotti,1993,1999,Q118199,Flavio Cotti
Switzerland,225,CHE,2000,Joseph Deiss,1999,2002,Q123823,Joseph Deiss
Switzerland,225,CHE,2001,Joseph Deiss,1999,2002,Q123823,Joseph Deiss
Switzerland,225,CHE,2002,Joseph Deiss,1999,2002,Q123823,Joseph Deiss
Switzerland,225,CHE,2003,Micheline Calmy-Rey,2003,2011,Q122377,Micheline Calmy-Rey
Switzerland,225,CHE,2004,Micheline Calmy-Rey,2003,2011,Q122377,Micheline Calmy-Rey
Switzerland,225,CHE,2005,Micheline Calmy-Rey,2003,2011,Q122377,Micheline Calmy-Rey
Switzerland,225,CHE,2006,Micheline Calmy-Rey,2003,2011,Q122377,Micheline Calmy-Rey
Switzerland,225,CHE,2007,Micheline Calmy-Rey,2003,2011,Q122377,Micheline Calmy-Rey
Switzerland,225,CHE,2008,Micheline Calmy-Rey,2003,2011,Q122377,Micheline Calmy-Rey
Switzerland,225,CHE,2009,Micheline Calmy-Rey,2003,2011,Q122377,Micheline Calmy-Rey
Switzerland,225,CHE,2010,Micheline Calmy-Rey,2003,2011,Q122377,Micheline Calmy-Rey
Switzerland,225,CHE,2011,Micheline Calmy-Rey,2003,2011,Q122377,Micheline Calmy-Rey
Switzerland,225,CHE,2012,Didier Burkhalter,2012,2017,Q58280,Didier Burkhalter
Switzerland,225,CHE,2013,Didier Burkhalter,2012,2017,Q58280,Didier Burkhalter
Switzerland,225,CHE,2014,Didier Burkhalter,2012,2017,Q58280,Didier Burkhalter
Switzerland,225,CHE,2015,Didier Burkhalter,2012,2017,Q58280,Didier Burkhalter
Switzerland,225,CHE,2016,Didier Burkhalter,2012,2017,Q58280,Didier Burkhalter
Switzerland,225,CHE,2017,Ignazio Cassis,2017,2019,Q117254,Ignazio Cassis
Switzerland,225,CHE,2017,Didier Burkhalter,2012,2017,Q58280,Didier Burkhalter
Switzerland,225,CHE,2018,Ignazio Cassis,2017,2019,Q117254,Ignazio Cassis
Switzerland,225,CHE,2019,Ignazio Cassis,2017,2019,Q117254,Ignazio Cassis
Syria,652,SYR,1949,Khalid al-Azm,1949,1950,Q403528,Khalid al-Azm
Syria,652,SYR,1950,Khalid al-Azm,1949,1950,Q403528,Khalid al-Azm
Syria,652,SYR,1950,Nazim al-Kudsi,1950,1951,Q169841,Nazim al-Kudsi
Syria,652,SYR,1951,Khalid al-Azm,1951,1951,Q403528,Khalid al-Azm
Syria,652,SYR,1951,Shakir al-As,1951,1951,,
Syria,652,SYR,1951,Nazim al-Kudsi,1950,1951,Q169841,Nazim al-Kudsi
Syria,652,SYR,1951,Faydi al-Atassi,1951,1951,Q16128223,
Syria,652,SYR,1952,Zafir al-Rifai,1952,1953,,
Syria,652,SYR,1953,Khalil Mardam Bey,1953,1954,Q668603,Khalil Mardam Bey
Syria,652,SYR,1953,Zafir al-Rifai,1952,1953,,
Syria,652,SYR,1954,Izzat Sakkal,1954,1954,,
Syria,652,SYR,1954,Faydi al-Atassi,1954,1955,Q16128223,
Syria,652,SYR,1954,Khalil Mardam Bey,1953,1954,Q668603,Khalil Mardam Bey
Syria,652,SYR,1954,Faydi al-Atassi,1954,1954,Q16128223,
Syria,652,SYR,1955,Faydi al-Atassi,1954,1955,Q16128223,
Syria,652,SYR,1955,Said al-Ghazzi,1955,1956,Q2688982,Said al-Ghazzi
Syria,652,SYR,1955,Khalid al-Azm,1955,1955,Q403528,Khalid al-Azm
Syria,652,SYR,1956,Salah al-Din Bitar,1956,1958,Q500447,
Syria,652,SYR,1956,Said al-Ghazzi,1955,1956,Q2688982,Said al-Ghazzi
Syria,652,SYR,1957,Salah al-Din Bitar,1956,1958,Q500447,
Syria,652,SYR,1958,Salah al-Din Bitar,1956,1958,Q500447,
Syria,652,SYR,1961,Izzat al-Nuss,1961,1961,Q6406318,Izzat al-Nuss
Syria,652,SYR,1961,Maaruf al-Dawalibi,1961,1962,Q970115,
Syria,652,SYR,1961,Maamun al-Kuzbari,1961,1961,Q888030,Maamun al-Kuzbari
Syria,652,SYR,1962,Maaruf al-Dawalibi,1961,1962,Q970115,
Syria,652,SYR,1962,Adnan Azhari,1962,1962,,
Syria,652,SYR,1962,Jamal al-Farra,1962,1962,,
Syria,652,SYR,1962,Assad Mahassen,1962,1963,,
Syria,652,SYR,1963,Salah al-Din Bitar,1963,1963,Q500447,
Syria,652,SYR,1963,Hassan Mraywed,1963,1965,,
Syria,652,SYR,1963,Assad Mahassen,1962,1963,,
Syria,652,SYR,1964,Hassan Mraywed,1963,1965,,
Syria,652,SYR,1965,Hassan Mraywed,1963,1965,,
Syria,652,SYR,1965,Ibrahim Makhous,1965,1966,Q1655999,Ibrahim Makhous
Syria,652,SYR,1966,Salah al-Din Bitar,1966,1966,Q500447,
Syria,652,SYR,1966,Ibrahim Makhous,1965,1966,Q1655999,Ibrahim Makhous
Syria,652,SYR,1966,Ibrahim Makhous,1966,1968,Q1655999,Ibrahim Makhous
Syria,652,SYR,1967,Ibrahim Makhous,1966,1968,Q1655999,Ibrahim Makhous
Syria,652,SYR,1968,Muhammad Eid Ashawi,1968,1969,,
Syria,652,SYR,1968,Ibrahim Makhous,1966,1968,Q1655999,Ibrahim Makhous
Syria,652,SYR,1969,Mustapha al-Said,1969,1970,,
Syria,652,SYR,1969,Muhammad Eid Ashawi,1968,1969,,
Syria,652,SYR,1970,Abdul-Halim Khaddam,1970,1984,Q307237,Abdul-Halim Khaddam
Syria,652,SYR,1970,Mustapha al-Said,1969,1970,,
Syria,652,SYR,1971,Abdul-Halim Khaddam,1970,1984,Q307237,Abdul-Halim Khaddam
Syria,652,SYR,1972,Abdul-Halim Khaddam,1970,1984,Q307237,Abdul-Halim Khaddam
Syria,652,SYR,1973,Abdul-Halim Khaddam,1970,1984,Q307237,Abdul-Halim Khaddam
Syria,652,SYR,1974,Abdul-Halim Khaddam,1970,1984,Q307237,Abdul-Halim Khaddam
Syria,652,SYR,1975,Abdul-Halim Khaddam,1970,1984,Q307237,Abdul-Halim Khaddam
Syria,652,SYR,1976,Abdul-Halim Khaddam,1970,1984,Q307237,Abdul-Halim Khaddam
Syria,652,SYR,1977,Abdul-Halim Khaddam,1970,1984,Q307237,Abdul-Halim Khaddam
Syria,652,SYR,1978,Abdul-Halim Khaddam,1970,1984,Q307237,Abdul-Halim Khaddam
Syria,652,SYR,1979,Abdul-Halim Khaddam,1970,1984,Q307237,Abdul-Halim Khaddam
Syria,652,SYR,1980,Abdul-Halim Khaddam,1970,1984,Q307237,Abdul-Halim Khaddam
Syria,652,SYR,1981,Abdul-Halim Khaddam,1970,1984,Q307237,Abdul-Halim Khaddam
Syria,652,SYR,1982,Abdul-Halim Khaddam,1970,1984,Q307237,Abdul-Halim Khaddam
Syria,652,SYR,1983,Abdul-Halim Khaddam,1970,1984,Q307237,Abdul-Halim Khaddam
Syria,652,SYR,1984,Abdul-Halim Khaddam,1970,1984,Q307237,Abdul-Halim Khaddam
Syria,652,SYR,1984,Farouk al-Sharaa,1984,2006,Q713715,Farouk al-Sharaa
Syria,652,SYR,1985,Farouk al-Sharaa,1984,2006,Q713715,Farouk al-Sharaa
Syria,652,SYR,1986,Farouk al-Sharaa,1984,2006,Q713715,Farouk al-Sharaa
Syria,652,SYR,1987,Farouk al-Sharaa,1984,2006,Q713715,Farouk al-Sharaa
Syria,652,SYR,1988,Farouk al-Sharaa,1984,2006,Q713715,Farouk al-Sharaa
Syria,652,SYR,1989,Farouk al-Sharaa,1984,2006,Q713715,Farouk al-Sharaa
Syria,652,SYR,1990,Farouk al-Sharaa,1984,2006,Q713715,Farouk al-Sharaa
Syria,652,SYR,1991,Farouk al-Sharaa,1984,2006,Q713715,Farouk al-Sharaa
Syria,652,SYR,1992,Farouk al-Sharaa,1984,2006,Q713715,Farouk al-Sharaa
Syria,652,SYR,1993,Farouk al-Sharaa,1984,2006,Q713715,Farouk al-Sharaa
Syria,652,SYR,1994,Farouk al-Sharaa,1984,2006,Q713715,Farouk al-Sharaa
Syria,652,SYR,1995,Farouk al-Sharaa,1984,2006,Q713715,Farouk al-Sharaa
Syria,652,SYR,1996,Farouk al-Sharaa,1984,2006,Q713715,Farouk al-Sharaa
Syria,652,SYR,1997,Farouk al-Sharaa,1984,2006,Q713715,Farouk al-Sharaa
Syria,652,SYR,1998,Farouk al-Sharaa,1984,2006,Q713715,Farouk al-Sharaa
Syria,652,SYR,1999,Farouk al-Sharaa,1984,2006,Q713715,Farouk al-Sharaa
Syria,652,SYR,2000,Farouk al-Sharaa,1984,2006,Q713715,Farouk al-Sharaa
Syria,652,SYR,2001,Farouk al-Sharaa,1984,2006,Q713715,Farouk al-Sharaa
Syria,652,SYR,2002,Farouk al-Sharaa,1984,2006,Q713715,Farouk al-Sharaa
Syria,652,SYR,2003,Farouk al-Sharaa,1984,2006,Q713715,Farouk al-Sharaa
Syria,652,SYR,2004,Farouk al-Sharaa,1984,2006,Q713715,Farouk al-Sharaa
Syria,652,SYR,2005,Farouk al-Sharaa,1984,2006,Q713715,Farouk al-Sharaa
Syria,652,SYR,2006,Farouk al-Sharaa,1984,2006,Q713715,Farouk al-Sharaa
Syria,652,SYR,2006,Walid Muallem,2006,2019,Q1334803,Walid Muallem
Syria,652,SYR,2007,Walid Muallem,2006,2019,Q1334803,Walid Muallem
Syria,652,SYR,2008,Walid Muallem,2006,2019,Q1334803,Walid Muallem
Syria,652,SYR,2009,Walid Muallem,2006,2019,Q1334803,Walid Muallem
Syria,652,SYR,2010,Walid Muallem,2006,2019,Q1334803,Walid Muallem
Syria,652,SYR,2011,Walid Muallem,2006,2019,Q1334803,Walid Muallem
Syria,652,SYR,2012,Walid Muallem,2006,2019,Q1334803,Walid Muallem
Syria,652,SYR,2013,Walid Muallem,2006,2019,Q1334803,Walid Muallem
Syria,652,SYR,2014,Walid Muallem,2006,2019,Q1334803,Walid Muallem
Syria,652,SYR,2015,Walid Muallem,2006,2019,Q1334803,Walid Muallem
Syria,652,SYR,2016,Walid Muallem,2006,2019,Q1334803,Walid Muallem
Syria,652,SYR,2017,Walid Muallem,2006,2019,Q1334803,Walid Muallem
Syria,652,SYR,2018,Walid Muallem,2006,2019,Q1334803,Walid Muallem
Syria,652,SYR,2019,Walid Muallem,2006,2019,Q1334803,Walid Muallem
Taiwan,713,TWN,1949,Yeh Kung-ch'ao,1949,1958,Q8278682,
Taiwan,713,TWN,1950,Yeh Kung-ch'ao,1949,1958,Q8278682,
Taiwan,713,TWN,1951,Yeh Kung-ch'ao,1949,1958,Q8278682,
Taiwan,713,TWN,1952,Yeh Kung-ch'ao,1949,1958,Q8278682,
Taiwan,713,TWN,1953,Yeh Kung-ch'ao,1949,1958,Q8278682,
Taiwan,713,TWN,1954,Yeh Kung-ch'ao,1949,1958,Q8278682,
Taiwan,713,TWN,1955,Yeh Kung-ch'ao,1949,1958,Q8278682,
Taiwan,713,TWN,1956,Yeh Kung-ch'ao,1949,1958,Q8278682,
Taiwan,713,TWN,1957,Yeh Kung-ch'ao,1949,1958,Q8278682,
Taiwan,713,TWN,1958,Huang Shao-ku,1958,1960,Q6652691,Huang Shao-ku
Taiwan,713,TWN,1958,Yeh Kung-ch'ao,1949,1958,Q8278682,
Taiwan,713,TWN,1959,Huang Shao-ku,1958,1960,Q6652691,Huang Shao-ku
Taiwan,713,TWN,1960,Huang Shao-ku,1958,1960,Q6652691,Huang Shao-ku
Taiwan,713,TWN,1960,Shen Chang-huan,1960,1966,Q8276206,Shen Chang-huan
Taiwan,713,TWN,1961,Shen Chang-huan,1960,1966,Q8276206,Shen Chang-huan
Taiwan,713,TWN,1962,Shen Chang-huan,1960,1966,Q8276206,Shen Chang-huan
Taiwan,713,TWN,1963,Shen Chang-huan,1960,1966,Q8276206,Shen Chang-huan
Taiwan,713,TWN,1964,Shen Chang-huan,1960,1966,Q8276206,Shen Chang-huan
Taiwan,713,TWN,1965,Shen Chang-huan,1960,1966,Q8276206,Shen Chang-huan
Taiwan,713,TWN,1966,Wei Tao-ming,1966,1971,Q701051,Wei Tao-ming
Taiwan,713,TWN,1966,Shen Chang-huan,1960,1966,Q8276206,Shen Chang-huan
Taiwan,713,TWN,1967,Wei Tao-ming,1966,1971,Q701051,Wei Tao-ming
Taiwan,713,TWN,1968,Wei Tao-ming,1966,1971,Q701051,Wei Tao-ming
Taiwan,713,TWN,1969,Wei Tao-ming,1966,1971,Q701051,Wei Tao-ming
Taiwan,713,TWN,1970,Wei Tao-ming,1966,1971,Q701051,Wei Tao-ming
Taiwan,713,TWN,1971,Wei Tao-ming,1966,1971,Q701051,Wei Tao-ming
Taiwan,713,TWN,1971,Chow Shu-kai,1971,1972,Q8279111,
Taiwan,713,TWN,1972,Chow Shu-kai,1971,1972,Q8279111,
Taiwan,713,TWN,1972,Shen Chang-huan,1972,1978,Q8276206,Shen Chang-huan
Taiwan,713,TWN,1973,Shen Chang-huan,1972,1978,Q8276206,Shen Chang-huan
Taiwan,713,TWN,1974,Shen Chang-huan,1972,1978,Q8276206,Shen Chang-huan
Taiwan,713,TWN,1975,Shen Chang-huan,1972,1978,Q8276206,Shen Chang-huan
Taiwan,713,TWN,1976,Shen Chang-huan,1972,1978,Q8276206,Shen Chang-huan
Taiwan,713,TWN,1977,Shen Chang-huan,1972,1978,Q8276206,Shen Chang-huan
Taiwan,713,TWN,1978,Chiang Yen-shih,1978,1979,Q8271208,Chiang Yen-shih
Taiwan,713,TWN,1978,Shen Chang-huan,1972,1978,Q8276206,Shen Chang-huan
Taiwan,713,TWN,1978,Sun Yun-suan,1978,1978,Q702680,Sun Yun-suan
Taiwan,713,TWN,1979,Chu Fu-sung,1979,1987,Q866975,
Taiwan,713,TWN,1979,Chiang Yen-shih,1978,1979,Q8271208,Chiang Yen-shih
Taiwan,713,TWN,1980,Chu Fu-sung,1979,1987,Q866975,
Taiwan,713,TWN,1981,Chu Fu-sung,1979,1987,Q866975,
Taiwan,713,TWN,1982,Chu Fu-sung,1979,1987,Q866975,
Taiwan,713,TWN,1983,Chu Fu-sung,1979,1987,Q866975,
Taiwan,713,TWN,1984,Chu Fu-sung,1979,1987,Q866975,
Taiwan,713,TWN,1985,Chu Fu-sung,1979,1987,Q866975,
Taiwan,713,TWN,1986,Chu Fu-sung,1979,1987,Q866975,
Taiwan,713,TWN,1987,Ding Mou-shih,1987,1988,Q8273275,
Taiwan,713,TWN,1987,Chu Fu-sung,1979,1987,Q866975,
Taiwan,713,TWN,1988,Ding Mou-shih,1987,1988,Q8273275,
Taiwan,713,TWN,1988,Lien Chan,1988,1990,Q558718,Lien Chan
Taiwan,713,TWN,1989,Lien Chan,1988,1990,Q558718,Lien Chan
Taiwan,713,TWN,1990,Frederick F. Chien,1990,1996,Q842303,
Taiwan,713,TWN,1990,Lien Chan,1988,1990,Q558718,Lien Chan
Taiwan,713,TWN,1991,Frederick F. Chien,1990,1996,Q842303,
Taiwan,713,TWN,1992,Frederick F. Chien,1990,1996,Q842303,
Taiwan,713,TWN,1993,Frederick F. Chien,1990,1996,Q842303,
Taiwan,713,TWN,1994,Frederick F. Chien,1990,1996,Q842303,
Taiwan,713,TWN,1995,Frederick F. Chien,1990,1996,Q842303,
Taiwan,713,TWN,1996,John H. Chang,1996,1997,Q5371883,
Taiwan,713,TWN,1996,Frederick F. Chien,1990,1996,Q842303,
Taiwan,713,TWN,1997,John H. Chang,1996,1997,Q5371883,
Taiwan,713,TWN,1997,Jason Hu,1997,1999,Q284597,Jason Hu
Taiwan,713,TWN,1998,Jason Hu,1997,1999,Q284597,Jason Hu
Taiwan,713,TWN,1999,Chen Chien-jen,1999,2000,Q8273004,Chen Chien-jen
Taiwan,713,TWN,1999,Jason Hu,1997,1999,Q284597,Jason Hu
Taiwan,713,TWN,2000,Tien Hung-mao,2000,2002,Q9317972,Tien Hung-mao
Taiwan,713,TWN,2000,Chen Chien-jen,1999,2000,Q8273004,Chen Chien-jen
Taiwan,713,TWN,2001,Tien Hung-mao,2000,2002,Q9317972,Tien Hung-mao
Taiwan,713,TWN,2002,Eugene Chien,2002,2004,Q866951,Eugene Chien
Taiwan,713,TWN,2002,Tien Hung-mao,2000,2002,Q9317972,Tien Hung-mao
Taiwan,713,TWN,2003,Eugene Chien,2002,2004,Q866951,Eugene Chien
Taiwan,713,TWN,2004,Eugene Chien,2002,2004,Q866951,Eugene Chien
Taiwan,713,TWN,2004,Chen Tang-shan,2004,2006,Q707648,Chen Tang-shan
Taiwan,713,TWN,2005,Chen Tang-shan,2004,2006,Q707648,Chen Tang-shan
Taiwan,713,TWN,2006,James Huang,2006,2008,Q715504,
Taiwan,713,TWN,2006,Chen Tang-shan,2004,2006,Q707648,Chen Tang-shan
Taiwan,713,TWN,2007,James Huang,2006,2008,Q715504,
Taiwan,713,TWN,2008,Francisco Ou,2008,2009,Q715476,Francisco Ou
Taiwan,713,TWN,2008,James Huang,2006,2008,Q715504,
Taiwan,713,TWN,2009,Francisco Ou,2008,2009,Q715476,Francisco Ou
Taiwan,713,TWN,2009,Timothy Yang,2009,2012,Q58182,Timothy Yang
Taiwan,713,TWN,2010,Timothy Yang,2009,2012,Q58182,Timothy Yang
Taiwan,713,TWN,2011,Timothy Yang,2009,2012,Q58182,Timothy Yang
Taiwan,713,TWN,2012,Timothy Yang,2009,2012,Q58182,Timothy Yang
Taiwan,713,TWN,2012,David Y.L. Lin,2012,2016,Q5236615,
Taiwan,713,TWN,2013,David Y.L. Lin,2012,2016,Q5236615,
Taiwan,713,TWN,2014,David Y.L. Lin,2012,2016,Q5236615,
Taiwan,713,TWN,2015,David Y.L. Lin,2012,2016,Q5236615,
Taiwan,713,TWN,2016,David Y.L. Lin,2012,2016,Q5236615,
Taiwan,713,TWN,2016,David Lee,2016,2018,Q5236438,David Lee
Taiwan,713,TWN,2017,David Lee,2016,2018,Q5236438,David Lee
Taiwan,713,TWN,2018,David Lee,2016,2018,Q5236438,David Lee
Taiwan,713,TWN,2018,Joseph Wu,2018,2019,Q6288088,Joseph Wu
Taiwan,713,TWN,2019,Joseph Wu,2018,2019,Q6288088,Joseph Wu
Tajikistan,702,TJK,1946,Dzhabar Rasulov,1946,1955,Q3811112,
Tajikistan,702,TJK,1947,Dzhabar Rasulov,1946,1955,Q3811112,
Tajikistan,702,TJK,1948,Dzhabar Rasulov,1946,1955,Q3811112,
Tajikistan,702,TJK,1949,Dzhabar Rasulov,1946,1955,Q3811112,
Tajikistan,702,TJK,1950,Dzhabar Rasulov,1946,1955,Q3811112,
Tajikistan,702,TJK,1951,Dzhabar Rasulov,1946,1955,Q3811112,
Tajikistan,702,TJK,1952,Dzhabar Rasulov,1946,1955,Q3811112,
Tajikistan,702,TJK,1953,Dzhabar Rasulov,1946,1955,Q3811112,
Tajikistan,702,TJK,1954,Dzhabar Rasulov,1946,1955,Q3811112,
Tajikistan,702,TJK,1955,Dzhabar Rasulov,1946,1955,Q3811112,
Tajikistan,702,TJK,1955,Tursun Uldzhabayev,1955,1956,Q4474921,
Tajikistan,702,TJK,1956,Nazarsho Dodkhudoyev,1956,1961,Q75863547,
Tajikistan,702,TJK,1956,Tursun Uldzhabayev,1955,1956,Q4474921,
Tajikistan,702,TJK,1957,Nazarsho Dodkhudoyev,1956,1961,Q75863547,
Tajikistan,702,TJK,1958,Nazarsho Dodkhudoyev,1956,1961,Q75863547,
Tajikistan,702,TJK,1959,Nazarsho Dodkhudoyev,1956,1961,Q75863547,
Tajikistan,702,TJK,1960,Nazarsho Dodkhudoyev,1956,1961,Q75863547,
Tajikistan,702,TJK,1961,Abdulakhad Kakharov,1961,1973,Q4217764,
Tajikistan,702,TJK,1961,Nazarsho Dodkhudoyev,1956,1961,Q75863547,
Tajikistan,702,TJK,1962,Abdulakhad Kakharov,1961,1973,Q4217764,
Tajikistan,702,TJK,1963,Abdulakhad Kakharov,1961,1973,Q4217764,
Tajikistan,702,TJK,1964,Abdulakhad Kakharov,1961,1973,Q4217764,
Tajikistan,702,TJK,1965,Abdulakhad Kakharov,1961,1973,Q4217764,
Tajikistan,702,TJK,1966,Abdulakhad Kakharov,1961,1973,Q4217764,
Tajikistan,702,TJK,1967,Abdulakhad Kakharov,1961,1973,Q4217764,
Tajikistan,702,TJK,1968,Abdulakhad Kakharov,1961,1973,Q4217764,
Tajikistan,702,TJK,1969,Abdulakhad Kakharov,1961,1973,Q4217764,
Tajikistan,702,TJK,1970,Abdulakhad Kakharov,1961,1973,Q4217764,
Tajikistan,702,TJK,1971,Abdulakhad Kakharov,1961,1973,Q4217764,
Tajikistan,702,TJK,1972,Abdulakhad Kakharov,1961,1973,Q4217764,
Tajikistan,702,TJK,1973,Abdulakhad Kakharov,1961,1973,Q4217764,
Tajikistan,702,TJK,1973,Rakhman Nabiyev,1973,1981,Q558515,
Tajikistan,702,TJK,1974,Rakhman Nabiyev,1973,1981,Q558515,
Tajikistan,702,TJK,1975,Rakhman Nabiyev,1973,1981,Q558515,
Tajikistan,702,TJK,1976,Rakhman Nabiyev,1973,1981,Q558515,
Tajikistan,702,TJK,1977,Rakhman Nabiyev,1973,1981,Q558515,
Tajikistan,702,TJK,1978,Rakhman Nabiyev,1973,1981,Q558515,
Tajikistan,702,TJK,1979,Rakhman Nabiyev,1973,1981,Q558515,
Tajikistan,702,TJK,1980,Rakhman Nabiyev,1973,1981,Q558515,
Tajikistan,702,TJK,1981,Rustambek Yusufbekov,1981,1984,Q20672075,
Tajikistan,702,TJK,1981,Rakhman Nabiyev,1973,1981,Q558515,
Tajikistan,702,TJK,1982,Rustambek Yusufbekov,1981,1984,Q20672075,
Tajikistan,702,TJK,1983,Rustambek Yusufbekov,1981,1984,Q20672075,
Tajikistan,702,TJK,1984,Rustambek Yusufbekov,1981,1984,Q20672075,
Tajikistan,702,TJK,1984,Usman Usmanov,1984,1989,Q60694923,
Tajikistan,702,TJK,1985,Usman Usmanov,1984,1989,Q60694923,
Tajikistan,702,TJK,1986,Usman Usmanov,1984,1989,Q60694923,
Tajikistan,702,TJK,1987,Usman Usmanov,1984,1989,Q60694923,
Tajikistan,702,TJK,1988,Usman Usmanov,1984,1989,Q60694923,
Tajikistan,702,TJK,1989,Lakim Kayumov,1989,1992,Q60828320,
Tajikistan,702,TJK,1989,Usman Usmanov,1984,1989,Q60694923,
Tajikistan,702,TJK,1990,Lakim Kayumov,1989,1992,Q60828320,
Tajikistan,702,TJK,1991,Lakim Kayumov,1989,1992,Q60828320,
Tajikistan,702,TJK,1992,Lakim Kayumov,1989,1992,Q60828320,
Tajikistan,702,TJK,1992,Khudoberdy Kholiknazarov,1992,1992,,
Tajikistan,702,TJK,1992,Rashid Alimov,1992,1994,Q60463275,Rashid Alimov
Tajikistan,702,TJK,1993,Rashid Alimov,1992,1994,Q60463275,Rashid Alimov
Tajikistan,702,TJK,1994,Rashid Alimov,1992,1994,Q60463275,Rashid Alimov
Tajikistan,702,TJK,1994,Talbak Nazarov,1994,2006,Q11316418,
Tajikistan,702,TJK,1995,Talbak Nazarov,1994,2006,Q11316418,
Tajikistan,702,TJK,1996,Talbak Nazarov,1994,2006,Q11316418,
Tajikistan,702,TJK,1997,Talbak Nazarov,1994,2006,Q11316418,
Tajikistan,702,TJK,1998,Talbak Nazarov,1994,2006,Q11316418,
Tajikistan,702,TJK,1999,Talbak Nazarov,1994,2006,Q11316418,
Tajikistan,702,TJK,2000,Talbak Nazarov,1994,2006,Q11316418,
Tajikistan,702,TJK,2001,Talbak Nazarov,1994,2006,Q11316418,
Tajikistan,702,TJK,2002,Talbak Nazarov,1994,2006,Q11316418,
Tajikistan,702,TJK,2003,Talbak Nazarov,1994,2006,Q11316418,
Tajikistan,702,TJK,2004,Talbak Nazarov,1994,2006,Q11316418,
Tajikistan,702,TJK,2005,Talbak Nazarov,1994,2006,Q11316418,
Tajikistan,702,TJK,2006,Talbak Nazarov,1994,2006,Q11316418,
Tajikistan,702,TJK,2006,Khamrokhon Zaripov,2006,2013,Q58322,
Tajikistan,702,TJK,2007,Khamrokhon Zaripov,2006,2013,Q58322,
Tajikistan,702,TJK,2008,Khamrokhon Zaripov,2006,2013,Q58322,
Tajikistan,702,TJK,2009,Khamrokhon Zaripov,2006,2013,Q58322,
Tajikistan,702,TJK,2010,Khamrokhon Zaripov,2006,2013,Q58322,
Tajikistan,702,TJK,2011,Khamrokhon Zaripov,2006,2013,Q58322,
Tajikistan,702,TJK,2012,Khamrokhon Zaripov,2006,2013,Q58322,
Tajikistan,702,TJK,2013,Khamrokhon Zaripov,2006,2013,Q58322,
Tajikistan,702,TJK,2013,Sirojiddin Aslov,2013,2019,Q18198123,
Tajikistan,702,TJK,2014,Sirojiddin Aslov,2013,2019,Q18198123,
Tajikistan,702,TJK,2015,Sirojiddin Aslov,2013,2019,Q18198123,
Tajikistan,702,TJK,2016,Sirojiddin Aslov,2013,2019,Q18198123,
Tajikistan,702,TJK,2017,Sirojiddin Aslov,2013,2019,Q18198123,
Tajikistan,702,TJK,2018,Sirojiddin Aslov,2013,2019,Q18198123,
Tajikistan,702,TJK,2019,Sirojiddin Aslov,2013,2019,Q18198123,
Tanzania,510,TZA,1961,Julius Nyerere,1961,1963,Q186525,Julius Nyerere
Tanzania,510,TZA,1962,Julius Nyerere,1961,1963,Q186525,Julius Nyerere
Tanzania,510,TZA,1963,Julius Nyerere,1961,1963,Q186525,Julius Nyerere
Tanzania,510,TZA,1963,Oscar Kambona,1963,1965,Q3357001,Oscar Kambona
Tanzania,510,TZA,1964,Oscar Kambona,1963,1965,Q3357001,Oscar Kambona
Tanzania,510,TZA,1965,Julius Nyerere,1965,1972,Q186525,Julius Nyerere
Tanzania,510,TZA,1965,Oscar Kambona,1963,1965,Q3357001,Oscar Kambona
Tanzania,510,TZA,1966,Julius Nyerere,1965,1972,Q186525,Julius Nyerere
Tanzania,510,TZA,1967,Julius Nyerere,1965,1972,Q186525,Julius Nyerere
Tanzania,510,TZA,1968,Julius Nyerere,1965,1972,Q186525,Julius Nyerere
Tanzania,510,TZA,1969,Julius Nyerere,1965,1972,Q186525,Julius Nyerere
Tanzania,510,TZA,1970,Julius Nyerere,1965,1972,Q186525,Julius Nyerere
Tanzania,510,TZA,1971,Julius Nyerere,1965,1972,Q186525,Julius Nyerere
Tanzania,510,TZA,1972,Julius Nyerere,1965,1972,Q186525,Julius Nyerere
Tanzania,510,TZA,1972,John Malecela,1972,1975,Q744271,John Malecela
Tanzania,510,TZA,1973,John Malecela,1972,1975,Q744271,John Malecela
Tanzania,510,TZA,1974,John Malecela,1972,1975,Q744271,John Malecela
Tanzania,510,TZA,1975,John Malecela,1972,1975,Q744271,John Malecela
Tanzania,510,TZA,1975,Ibrahim Muhammad Kaduma,1975,1977,Q105293875,
Tanzania,510,TZA,1976,Ibrahim Muhammad Kaduma,1975,1977,Q105293875,
Tanzania,510,TZA,1977,Benjamin Mkapa,1977,1980,Q320156,Benjamin Mkapa
Tanzania,510,TZA,1977,Ibrahim Muhammad Kaduma,1975,1977,Q105293875,
Tanzania,510,TZA,1978,Benjamin Mkapa,1977,1980,Q320156,Benjamin Mkapa
Tanzania,510,TZA,1979,Benjamin Mkapa,1977,1980,Q320156,Benjamin Mkapa
Tanzania,510,TZA,1980,Salim Ahmed Salim,1980,1984,Q1269997,Salim Ahmed Salim
Tanzania,510,TZA,1980,Benjamin Mkapa,1977,1980,Q320156,Benjamin Mkapa
Tanzania,510,TZA,1981,Salim Ahmed Salim,1980,1984,Q1269997,Salim Ahmed Salim
Tanzania,510,TZA,1982,Salim Ahmed Salim,1980,1984,Q1269997,Salim Ahmed Salim
Tanzania,510,TZA,1983,Salim Ahmed Salim,1980,1984,Q1269997,Salim Ahmed Salim
Tanzania,510,TZA,1984,Salim Ahmed Salim,1980,1984,Q1269997,Salim Ahmed Salim
Tanzania,510,TZA,1984,Benjamin Mkapa,1984,1990,Q320156,Benjamin Mkapa
Tanzania,510,TZA,1985,Benjamin Mkapa,1984,1990,Q320156,Benjamin Mkapa
Tanzania,510,TZA,1986,Benjamin Mkapa,1984,1990,Q320156,Benjamin Mkapa
Tanzania,510,TZA,1987,Benjamin Mkapa,1984,1990,Q320156,Benjamin Mkapa
Tanzania,510,TZA,1988,Benjamin Mkapa,1984,1990,Q320156,Benjamin Mkapa
Tanzania,510,TZA,1989,Benjamin Mkapa,1984,1990,Q320156,Benjamin Mkapa
Tanzania,510,TZA,1990,Benjamin Mkapa,1984,1990,Q320156,Benjamin Mkapa
Tanzania,510,TZA,1990,Ahmed Hassan Diria,1990,1993,Q4695845,Ahmed Hassan Diria
Tanzania,510,TZA,1991,Ahmed Hassan Diria,1990,1993,Q4695845,Ahmed Hassan Diria
Tanzania,510,TZA,1992,Ahmed Hassan Diria,1990,1993,Q4695845,Ahmed Hassan Diria
Tanzania,510,TZA,1993,Ahmed Hassan Diria,1990,1993,Q4695845,Ahmed Hassan Diria
Tanzania,510,TZA,1993,Joseph Rwegasira,1993,1995,Q23309832,Joseph Rwegasira
Tanzania,510,TZA,1994,Joseph Rwegasira,1993,1995,Q23309832,Joseph Rwegasira
Tanzania,510,TZA,1995,Joseph Rwegasira,1993,1995,Q23309832,Joseph Rwegasira
Tanzania,510,TZA,1995,Jakaya Kikwete,1995,2006,Q57488,
Tanzania,510,TZA,1996,Jakaya Kikwete,1995,2006,Q57488,
Tanzania,510,TZA,1997,Jakaya Kikwete,1995,2006,Q57488,
Tanzania,510,TZA,1998,Jakaya Kikwete,1995,2006,Q57488,
Tanzania,510,TZA,1999,Jakaya Kikwete,1995,2006,Q57488,
Tanzania,510,TZA,2000,Jakaya Kikwete,1995,2006,Q57488,
Tanzania,510,TZA,2001,Jakaya Kikwete,1995,2006,Q57488,
Tanzania,510,TZA,2002,Jakaya Kikwete,1995,2006,Q57488,
Tanzania,510,TZA,2003,Jakaya Kikwete,1995,2006,Q57488,
Tanzania,510,TZA,2004,Jakaya Kikwete,1995,2006,Q57488,
Tanzania,510,TZA,2005,Jakaya Kikwete,1995,2006,Q57488,
Tanzania,510,TZA,2006,Asha-Rose Migiro,2006,2007,Q461710,Asha-Rose Migiro
Tanzania,510,TZA,2006,Jakaya Kikwete,1995,2006,Q57488,
Tanzania,510,TZA,2007,Asha-Rose Migiro,2006,2007,Q461710,Asha-Rose Migiro
Tanzania,510,TZA,2007,Bernard Membe,2007,2015,Q58152,Bernard Membe
Tanzania,510,TZA,2008,Bernard Membe,2007,2015,Q58152,Bernard Membe
Tanzania,510,TZA,2009,Bernard Membe,2007,2015,Q58152,Bernard Membe
Tanzania,510,TZA,2010,Bernard Membe,2007,2015,Q58152,Bernard Membe
Tanzania,510,TZA,2011,Bernard Membe,2007,2015,Q58152,Bernard Membe
Tanzania,510,TZA,2012,Bernard Membe,2007,2015,Q58152,Bernard Membe
Tanzania,510,TZA,2013,Bernard Membe,2007,2015,Q58152,Bernard Membe
Tanzania,510,TZA,2014,Bernard Membe,2007,2015,Q58152,Bernard Membe
Tanzania,510,TZA,2015,Augustine Mahiga,2015,2019,Q14949590,Augustine Mahiga
Tanzania,510,TZA,2015,Bernard Membe,2007,2015,Q58152,Bernard Membe
Tanzania,510,TZA,2016,Augustine Mahiga,2015,2019,Q14949590,Augustine Mahiga
Tanzania,510,TZA,2017,Augustine Mahiga,2015,2019,Q14949590,Augustine Mahiga
Tanzania,510,TZA,2018,Augustine Mahiga,2015,2019,Q14949590,Augustine Mahiga
Tanzania,510,TZA,2019,Augustine Mahiga,2015,2019,Q14949590,Augustine Mahiga
Thailand,800,THA,1949,Pote Sarasin,1949,1950,Q982335,
Thailand,800,THA,1950,Warakan Bancha,1950,1952,Q13016019,
Thailand,800,THA,1950,Pote Sarasin,1949,1950,Q982335,
Thailand,800,THA,1951,Warakan Bancha,1950,1952,Q13016019,
Thailand,800,THA,1952,Prince Wan Waithayakon,1952,1959,Q2143337,
Thailand,800,THA,1952,Warakan Bancha,1950,1952,Q13016019,
Thailand,800,THA,1953,Prince Wan Waithayakon,1952,1959,Q2143337,
Thailand,800,THA,1954,Prince Wan Waithayakon,1952,1959,Q2143337,
Thailand,800,THA,1955,Prince Wan Waithayakon,1952,1959,Q2143337,
Thailand,800,THA,1956,Prince Wan Waithayakon,1952,1959,Q2143337,
Thailand,800,THA,1957,Prince Wan Waithayakon,1952,1959,Q2143337,
Thailand,800,THA,1958,Prince Wan Waithayakon,1952,1959,Q2143337,
Thailand,800,THA,1959,Thanat Khoman,1959,1971,Q2408989,Thanat Khoman
Thailand,800,THA,1959,Prince Wan Waithayakon,1952,1959,Q2143337,
Thailand,800,THA,1960,Thanat Khoman,1959,1971,Q2408989,Thanat Khoman
Thailand,800,THA,1961,Thanat Khoman,1959,1971,Q2408989,Thanat Khoman
Thailand,800,THA,1962,Thanat Khoman,1959,1971,Q2408989,Thanat Khoman
Thailand,800,THA,1963,Thanat Khoman,1959,1971,Q2408989,Thanat Khoman
Thailand,800,THA,1964,Thanat Khoman,1959,1971,Q2408989,Thanat Khoman
Thailand,800,THA,1965,Thanat Khoman,1959,1971,Q2408989,Thanat Khoman
Thailand,800,THA,1966,Thanat Khoman,1959,1971,Q2408989,Thanat Khoman
Thailand,800,THA,1967,Thanat Khoman,1959,1971,Q2408989,Thanat Khoman
Thailand,800,THA,1968,Thanat Khoman,1959,1971,Q2408989,Thanat Khoman
Thailand,800,THA,1969,Thanat Khoman,1959,1971,Q2408989,Thanat Khoman
Thailand,800,THA,1970,Thanat Khoman,1959,1971,Q2408989,Thanat Khoman
Thailand,800,THA,1971,Thanom Kittikachorn,1971,1973,Q439990,Thanom Kittikachorn
Thailand,800,THA,1971,Thanat Khoman,1959,1971,Q2408989,Thanat Khoman
Thailand,800,THA,1972,Thanom Kittikachorn,1971,1973,Q439990,Thanom Kittikachorn
Thailand,800,THA,1973,Thanom Kittikachorn,1971,1973,Q439990,Thanom Kittikachorn
Thailand,800,THA,1973,Charunphan Isarangkun Na Ayuthaya,1973,1975,Q16138529,
Thailand,800,THA,1974,Charunphan Isarangkun Na Ayuthaya,1973,1975,Q16138529,
Thailand,800,THA,1975,Bhichai Rattakul,1975,1975,Q854936,Bhichai Rattakul
Thailand,800,THA,1975,Charunphan Isarangkun Na Ayuthaya,1973,1975,Q16138529,
Thailand,800,THA,1975,Chatichai Choonhavan,1975,1976,Q701841,Chatichai Choonhavan
Thailand,800,THA,1976,Upadit Pachariyangkun,1976,1980,Q1727678,Upadit Pachariyangkun
Thailand,800,THA,1976,Bhichai Rattakul,1976,1976,Q854936,Bhichai Rattakul
Thailand,800,THA,1976,Chatichai Choonhavan,1975,1976,Q701841,Chatichai Choonhavan
Thailand,800,THA,1977,Upadit Pachariyangkun,1976,1980,Q1727678,Upadit Pachariyangkun
Thailand,800,THA,1978,Upadit Pachariyangkun,1976,1980,Q1727678,Upadit Pachariyangkun
Thailand,800,THA,1979,Upadit Pachariyangkun,1976,1980,Q1727678,Upadit Pachariyangkun
Thailand,800,THA,1980,Siddhi Savetsila,1980,1990,Q590345,Siddhi Savetsila
Thailand,800,THA,1980,Upadit Pachariyangkun,1976,1980,Q1727678,Upadit Pachariyangkun
Thailand,800,THA,1981,Siddhi Savetsila,1980,1990,Q590345,Siddhi Savetsila
Thailand,800,THA,1982,Siddhi Savetsila,1980,1990,Q590345,Siddhi Savetsila
Thailand,800,THA,1983,Siddhi Savetsila,1980,1990,Q590345,Siddhi Savetsila
Thailand,800,THA,1984,Siddhi Savetsila,1980,1990,Q590345,Siddhi Savetsila
Thailand,800,THA,1985,Siddhi Savetsila,1980,1990,Q590345,Siddhi Savetsila
Thailand,800,THA,1986,Siddhi Savetsila,1980,1990,Q590345,Siddhi Savetsila
Thailand,800,THA,1987,Siddhi Savetsila,1980,1990,Q590345,Siddhi Savetsila
Thailand,800,THA,1988,Siddhi Savetsila,1980,1990,Q590345,Siddhi Savetsila
Thailand,800,THA,1989,Siddhi Savetsila,1980,1990,Q590345,Siddhi Savetsila
Thailand,800,THA,1990,Arthit Ourairat,1990,1991,Q13023964,
Thailand,800,THA,1990,Siddhi Savetsila,1980,1990,Q590345,Siddhi Savetsila
Thailand,800,THA,1990,Subin Pinkayan,1990,1990,Q13022865,Subin Pinkayan
Thailand,800,THA,1991,Arthit Ourairat,1990,1991,Q13023964,
Thailand,800,THA,1991,Arsa Sarasin,1991,1992,Q13024023,Arsa Sarasin
Thailand,800,THA,1992,Arsa Sarasin,1992,1992,Q13024023,Arsa Sarasin
Thailand,800,THA,1992,Pongpol Adireksarn,1992,1992,Q6580581,Pongpol Adireksarn
Thailand,800,THA,1992,Prasong Soonsiri,1992,1994,Q452603,Prasong Soonsiri
Thailand,800,THA,1992,Arsa Sarasin,1991,1992,Q13024023,Arsa Sarasin
Thailand,800,THA,1993,Prasong Soonsiri,1992,1994,Q452603,Prasong Soonsiri
Thailand,800,THA,1994,Prasong Soonsiri,1992,1994,Q452603,Prasong Soonsiri
Thailand,800,THA,1994,Thaksin Shinawatra,1994,1995,Q164373,Thaksin Shinawatra
Thailand,800,THA,1995,Thaksin Shinawatra,1994,1995,Q164373,Thaksin Shinawatra
Thailand,800,THA,1995,Krasae Chanawongse,1995,1995,Q6436152,Krasae Chanawongse
Thailand,800,THA,1995,Kasem S. Kasemsri,1995,1996,Q1734893,Kasem S. Kasemsri
Thailand,800,THA,1996,Amnuay Viravan,1996,1996,Q16307002,
Thailand,800,THA,1996,Prachuab Chaiyasan,1996,1997,Q16138414,Prachuab Chaiyasan
Thailand,800,THA,1996,Kasem S. Kasemsri,1995,1996,Q1734893,Kasem S. Kasemsri
Thailand,800,THA,1997,Surin Pitsuwan,1997,2001,Q1301964,Surin Pitsuwan
Thailand,800,THA,1997,Prachuab Chaiyasan,1996,1997,Q16138414,Prachuab Chaiyasan
Thailand,800,THA,1998,Surin Pitsuwan,1997,2001,Q1301964,Surin Pitsuwan
Thailand,800,THA,1999,Surin Pitsuwan,1997,2001,Q1301964,Surin Pitsuwan
Thailand,800,THA,2000,Surin Pitsuwan,1997,2001,Q1301964,Surin Pitsuwan
Thailand,800,THA,2001,Surakiart Sathirathai,2001,2005,Q3273322,Surakiart Sathirathai
Thailand,800,THA,2001,Surin Pitsuwan,1997,2001,Q1301964,Surin Pitsuwan
Thailand,800,THA,2002,Surakiart Sathirathai,2001,2005,Q3273322,Surakiart Sathirathai
Thailand,800,THA,2003,Surakiart Sathirathai,2001,2005,Q3273322,Surakiart Sathirathai
Thailand,800,THA,2004,Surakiart Sathirathai,2001,2005,Q3273322,Surakiart Sathirathai
Thailand,800,THA,2005,Kantathi Suphamongkhon,2005,2006,Q714212,Kantathi Suphamongkhon
Thailand,800,THA,2005,Surakiart Sathirathai,2001,2005,Q3273322,Surakiart Sathirathai
Thailand,800,THA,2006,Nitya Pibulsongkram,2006,2008,Q3342244,
Thailand,800,THA,2006,Kantathi Suphamongkhon,2005,2006,Q714212,Kantathi Suphamongkhon
Thailand,800,THA,2007,Nitya Pibulsongkram,2006,2008,Q3342244,
Thailand,800,THA,2008,Saroj Chavanaviraj,2008,2008,Q6640025,
Thailand,800,THA,2008,Noppadon Pattama,2008,2008,Q1526785,Noppadon Pattama
Thailand,800,THA,2008,Tej Bunnag,2008,2008,Q1562843,Tej Bunnag
Thailand,800,THA,2008,Nitya Pibulsongkram,2006,2008,Q3342244,
Thailand,800,THA,2008,Sompong Amornwiwat,2008,2008,Q6634483,Sompong Amornwiwat
Thailand,800,THA,2008,Kasit Piromya,2008,2011,Q58288,Kasit Piromya
Thailand,800,THA,2009,Kasit Piromya,2008,2011,Q58288,Kasit Piromya
Thailand,800,THA,2010,Kasit Piromya,2008,2011,Q58288,Kasit Piromya
Thailand,800,THA,2011,Surapong Tovichakchaikul,2011,2014,Q117648,Surapong Tovichakchaikul
Thailand,800,THA,2011,Kasit Piromya,2008,2011,Q58288,Kasit Piromya
Thailand,800,THA,2012,Surapong Tovichakchaikul,2011,2014,Q117648,Surapong Tovichakchaikul
Thailand,800,THA,2013,Surapong Tovichakchaikul,2011,2014,Q117648,Surapong Tovichakchaikul
Thailand,800,THA,2014,Phongthep Thepkanjana,2014,2014,Q16140152,
Thailand,800,THA,2014,Surapong Tovichakchaikul,2011,2014,Q117648,Surapong Tovichakchaikul
Thailand,800,THA,2014,Thanasak Patimaprakorn,2014,2015,Q13015772,Thanasak Patimaprakorn
Thailand,800,THA,2015,Don Pramudwinai,2015,2019,Q20558348,Don Pramudwinai
Thailand,800,THA,2015,Thanasak Patimaprakorn,2014,2015,Q13015772,Thanasak Patimaprakorn
Thailand,800,THA,2016,Don Pramudwinai,2015,2019,Q20558348,Don Pramudwinai
Thailand,800,THA,2017,Don Pramudwinai,2015,2019,Q20558348,Don Pramudwinai
Thailand,800,THA,2018,Don Pramudwinai,2015,2019,Q20558348,Don Pramudwinai
Thailand,800,THA,2019,Don Pramudwinai,2015,2019,Q20558348,Don Pramudwinai
Timor-Leste,860,TMP,1975,José Ramos-Horta,1975,1975,Q11665,José Ramos-Horta
Timor-Leste,860,TMP,2000,José Ramos-Horta,2000,2006,Q11665,José Ramos-Horta
Timor-Leste,860,TMP,2001,José Ramos-Horta,2000,2006,Q11665,José Ramos-Horta
Timor-Leste,860,TMP,2002,José Ramos-Horta,2000,2006,Q11665,José Ramos-Horta
Timor-Leste,860,TMP,2003,José Ramos-Horta,2000,2006,Q11665,José Ramos-Horta
Timor-Leste,860,TMP,2004,José Ramos-Horta,2000,2006,Q11665,José Ramos-Horta
Timor-Leste,860,TMP,2005,José Ramos-Horta,2000,2006,Q11665,José Ramos-Horta
Timor-Leste,860,TMP,2006,José Luís Guterres,2006,2007,Q1270451,José Luís Guterres
Timor-Leste,860,TMP,2006,José Ramos-Horta,2000,2006,Q11665,José Ramos-Horta
Timor-Leste,860,TMP,2007,José Luís Guterres,2006,2007,Q1270451,José Luís Guterres
Timor-Leste,860,TMP,2007,Zacarias da Costa,2007,2012,Q58185,Zacarias da Costa
Timor-Leste,860,TMP,2007,Adaljiza Magno,2007,2007,Q348268,
Timor-Leste,860,TMP,2008,Zacarias da Costa,2007,2012,Q58185,Zacarias da Costa
Timor-Leste,860,TMP,2009,Zacarias da Costa,2007,2012,Q58185,Zacarias da Costa
Timor-Leste,860,TMP,2010,Zacarias da Costa,2007,2012,Q58185,Zacarias da Costa
Timor-Leste,860,TMP,2011,Zacarias da Costa,2007,2012,Q58185,Zacarias da Costa
Timor-Leste,860,TMP,2012,José Luís Guterres,2012,2015,Q1270451,José Luís Guterres
Timor-Leste,860,TMP,2012,Zacarias da Costa,2007,2012,Q58185,Zacarias da Costa
Timor-Leste,860,TMP,2013,José Luís Guterres,2012,2015,Q1270451,José Luís Guterres
Timor-Leste,860,TMP,2014,José Luís Guterres,2012,2015,Q1270451,José Luís Guterres
Timor-Leste,860,TMP,2015,José Luís Guterres,2012,2015,Q1270451,José Luís Guterres
Timor-Leste,860,TMP,2015,Hernâni Coelho,2015,2017,Q19502619,
Timor-Leste,860,TMP,2016,Hernâni Coelho,2015,2017,Q19502619,
Timor-Leste,860,TMP,2017,Hernâni Coelho,2015,2017,Q19502619,
Timor-Leste,860,TMP,2017,Aurélio Guterres,2017,2018,Q40013553,
Timor-Leste,860,TMP,2018,Aurélio Guterres,2017,2018,Q40013553,
Timor-Leste,860,TMP,2018,Dionísio Babo,2018,2019,Q1227031,
Timor-Leste,860,TMP,2019,Dionísio Babo,2018,2019,Q1227031,
Togo,461,TGO,1960,Paulin Freitas,1960,1963,Q1799873,Paulin Freitas
Togo,461,TGO,1961,Paulin Freitas,1960,1963,Q1799873,Paulin Freitas
Togo,461,TGO,1962,Paulin Freitas,1960,1963,Q1799873,Paulin Freitas
Togo,461,TGO,1963,Georges Apedo-Amah,1963,1967,Q21663220,
Togo,461,TGO,1963,Paulin Freitas,1960,1963,Q1799873,Paulin Freitas
Togo,461,TGO,1964,Georges Apedo-Amah,1963,1967,Q21663220,
Togo,461,TGO,1965,Georges Apedo-Amah,1963,1967,Q21663220,
Togo,461,TGO,1966,Georges Apedo-Amah,1963,1967,Q21663220,
Togo,461,TGO,1967,Joachim Hunlede,1967,1976,,
Togo,461,TGO,1967,Georges Apedo-Amah,1963,1967,Q21663220,
Togo,461,TGO,1968,Joachim Hunlede,1967,1976,,
Togo,461,TGO,1969,Joachim Hunlede,1967,1976,,
Togo,461,TGO,1970,Joachim Hunlede,1967,1976,,
Togo,461,TGO,1971,Joachim Hunlede,1967,1976,,
Togo,461,TGO,1972,Joachim Hunlede,1967,1976,,
Togo,461,TGO,1973,Joachim Hunlede,1967,1976,,
Togo,461,TGO,1974,Joachim Hunlede,1967,1976,,
Togo,461,TGO,1975,Joachim Hunlede,1967,1976,,
Togo,461,TGO,1976,Joachim Hunlede,1967,1976,,
Togo,461,TGO,1976,Edem Kodjo,1976,1978,Q961159,Edem Kodjo
Togo,461,TGO,1977,Edem Kodjo,1976,1978,Q961159,Edem Kodjo
Togo,461,TGO,1978,Anani Akakpo Ahianyo,1978,1984,,
Togo,461,TGO,1978,Edem Kodjo,1976,1978,Q961159,Edem Kodjo
Togo,461,TGO,1979,Anani Akakpo Ahianyo,1978,1984,,
Togo,461,TGO,1980,Anani Akakpo Ahianyo,1978,1984,,
Togo,461,TGO,1981,Anani Akakpo Ahianyo,1978,1984,,
Togo,461,TGO,1982,Anani Akakpo Ahianyo,1978,1984,,
Togo,461,TGO,1983,Anani Akakpo Ahianyo,1978,1984,,
Togo,461,TGO,1984,Atsu Koffi Amega,1984,1987,,
Togo,461,TGO,1984,Anani Akakpo Ahianyo,1978,1984,,
Togo,461,TGO,1985,Atsu Koffi Amega,1984,1987,,
Togo,461,TGO,1986,Atsu Koffi Amega,1984,1987,,
Togo,461,TGO,1987,Atsu Koffi Amega,1984,1987,,
Togo,461,TGO,1987,Yaovi Adodo,1987,1991,Q8049082,Yaovi Adodo
Togo,461,TGO,1988,Yaovi Adodo,1987,1991,Q8049082,Yaovi Adodo
Togo,461,TGO,1989,Yaovi Adodo,1987,1991,Q8049082,Yaovi Adodo
Togo,461,TGO,1990,Yaovi Adodo,1987,1991,Q8049082,Yaovi Adodo
Togo,461,TGO,1991,Abdou Touré Tchiaka,1991,1992,Q99293446,Abdou Touré Tchiaka
Togo,461,TGO,1991,Yaovi Adodo,1987,1991,Q8049082,Yaovi Adodo
Togo,461,TGO,1992,Abdou Touré Tchiaka,1991,1992,Q99293446,Abdou Touré Tchiaka
Togo,461,TGO,1992,Fambaré Ouattara Natchaba,1992,1994,Q2522820,Fambaré Ouattara Natchaba
Togo,461,TGO,1993,Fambaré Ouattara Natchaba,1992,1994,Q2522820,Fambaré Ouattara Natchaba
Togo,461,TGO,1994,Fambaré Ouattara Natchaba,1992,1994,Q2522820,Fambaré Ouattara Natchaba
Togo,461,TGO,1994,Boumbéra Alassounouma,1994,1995,Q99293394,Boumbéra Alassounouma
Togo,461,TGO,1995,Barry Moussa Barqué,1995,1996,Q16197971,Barry Moussa Barqué
Togo,461,TGO,1995,Boumbéra Alassounouma,1994,1995,Q99293394,Boumbéra Alassounouma
Togo,461,TGO,1995,Yandja Yentchabre,1995,1995,Q99293371,Yandja Yentchabre
Togo,461,TGO,1996,Barry Moussa Barqué,1995,1996,Q16197971,Barry Moussa Barqué
Togo,461,TGO,1996,Koffi Panou,1996,1998,Q6425687,Koffi Panou
Togo,461,TGO,1997,Koffi Panou,1996,1998,Q6425687,Koffi Panou
Togo,461,TGO,1998,Joseph Kokou Koffigoh,1998,2000,Q1707420,Joseph Kokou Koffigoh
Togo,461,TGO,1998,Koffi Panou,1996,1998,Q6425687,Koffi Panou
Togo,461,TGO,1999,Joseph Kokou Koffigoh,1998,2000,Q1707420,Joseph Kokou Koffigoh
Togo,461,TGO,2000,Joseph Kokou Koffigoh,1998,2000,Q1707420,Joseph Kokou Koffigoh
Togo,461,TGO,2000,Koffi Panou,2000,2002,Q6425687,Koffi Panou
Togo,461,TGO,2001,Koffi Panou,2000,2002,Q6425687,Koffi Panou
Togo,461,TGO,2002,Koffi Panou,2000,2002,Q6425687,Koffi Panou
Togo,461,TGO,2002,Roland Kpotsra,2002,2003,Q2162878,Roland Kpotsra
Togo,461,TGO,2003,Kokou Tozoun,2003,2005,Q6426847,Kokou Tozoun
Togo,461,TGO,2003,Roland Kpotsra,2002,2003,Q2162878,Roland Kpotsra
Togo,461,TGO,2004,Kokou Tozoun,2003,2005,Q6426847,Kokou Tozoun
Togo,461,TGO,2005,Kokou Tozoun,2003,2005,Q6426847,Kokou Tozoun
Togo,461,TGO,2005,Zarifou Ayéva,2005,2007,Q3574865,Zarifou Ayéva
Togo,461,TGO,2006,Zarifou Ayéva,2005,2007,Q3574865,Zarifou Ayéva
Togo,461,TGO,2007,Zarifou Ayéva,2005,2007,Q3574865,Zarifou Ayéva
Togo,461,TGO,2007,Léopold Gnininvi,2007,2008,Q1667617,Léopold Gnininvi
Togo,461,TGO,2008,Koffi Esaw,2008,2010,Q1778364,
Togo,461,TGO,2008,Léopold Gnininvi,2007,2008,Q1667617,Léopold Gnininvi
Togo,461,TGO,2009,Koffi Esaw,2008,2010,Q1778364,
Togo,461,TGO,2010,Elliott Ohin,2010,2013,Q99293088,Elliott Ohin
Togo,461,TGO,2010,Koffi Esaw,2008,2010,Q1778364,
Togo,461,TGO,2011,Elliott Ohin,2010,2013,Q99293088,Elliott Ohin
Togo,461,TGO,2012,Elliott Ohin,2010,2013,Q99293088,Elliott Ohin
Togo,461,TGO,2013,Robert Dussey,2013,2019,Q27756289,Robert Dussey
Togo,461,TGO,2013,Elliott Ohin,2010,2013,Q99293088,Elliott Ohin
Togo,461,TGO,2014,Robert Dussey,2013,2019,Q27756289,Robert Dussey
Togo,461,TGO,2015,Robert Dussey,2013,2019,Q27756289,Robert Dussey
Togo,461,TGO,2016,Robert Dussey,2013,2019,Q27756289,Robert Dussey
Togo,461,TGO,2017,Robert Dussey,2013,2019,Q27756289,Robert Dussey
Togo,461,TGO,2018,Robert Dussey,2013,2019,Q27756289,Robert Dussey
Togo,461,TGO,2019,Robert Dussey,2013,2019,Q27756289,Robert Dussey
Tonga,955,TON,1970,Prince Fatafehi Tu'ipelehake,1970,1979,Q984131,
Tonga,955,TON,1971,Prince Fatafehi Tu'ipelehake,1970,1979,Q984131,
Tonga,955,TON,1972,Prince Fatafehi Tu'ipelehake,1970,1979,Q984131,
Tonga,955,TON,1973,Prince Fatafehi Tu'ipelehake,1970,1979,Q984131,
Tonga,955,TON,1974,Prince Fatafehi Tu'ipelehake,1970,1979,Q984131,
Tonga,955,TON,1975,Prince Fatafehi Tu'ipelehake,1970,1979,Q984131,
Tonga,955,TON,1976,Prince Fatafehi Tu'ipelehake,1970,1979,Q984131,
Tonga,955,TON,1977,Prince Fatafehi Tu'ipelehake,1970,1979,Q984131,
Tonga,955,TON,1978,Prince Fatafehi Tu'ipelehake,1970,1979,Q984131,
Tonga,955,TON,1979,Prince Fatafehi Tu'ipelehake,1970,1979,Q984131,
Tonga,955,TON,1979,Crown Prince Tupouto'a,1979,1998,Q227716,
Tonga,955,TON,1980,Crown Prince Tupouto'a,1979,1998,Q227716,
Tonga,955,TON,1981,Crown Prince Tupouto'a,1979,1998,Q227716,
Tonga,955,TON,1982,Crown Prince Tupouto'a,1979,1998,Q227716,
Tonga,955,TON,1983,Crown Prince Tupouto'a,1979,1998,Q227716,
Tonga,955,TON,1984,Crown Prince Tupouto'a,1979,1998,Q227716,
Tonga,955,TON,1985,Crown Prince Tupouto'a,1979,1998,Q227716,
Tonga,955,TON,1986,Crown Prince Tupouto'a,1979,1998,Q227716,
Tonga,955,TON,1987,Crown Prince Tupouto'a,1979,1998,Q227716,
Tonga,955,TON,1988,Crown Prince Tupouto'a,1979,1998,Q227716,
Tonga,955,TON,1989,Crown Prince Tupouto'a,1979,1998,Q227716,
Tonga,955,TON,1990,Crown Prince Tupouto'a,1979,1998,Q227716,
Tonga,955,TON,1991,Crown Prince Tupouto'a,1979,1998,Q227716,
Tonga,955,TON,1992,Crown Prince Tupouto'a,1979,1998,Q227716,
Tonga,955,TON,1993,Crown Prince Tupouto'a,1979,1998,Q227716,
Tonga,955,TON,1994,Crown Prince Tupouto'a,1979,1998,Q227716,
Tonga,955,TON,1995,Crown Prince Tupouto'a,1979,1998,Q227716,
Tonga,955,TON,1996,Crown Prince Tupouto'a,1979,1998,Q227716,
Tonga,955,TON,1997,Crown Prince Tupouto'a,1979,1998,Q227716,
Tonga,955,TON,1998,Crown Prince Tupouto'a,1979,1998,Q227716,
Tonga,955,TON,1998,Prince 'Ulukalala Lavaka Ata,1998,2004,Q208497,
Tonga,955,TON,1998,Baron Vaea,1998,1998,Q808685,Baron Vaea
Tonga,955,TON,1999,Prince 'Ulukalala Lavaka Ata,1998,2004,Q208497,
Tonga,955,TON,2000,Prince 'Ulukalala Lavaka Ata,1998,2004,Q208497,
Tonga,955,TON,2001,Prince 'Ulukalala Lavaka Ata,1998,2004,Q208497,
Tonga,955,TON,2002,Prince 'Ulukalala Lavaka Ata,1998,2004,Q208497,
Tonga,955,TON,2003,Prince 'Ulukalala Lavaka Ata,1998,2004,Q208497,
Tonga,955,TON,2004,Sonatane Tu'a Taumoepeau Tupou,2004,2009,Q3490066,
Tonga,955,TON,2004,Prince 'Ulukalala Lavaka Ata,1998,2004,Q208497,
Tonga,955,TON,2005,Sonatane Tu'a Taumoepeau Tupou,2004,2009,Q3490066,
Tonga,955,TON,2006,Sonatane Tu'a Taumoepeau Tupou,2004,2009,Q3490066,
Tonga,955,TON,2007,Sonatane Tu'a Taumoepeau Tupou,2004,2009,Q3490066,
Tonga,955,TON,2008,Sonatane Tu'a Taumoepeau Tupou,2004,2009,Q3490066,
Tonga,955,TON,2009,Feleti Sevele,2009,2010,Q319953,Feleti Sevele
Tonga,955,TON,2009,Sonatane Tu'a Taumoepeau Tupou,2004,2009,Q3490066,
Tonga,955,TON,2010,Feleti Sevele,2009,2010,Q319953,Feleti Sevele
Tonga,955,TON,2011,Tu'ivakano,2011,2014,Q57880,
Tonga,955,TON,2012,Tu'ivakano,2011,2014,Q57880,
Tonga,955,TON,2013,Tu'ivakano,2011,2014,Q57880,
Tonga,955,TON,2014,Tu'ivakano,2011,2014,Q57880,
Tonga,955,TON,2014,'Akilisi Pohiva,2014,2017,Q3594634,
Tonga,955,TON,2015,'Akilisi Pohiva,2014,2017,Q3594634,
Tonga,955,TON,2016,'Akilisi Pohiva,2014,2017,Q3594634,
Tonga,955,TON,2017,'Akilisi Pohiva,2014,2017,Q3594634,
Tonga,955,TON,2017,Siaosi Sovaleni,2017,2018,Q19631293,Siaosi Sovaleni
Tonga,955,TON,2018,Siaosi Sovaleni,2017,2018,Q19631293,Siaosi Sovaleni
Tonga,955,TON,2018,'Akilisi Pohiva,2018,2019,Q3594634,
Tonga,955,TON,2019,'Akilisi Pohiva,2018,2019,Q3594634,
Tonga,955,TON,2019,Semisi Sika,2019,2019,Q7449656,Semisi Sika
Trinidad and Tobago,52,TTO,1961,Eric Williams,1961,1964,Q1338879,Eric Williams
Trinidad and Tobago,52,TTO,1962,Eric Williams,1961,1964,Q1338879,Eric Williams
Trinidad and Tobago,52,TTO,1963,Eric Williams,1961,1964,Q1338879,Eric Williams
Trinidad and Tobago,52,TTO,1964,Eric Williams,1961,1964,Q1338879,Eric Williams
Trinidad and Tobago,52,TTO,1964,Patrick Solomon,1964,1966,,
Trinidad and Tobago,52,TTO,1965,Patrick Solomon,1964,1966,,
Trinidad and Tobago,52,TTO,1966,Patrick Solomon,1964,1966,,
Trinidad and Tobago,52,TTO,1966,Eric Williams,1966,1967,Q1338879,Eric Williams
Trinidad and Tobago,52,TTO,1967,A.N.R. Robinson,1967,1970,Q634551,
Trinidad and Tobago,52,TTO,1967,Eric Williams,1966,1967,Q1338879,Eric Williams
Trinidad and Tobago,52,TTO,1968,A.N.R. Robinson,1967,1970,Q634551,
Trinidad and Tobago,52,TTO,1969,A.N.R. Robinson,1967,1970,Q634551,
Trinidad and Tobago,52,TTO,1970,A.N.R. Robinson,1967,1970,Q634551,
Trinidad and Tobago,52,TTO,1970,Eric Williams,1970,1971,Q1338879,Eric Williams
Trinidad and Tobago,52,TTO,1971,Eric Williams,1970,1971,Q1338879,Eric Williams
Trinidad and Tobago,52,TTO,1971,Kamaluddin Mohammed,1971,1973,,
Trinidad and Tobago,52,TTO,1972,Kamaluddin Mohammed,1971,1973,,
Trinidad and Tobago,52,TTO,1973,Kamaluddin Mohammed,1971,1973,,
Trinidad and Tobago,52,TTO,1973,Eric Williams,1973,1975,Q1338879,Eric Williams
Trinidad and Tobago,52,TTO,1974,Eric Williams,1973,1975,Q1338879,Eric Williams
Trinidad and Tobago,52,TTO,1975,Cuthbert Joseph,1975,1976,Q16335598,
Trinidad and Tobago,52,TTO,1975,Eric Williams,1973,1975,Q1338879,Eric Williams
Trinidad and Tobago,52,TTO,1976,John S. Donaldson,1976,1981,Q16335415,
Trinidad and Tobago,52,TTO,1976,Cuthbert Joseph,1975,1976,Q16335598,
Trinidad and Tobago,52,TTO,1977,John S. Donaldson,1976,1981,Q16335415,
Trinidad and Tobago,52,TTO,1978,John S. Donaldson,1976,1981,Q16335415,
Trinidad and Tobago,52,TTO,1979,John S. Donaldson,1976,1981,Q16335415,
Trinidad and Tobago,52,TTO,1980,John S. Donaldson,1976,1981,Q16335415,
Trinidad and Tobago,52,TTO,1981,John S. Donaldson,1976,1981,Q16335415,
Trinidad and Tobago,52,TTO,1981,Basil Ince,1981,1985,,
Trinidad and Tobago,52,TTO,1982,Basil Ince,1981,1985,,
Trinidad and Tobago,52,TTO,1983,Basil Ince,1981,1985,,
Trinidad and Tobago,52,TTO,1984,Basil Ince,1981,1985,,
Trinidad and Tobago,52,TTO,1985,Errol Mahabir,1985,1986,,
Trinidad and Tobago,52,TTO,1985,Basil Ince,1981,1985,,
Trinidad and Tobago,52,TTO,1986,Errol Mahabir,1985,1986,,
Trinidad and Tobago,52,TTO,1986,Basdeo Panday,1986,1988,Q809814,Basdeo Panday
Trinidad and Tobago,52,TTO,1987,Basdeo Panday,1986,1988,Q809814,Basdeo Panday
Trinidad and Tobago,52,TTO,1988,Basdeo Panday,1986,1988,Q809814,Basdeo Panday
Trinidad and Tobago,52,TTO,1988,Sahadeo Basdeo,1988,1991,,
Trinidad and Tobago,52,TTO,1989,Sahadeo Basdeo,1988,1991,,
Trinidad and Tobago,52,TTO,1990,Sahadeo Basdeo,1988,1991,,
Trinidad and Tobago,52,TTO,1991,Ralph Maraj,1991,1995,Q7287831,Ralph Maraj
Trinidad and Tobago,52,TTO,1991,Sahadeo Basdeo,1988,1991,,
Trinidad and Tobago,52,TTO,1992,Ralph Maraj,1991,1995,Q7287831,Ralph Maraj
Trinidad and Tobago,52,TTO,1993,Ralph Maraj,1991,1995,Q7287831,Ralph Maraj
Trinidad and Tobago,52,TTO,1994,Ralph Maraj,1991,1995,Q7287831,Ralph Maraj
Trinidad and Tobago,52,TTO,1995,Gordon Draper,1995,1995,,
Trinidad and Tobago,52,TTO,1995,Knowlson Gift,1995,1995,Q6423427,Knowlson Gift
Trinidad and Tobago,52,TTO,1995,Ralph Maraj,1995,2000,Q7287831,Ralph Maraj
Trinidad and Tobago,52,TTO,1995,Ralph Maraj,1991,1995,Q7287831,Ralph Maraj
Trinidad and Tobago,52,TTO,1996,Ralph Maraj,1995,2000,Q7287831,Ralph Maraj
Trinidad and Tobago,52,TTO,1997,Ralph Maraj,1995,2000,Q7287831,Ralph Maraj
Trinidad and Tobago,52,TTO,1998,Ralph Maraj,1995,2000,Q7287831,Ralph Maraj
Trinidad and Tobago,52,TTO,1999,Ralph Maraj,1995,2000,Q7287831,Ralph Maraj
Trinidad and Tobago,52,TTO,2000,Ralph Maraj,1995,2000,Q7287831,Ralph Maraj
Trinidad and Tobago,52,TTO,2000,Mervyn Assam,2000,2001,,
Trinidad and Tobago,52,TTO,2001,Knowlson Gift,2001,2006,Q6423427,Knowlson Gift
Trinidad and Tobago,52,TTO,2001,Mervyn Assam,2000,2001,,
Trinidad and Tobago,52,TTO,2002,Knowlson Gift,2001,2006,Q6423427,Knowlson Gift
Trinidad and Tobago,52,TTO,2003,Knowlson Gift,2001,2006,Q6423427,Knowlson Gift
Trinidad and Tobago,52,TTO,2004,Knowlson Gift,2001,2006,Q6423427,Knowlson Gift
Trinidad and Tobago,52,TTO,2005,Knowlson Gift,2001,2006,Q6423427,Knowlson Gift
Trinidad and Tobago,52,TTO,2006,Arnold Piggott,2006,2007,Q2863367,Arnold Piggott
Trinidad and Tobago,52,TTO,2006,Knowlson Gift,2001,2006,Q6423427,Knowlson Gift
Trinidad and Tobago,52,TTO,2007,Paula Gopee-Scoon,2007,2010,Q1673889,Paula Gopee-Scoon
Trinidad and Tobago,52,TTO,2007,Arnold Piggott,2006,2007,Q2863367,Arnold Piggott
Trinidad and Tobago,52,TTO,2008,Paula Gopee-Scoon,2007,2010,Q1673889,Paula Gopee-Scoon
Trinidad and Tobago,52,TTO,2009,Paula Gopee-Scoon,2007,2010,Q1673889,Paula Gopee-Scoon
Trinidad and Tobago,52,TTO,2010,Paula Gopee-Scoon,2007,2010,Q1673889,Paula Gopee-Scoon
Trinidad and Tobago,52,TTO,2010,Surujrattan Rambachan,2010,2012,Q7647000,Surujrattan Rambachan
Trinidad and Tobago,52,TTO,2011,Surujrattan Rambachan,2010,2012,Q7647000,Surujrattan Rambachan
Trinidad and Tobago,52,TTO,2012,Winston Dookeran,2012,2015,Q8026079,Winston Dookeran
Trinidad and Tobago,52,TTO,2012,Surujrattan Rambachan,2010,2012,Q7647000,Surujrattan Rambachan
Trinidad and Tobago,52,TTO,2013,Winston Dookeran,2012,2015,Q8026079,Winston Dookeran
Trinidad and Tobago,52,TTO,2014,Winston Dookeran,2012,2015,Q8026079,Winston Dookeran
Trinidad and Tobago,52,TTO,2015,Dennis Moses,2015,2019,Q96791863,
Trinidad and Tobago,52,TTO,2015,Winston Dookeran,2012,2015,Q8026079,Winston Dookeran
Trinidad and Tobago,52,TTO,2016,Dennis Moses,2015,2019,Q96791863,
Trinidad and Tobago,52,TTO,2017,Dennis Moses,2015,2019,Q96791863,
Trinidad and Tobago,52,TTO,2018,Dennis Moses,2015,2019,Q96791863,
Trinidad and Tobago,52,TTO,2019,Dennis Moses,2015,2019,Q96791863,
Tunisia,616,TUN,1956,Habib Bourguiba,1956,1957,Q643348,Habib Bourguiba
Tunisia,616,TUN,1957,Habib Bourguiba,1956,1957,Q643348,Habib Bourguiba
Tunisia,616,TUN,1957,Sadok Mokaddem,1957,1962,Q3461176,Sadok Mokaddem
Tunisia,616,TUN,1958,Sadok Mokaddem,1957,1962,Q3461176,Sadok Mokaddem
Tunisia,616,TUN,1959,Sadok Mokaddem,1957,1962,Q3461176,Sadok Mokaddem
Tunisia,616,TUN,1960,Sadok Mokaddem,1957,1962,Q3461176,Sadok Mokaddem
Tunisia,616,TUN,1961,Sadok Mokaddem,1957,1962,Q3461176,Sadok Mokaddem
Tunisia,616,TUN,1962,Sadok Mokaddem,1957,1962,Q3461176,Sadok Mokaddem
Tunisia,616,TUN,1962,Mongi Slim,1962,1964,Q563204,Mongi Slim
Tunisia,616,TUN,1963,Mongi Slim,1962,1964,Q563204,Mongi Slim
Tunisia,616,TUN,1964,Mongi Slim,1962,1964,Q563204,Mongi Slim
Tunisia,616,TUN,1964,"Habib Bourguiba, Jr.",1964,1970,Q586623,"Habib Bourguiba, Jr."
Tunisia,616,TUN,1965,"Habib Bourguiba, Jr.",1964,1970,Q586623,"Habib Bourguiba, Jr."
Tunisia,616,TUN,1966,"Habib Bourguiba, Jr.",1964,1970,Q586623,"Habib Bourguiba, Jr."
Tunisia,616,TUN,1967,"Habib Bourguiba, Jr.",1964,1970,Q586623,"Habib Bourguiba, Jr."
Tunisia,616,TUN,1968,"Habib Bourguiba, Jr.",1964,1970,Q586623,"Habib Bourguiba, Jr."
Tunisia,616,TUN,1969,"Habib Bourguiba, Jr.",1964,1970,Q586623,"Habib Bourguiba, Jr."
Tunisia,616,TUN,1970,"Habib Bourguiba, Jr.",1964,1970,Q586623,"Habib Bourguiba, Jr."
Tunisia,616,TUN,1970,Mohamed Masmoudi,1970,1974,Q1951854,Mohamed Masmoudi
Tunisia,616,TUN,1971,Mohamed Masmoudi,1970,1974,Q1951854,Mohamed Masmoudi
Tunisia,616,TUN,1972,Mohamed Masmoudi,1970,1974,Q1951854,Mohamed Masmoudi
Tunisia,616,TUN,1973,Mohamed Masmoudi,1970,1974,Q1951854,Mohamed Masmoudi
Tunisia,616,TUN,1974,Mohamed Masmoudi,1970,1974,Q1951854,Mohamed Masmoudi
Tunisia,616,TUN,1974,Habib Chatty,1974,1977,Q1530765,Habib Chatty
Tunisia,616,TUN,1975,Habib Chatty,1974,1977,Q1530765,Habib Chatty
Tunisia,616,TUN,1976,Habib Chatty,1974,1977,Q1530765,Habib Chatty
Tunisia,616,TUN,1977,Mohamed Fitouri,1977,1980,Q3318545,Mohamed Fitouri
Tunisia,616,TUN,1977,Habib Chatty,1974,1977,Q1530765,Habib Chatty
Tunisia,616,TUN,1978,Mohamed Fitouri,1977,1980,Q3318545,Mohamed Fitouri
Tunisia,616,TUN,1979,Mohamed Fitouri,1977,1980,Q3318545,Mohamed Fitouri
Tunisia,616,TUN,1980,Hassan Belkhodja,1980,1981,Q3128202,
Tunisia,616,TUN,1980,Mohamed Fitouri,1977,1980,Q3318545,Mohamed Fitouri
Tunisia,616,TUN,1981,Béji Caïd Essebsi,1981,1986,Q313539,
Tunisia,616,TUN,1981,Hassan Belkhodja,1980,1981,Q3128202,
Tunisia,616,TUN,1982,Béji Caïd Essebsi,1981,1986,Q313539,
Tunisia,616,TUN,1983,Béji Caïd Essebsi,1981,1986,Q313539,
Tunisia,616,TUN,1984,Béji Caïd Essebsi,1981,1986,Q313539,
Tunisia,616,TUN,1985,Béji Caïd Essebsi,1981,1986,Q313539,
Tunisia,616,TUN,1986,Hédi Mabrouk,1986,1987,Q12194585,Hédi Mabrouk
Tunisia,616,TUN,1986,Béji Caïd Essebsi,1981,1986,Q313539,
Tunisia,616,TUN,1987,Mahmoud Mestiri,1987,1988,Q3277819,Mahmoud Mestiri
Tunisia,616,TUN,1987,Hédi Mabrouk,1986,1987,Q12194585,Hédi Mabrouk
Tunisia,616,TUN,1988,Mahmoud Mestiri,1987,1988,Q3277819,Mahmoud Mestiri
Tunisia,616,TUN,1988,Abdelhamid Escheikh,1988,1990,Q4167838,Abdelhamid Escheikh
Tunisia,616,TUN,1989,Abdelhamid Escheikh,1988,1990,Q4167838,Abdelhamid Escheikh
Tunisia,616,TUN,1990,Habib Boularès,1990,1991,Q507856,Habib Boularès
Tunisia,616,TUN,1990,Ismail Khelil,1990,1990,Q3951110,
Tunisia,616,TUN,1990,Abdelhamid Escheikh,1988,1990,Q4167838,Abdelhamid Escheikh
Tunisia,616,TUN,1991,Habib Boularès,1990,1991,Q507856,Habib Boularès
Tunisia,616,TUN,1991,Habib Ben Yahia,1991,1997,Q3125299,Habib Ben Yahia
Tunisia,616,TUN,1992,Habib Ben Yahia,1991,1997,Q3125299,Habib Ben Yahia
Tunisia,616,TUN,1993,Habib Ben Yahia,1991,1997,Q3125299,Habib Ben Yahia
Tunisia,616,TUN,1994,Habib Ben Yahia,1991,1997,Q3125299,Habib Ben Yahia
Tunisia,616,TUN,1995,Habib Ben Yahia,1991,1997,Q3125299,Habib Ben Yahia
Tunisia,616,TUN,1996,Habib Ben Yahia,1991,1997,Q3125299,Habib Ben Yahia
Tunisia,616,TUN,1997,Said Ben Mustapha,1997,1999,Q2688070,
Tunisia,616,TUN,1997,Abderrahim Zouari,1997,1997,Q2821241,Abderrahim Zouari
Tunisia,616,TUN,1997,Habib Ben Yahia,1991,1997,Q3125299,Habib Ben Yahia
Tunisia,616,TUN,1998,Said Ben Mustapha,1997,1999,Q2688070,
Tunisia,616,TUN,1999,Said Ben Mustapha,1997,1999,Q2688070,
Tunisia,616,TUN,1999,Habib Ben Yahia,1999,2004,Q3125299,Habib Ben Yahia
Tunisia,616,TUN,2000,Habib Ben Yahia,1999,2004,Q3125299,Habib Ben Yahia
Tunisia,616,TUN,2001,Habib Ben Yahia,1999,2004,Q3125299,Habib Ben Yahia
Tunisia,616,TUN,2002,Habib Ben Yahia,1999,2004,Q3125299,Habib Ben Yahia
Tunisia,616,TUN,2003,Habib Ben Yahia,1999,2004,Q3125299,Habib Ben Yahia
Tunisia,616,TUN,2004,Habib Ben Yahia,1999,2004,Q3125299,Habib Ben Yahia
Tunisia,616,TUN,2004,Abdelbaki Hermassi,2004,2005,Q2821010,Abdelbaki Hermassi
Tunisia,616,TUN,2005,Abdelbaki Hermassi,2004,2005,Q2821010,Abdelbaki Hermassi
Tunisia,616,TUN,2005,Abdelwahab Abdallah,2005,2010,Q308017,Abdelwahab Abdallah
Tunisia,616,TUN,2006,Abdelwahab Abdallah,2005,2010,Q308017,Abdelwahab Abdallah
Tunisia,616,TUN,2007,Abdelwahab Abdallah,2005,2010,Q308017,Abdelwahab Abdallah
Tunisia,616,TUN,2008,Abdelwahab Abdallah,2005,2010,Q308017,Abdelwahab Abdallah
Tunisia,616,TUN,2009,Abdelwahab Abdallah,2005,2010,Q308017,Abdelwahab Abdallah
Tunisia,616,TUN,2010,Kamel Morjane,2010,2011,Q1043040,Kamel Morjane
Tunisia,616,TUN,2010,Abdelwahab Abdallah,2005,2010,Q308017,Abdelwahab Abdallah
Tunisia,616,TUN,2011,Rafik Abdessalem,2011,2013,Q3417420,Rafik Abdessalem
Tunisia,616,TUN,2011,Ahmed Ounaïes,2011,2011,Q401426,
Tunisia,616,TUN,2011,Mouldi Kefi,2011,2011,Q980071,Mouldi Kefi
Tunisia,616,TUN,2011,Kamel Morjane,2010,2011,Q1043040,Kamel Morjane
Tunisia,616,TUN,2012,Rafik Abdessalem,2011,2013,Q3417420,Rafik Abdessalem
Tunisia,616,TUN,2013,Rafik Abdessalem,2011,2013,Q3417420,Rafik Abdessalem
Tunisia,616,TUN,2013,Othman Jerandi,2013,2014,Q12270270,Othman Jerandi
Tunisia,616,TUN,2014,Mongi Hamdi,2014,2015,Q15829893,Mongi Hamdi
Tunisia,616,TUN,2014,Othman Jerandi,2013,2014,Q12270270,Othman Jerandi
Tunisia,616,TUN,2015,Taieb Baccouche,2015,2016,Q2388455,
Tunisia,616,TUN,2015,Mongi Hamdi,2014,2015,Q15829893,Mongi Hamdi
Tunisia,616,TUN,2016,Khemaies Jhinaoui,2016,2019,Q3196140,Khemaies Jhinaoui
Tunisia,616,TUN,2016,Taieb Baccouche,2015,2016,Q2388455,
Tunisia,616,TUN,2017,Khemaies Jhinaoui,2016,2019,Q3196140,Khemaies Jhinaoui
Tunisia,616,TUN,2018,Khemaies Jhinaoui,2016,2019,Q3196140,Khemaies Jhinaoui
Tunisia,616,TUN,2019,Khemaies Jhinaoui,2016,2019,Q3196140,Khemaies Jhinaoui
Turkey,640,TUR,1947,Necmettin Sadak,1947,1950,Q1973822,Necmettin Sadak
Turkey,640,TUR,1948,Necmettin Sadak,1947,1950,Q1973822,Necmettin Sadak
Turkey,640,TUR,1949,Necmettin Sadak,1947,1950,Q1973822,Necmettin Sadak
Turkey,640,TUR,1950,Fuat Köprülü,1950,1955,Q604285,
Turkey,640,TUR,1950,Necmettin Sadak,1947,1950,Q1973822,Necmettin Sadak
Turkey,640,TUR,1951,Fuat Köprülü,1950,1955,Q604285,
Turkey,640,TUR,1952,Fuat Köprülü,1950,1955,Q604285,
Turkey,640,TUR,1953,Fuat Köprülü,1950,1955,Q604285,
Turkey,640,TUR,1954,Fuat Köprülü,1950,1955,Q604285,
Turkey,640,TUR,1955,Fuat Köprülü,1950,1955,Q604285,
Turkey,640,TUR,1955,Adnan Menderes,1955,1955,Q238745,Adnan Menderes
Turkey,640,TUR,1955,Fatin Rüstü Zorlu,1955,1955,Q547250,
Turkey,640,TUR,1955,Fuat Köprülü,1955,1956,Q604285,
Turkey,640,TUR,1956,Ethem Menderes,1956,1957,Q1371176,Ethem Menderes
Turkey,640,TUR,1956,Fuat Köprülü,1955,1956,Q604285,
Turkey,640,TUR,1957,Fatin Rüstü Zorlu,1957,1960,Q547250,
Turkey,640,TUR,1957,Ethem Menderes,1956,1957,Q1371176,Ethem Menderes
Turkey,640,TUR,1958,Fatin Rüstü Zorlu,1957,1960,Q547250,
Turkey,640,TUR,1959,Fatin Rüstü Zorlu,1957,1960,Q547250,
Turkey,640,TUR,1960,Fatin Rüstü Zorlu,1957,1960,Q547250,
Turkey,640,TUR,1960,Selim Sarper,1960,1962,Q2268332,Selim Sarper
Turkey,640,TUR,1961,Selim Sarper,1960,1962,Q2268332,Selim Sarper
Turkey,640,TUR,1962,Selim Sarper,1960,1962,Q2268332,Selim Sarper
Turkey,640,TUR,1962,Feridun Cemal Erkin,1962,1965,Q6078627,Feridun Cemal Erkin
Turkey,640,TUR,1963,Feridun Cemal Erkin,1962,1965,Q6078627,Feridun Cemal Erkin
Turkey,640,TUR,1964,Feridun Cemal Erkin,1962,1965,Q6078627,Feridun Cemal Erkin
Turkey,640,TUR,1965,Hasan Esat Isik,1965,1965,Q6092855,
Turkey,640,TUR,1965,Ihsan Sabri Çaglayangil,1965,1971,Q343514,
Turkey,640,TUR,1965,Feridun Cemal Erkin,1962,1965,Q6078627,Feridun Cemal Erkin
Turkey,640,TUR,1966,Ihsan Sabri Çaglayangil,1965,1971,Q343514,
Turkey,640,TUR,1967,Ihsan Sabri Çaglayangil,1965,1971,Q343514,
Turkey,640,TUR,1968,Ihsan Sabri Çaglayangil,1965,1971,Q343514,
Turkey,640,TUR,1969,Ihsan Sabri Çaglayangil,1965,1971,Q343514,
Turkey,640,TUR,1970,Ihsan Sabri Çaglayangil,1965,1971,Q343514,
Turkey,640,TUR,1971,Ihsan Sabri Çaglayangil,1965,1971,Q343514,
Turkey,640,TUR,1971,Osman Olcay,1971,1971,Q2034278,Osman Olcay
Turkey,640,TUR,1971,Haluk Bayülken,1971,1974,Q4075793,Haluk Bayülken
Turkey,640,TUR,1972,Haluk Bayülken,1971,1974,Q4075793,Haluk Bayülken
Turkey,640,TUR,1973,Haluk Bayülken,1971,1974,Q4075793,Haluk Bayülken
Turkey,640,TUR,1974,Melih Esenbel,1974,1975,Q6079309,Melih Esenbel
Turkey,640,TUR,1974,Turan Günes,1974,1974,Q6095763,
Turkey,640,TUR,1974,Haluk Bayülken,1971,1974,Q4075793,Haluk Bayülken
Turkey,640,TUR,1975,Ihsan Sabri Çaglayangil,1975,1977,Q343514,
Turkey,640,TUR,1975,Melih Esenbel,1974,1975,Q6079309,Melih Esenbel
Turkey,640,TUR,1976,Ihsan Sabri Çaglayangil,1975,1977,Q343514,
Turkey,640,TUR,1977,Ihsan Sabri Çaglayangil,1977,1978,Q343514,
Turkey,640,TUR,1977,Gündüz Ökçün,1977,1977,Q6068416,
Turkey,640,TUR,1977,Ihsan Sabri Çaglayangil,1975,1977,Q343514,
Turkey,640,TUR,1978,Gündüz Ökçün,1978,1979,Q6068416,
Turkey,640,TUR,1978,Ihsan Sabri Çaglayangil,1977,1978,Q343514,
Turkey,640,TUR,1979,Hayrettin Erkmen,1979,1980,Q6092861,Hayrettin Erkmen
Turkey,640,TUR,1979,Gündüz Ökçün,1978,1979,Q6068416,
Turkey,640,TUR,1980,Hayrettin Erkmen,1979,1980,Q6092861,Hayrettin Erkmen
Turkey,640,TUR,1980,Ilter Türkmen,1980,1983,Q8080093,
Turkey,640,TUR,1980,Ekrem Ceyhun,1980,1980,Q6062046,Ekrem Ceyhun
Turkey,640,TUR,1981,Ilter Türkmen,1980,1983,Q8080093,
Turkey,640,TUR,1982,Ilter Türkmen,1980,1983,Q8080093,
Turkey,640,TUR,1983,Vahit Halefoglu,1983,1987,Q4495020,
Turkey,640,TUR,1983,Ilter Türkmen,1980,1983,Q8080093,
Turkey,640,TUR,1984,Vahit Halefoglu,1983,1987,Q4495020,
Turkey,640,TUR,1985,Vahit Halefoglu,1983,1987,Q4495020,
Turkey,640,TUR,1986,Vahit Halefoglu,1983,1987,Q4495020,
Turkey,640,TUR,1987,Mesut Yilmaz,1987,1990,Q366692,
Turkey,640,TUR,1987,Vahit Halefoglu,1983,1987,Q4495020,
Turkey,640,TUR,1988,Mesut Yilmaz,1987,1990,Q366692,
Turkey,640,TUR,1989,Mesut Yilmaz,1987,1990,Q366692,
Turkey,640,TUR,1990,Ali Bozer,1990,1990,Q459130,Ali Bozer
Turkey,640,TUR,1990,Mesut Yilmaz,1987,1990,Q366692,
Turkey,640,TUR,1990,Ahmet Kurtcebe Alptemoçin,1990,1991,Q401891,Ahmet Kurtcebe Alptemoçin
Turkey,640,TUR,1991,Hikmet Çetin,1991,1994,Q351674,Hikmet Çetin
Turkey,640,TUR,1991,Ahmet Kurtcebe Alptemoçin,1990,1991,Q401891,Ahmet Kurtcebe Alptemoçin
Turkey,640,TUR,1991,Safa Giray,1991,1991,Q4138855,Safa Giray
Turkey,640,TUR,1992,Hikmet Çetin,1991,1994,Q351674,Hikmet Çetin
Turkey,640,TUR,1993,Hikmet Çetin,1991,1994,Q351674,Hikmet Çetin
Turkey,640,TUR,1994,Mümtaz Soysal,1994,1994,Q4310076,Mümtaz Soysal
Turkey,640,TUR,1994,Murat Karayalçin,1994,1995,Q1953544,
Turkey,640,TUR,1994,Hikmet Çetin,1991,1994,Q351674,Hikmet Çetin
Turkey,640,TUR,1995,Ali Coskun Kirca,1995,1995,Q3001933,
Turkey,640,TUR,1995,Murat Karayalçin,1994,1995,Q1953544,
Turkey,640,TUR,1995,Erdal Inönü,1995,1995,Q1348747,
Turkey,640,TUR,1995,Deniz Baykal,1995,1996,Q381297,Deniz Baykal
Turkey,640,TUR,1996,Tansu Çiller,1996,1997,Q208377,Tansu Çiller
Turkey,640,TUR,1996,Deniz Baykal,1995,1996,Q381297,Deniz Baykal
Turkey,640,TUR,1996,Emre Gönensay,1996,1996,Q1339564,Emre Gönensay
Turkey,640,TUR,1997,Ismail Cem,1997,2002,Q344153,
Turkey,640,TUR,1997,Tansu Çiller,1996,1997,Q208377,Tansu Çiller
Turkey,640,TUR,1998,Ismail Cem,1997,2002,Q344153,
Turkey,640,TUR,1999,Ismail Cem,1997,2002,Q344153,
Turkey,640,TUR,2000,Ismail Cem,1997,2002,Q344153,
Turkey,640,TUR,2001,Ismail Cem,1997,2002,Q344153,
Turkey,640,TUR,2002,Yasar Yakis,2002,2003,Q75063,
Turkey,640,TUR,2002,Sükrü Sina Gürel,2002,2002,Q390723,
Turkey,640,TUR,2002,Ismail Cem,1997,2002,Q344153,
Turkey,640,TUR,2003,Abdullah Gül,2003,2007,Q42852,Abdullah Gül
Turkey,640,TUR,2003,Yasar Yakis,2002,2003,Q75063,
Turkey,640,TUR,2004,Abdullah Gül,2003,2007,Q42852,Abdullah Gül
Turkey,640,TUR,2005,Abdullah Gül,2003,2007,Q42852,Abdullah Gül
Turkey,640,TUR,2006,Abdullah Gül,2003,2007,Q42852,Abdullah Gül
Turkey,640,TUR,2007,Abdullah Gül,2003,2007,Q42852,Abdullah Gül
Turkey,640,TUR,2007,Ali Babacan,2007,2009,Q714518,Ali Babacan
Turkey,640,TUR,2008,Ali Babacan,2007,2009,Q714518,Ali Babacan
Turkey,640,TUR,2009,Ali Babacan,2007,2009,Q714518,Ali Babacan
Turkey,640,TUR,2009,Ahmet Davutoglu,2009,2014,Q58198,Ahmet Davutoglu
Turkey,640,TUR,2010,Ahmet Davutoglu,2009,2014,Q58198,Ahmet Davutoglu
Turkey,640,TUR,2011,Ahmet Davutoglu,2009,2014,Q58198,Ahmet Davutoglu
Turkey,640,TUR,2012,Ahmet Davutoglu,2009,2014,Q58198,Ahmet Davutoglu
Turkey,640,TUR,2013,Ahmet Davutoglu,2009,2014,Q58198,Ahmet Davutoglu
Turkey,640,TUR,2014,Mevlüt Çavusoglu,2014,2015,Q249206,
Turkey,640,TUR,2014,Ahmet Davutoglu,2009,2014,Q58198,Ahmet Davutoglu
Turkey,640,TUR,2015,Mevlüt Çavusoglu,2014,2015,Q249206,
Turkey,640,TUR,2015,Feridun Sinirlioglu,2015,2015,Q6082854,
Turkey,640,TUR,2015,Mevlüt Çavusoglu,2015,2019,Q249206,
Turkey,640,TUR,2016,Mevlüt Çavusoglu,2015,2019,Q249206,
Turkey,640,TUR,2017,Mevlüt Çavusoglu,2015,2019,Q249206,
Turkey,640,TUR,2018,Mevlüt Çavusoglu,2015,2019,Q249206,
Turkey,640,TUR,2019,Mevlüt Çavusoglu,2015,2019,Q249206,
Turkmenistan,701,TKM,1944,Kara Aliyev,1944,1951,Q42295665,
Turkmenistan,701,TKM,1945,Kara Aliyev,1944,1951,Q42295665,
Turkmenistan,701,TKM,1946,Kara Aliyev,1944,1951,Q42295665,
Turkmenistan,701,TKM,1947,Kara Aliyev,1944,1951,Q42295665,
Turkmenistan,701,TKM,1948,Kara Aliyev,1944,1951,Q42295665,
Turkmenistan,701,TKM,1949,Kara Aliyev,1944,1951,Q42295665,
Turkmenistan,701,TKM,1950,Kara Aliyev,1944,1951,Q42295665,
Turkmenistan,701,TKM,1951,Balysh Ovezov,1951,1958,Q509332,Balysh Ovezov
Turkmenistan,701,TKM,1951,Kara Aliyev,1944,1951,Q42295665,
Turkmenistan,701,TKM,1952,Balysh Ovezov,1951,1958,Q509332,Balysh Ovezov
Turkmenistan,701,TKM,1953,Balysh Ovezov,1951,1958,Q509332,Balysh Ovezov
Turkmenistan,701,TKM,1954,Balysh Ovezov,1951,1958,Q509332,Balysh Ovezov
Turkmenistan,701,TKM,1955,Balysh Ovezov,1951,1958,Q509332,Balysh Ovezov
Turkmenistan,701,TKM,1956,Balysh Ovezov,1951,1958,Q509332,Balysh Ovezov
Turkmenistan,701,TKM,1957,Balysh Ovezov,1951,1958,Q509332,Balysh Ovezov
Turkmenistan,701,TKM,1958,Dzhuma Durdy Karayev,1958,1959,Q5319699,Dzhuma Durdy Karayev
Turkmenistan,701,TKM,1958,Balysh Ovezov,1951,1958,Q509332,Balysh Ovezov
Turkmenistan,701,TKM,1959,Balysh Ovezov,1959,1960,Q509332,Balysh Ovezov
Turkmenistan,701,TKM,1959,Dzhuma Durdy Karayev,1958,1959,Q5319699,Dzhuma Durdy Karayev
Turkmenistan,701,TKM,1960,Balysh Ovezov,1959,1960,Q509332,Balysh Ovezov
Turkmenistan,701,TKM,1960,Abdy Annaliyev,1960,1963,Q60837391,
Turkmenistan,701,TKM,1961,Abdy Annaliyev,1960,1963,Q60837391,
Turkmenistan,701,TKM,1962,Abdy Annaliyev,1960,1963,Q60837391,
Turkmenistan,701,TKM,1963,Abdy Annaliyev,1960,1963,Q60837391,
Turkmenistan,701,TKM,1963,Mukhamednazar Gapurov,1963,1969,Q540480,
Turkmenistan,701,TKM,1964,Mukhamednazar Gapurov,1963,1969,Q540480,
Turkmenistan,701,TKM,1965,Mukhamednazar Gapurov,1963,1969,Q540480,
Turkmenistan,701,TKM,1966,Mukhamednazar Gapurov,1963,1969,Q540480,
Turkmenistan,701,TKM,1967,Mukhamednazar Gapurov,1963,1969,Q540480,
Turkmenistan,701,TKM,1968,Mukhamednazar Gapurov,1963,1969,Q540480,
Turkmenistan,701,TKM,1969,Oraz Orazmukhamedov,1969,1975,Q60837415,
Turkmenistan,701,TKM,1969,Mukhamednazar Gapurov,1963,1969,Q540480,
Turkmenistan,701,TKM,1970,Oraz Orazmukhamedov,1969,1975,Q60837415,
Turkmenistan,701,TKM,1971,Oraz Orazmukhamedov,1969,1975,Q60837415,
Turkmenistan,701,TKM,1972,Oraz Orazmukhamedov,1969,1975,Q60837415,
Turkmenistan,701,TKM,1973,Oraz Orazmukhamedov,1969,1975,Q60837415,
Turkmenistan,701,TKM,1974,Oraz Orazmukhamedov,1969,1975,Q60837415,
Turkmenistan,701,TKM,1975,Oraz Orazmukhamedov,1969,1975,Q60837415,
Turkmenistan,701,TKM,1975,Bally Yazkuliyev,1975,1978,Q43426456,
Turkmenistan,701,TKM,1976,Bally Yazkuliyev,1975,1978,Q43426456,
Turkmenistan,701,TKM,1977,Bally Yazkuliyev,1975,1978,Q43426456,
Turkmenistan,701,TKM,1978,Chary Karriyev,1978,1979,Q4216061,
Turkmenistan,701,TKM,1978,Bally Yazkuliyev,1975,1978,Q43426456,
Turkmenistan,701,TKM,1979,Nazar Suyunov,1979,1985,Q48961846,
Turkmenistan,701,TKM,1979,Chary Karriyev,1978,1979,Q4216061,
Turkmenistan,701,TKM,1980,Nazar Suyunov,1979,1985,Q48961846,
Turkmenistan,701,TKM,1981,Nazar Suyunov,1979,1985,Q48961846,
Turkmenistan,701,TKM,1982,Nazar Suyunov,1979,1985,Q48961846,
Turkmenistan,701,TKM,1983,Nazar Suyunov,1979,1985,Q48961846,
Turkmenistan,701,TKM,1984,Nazar Suyunov,1979,1985,Q48961846,
Turkmenistan,701,TKM,1985,Nazar Suyunov,1979,1985,Q48961846,
Turkmenistan,701,TKM,1985,Roza Bazarova,1985,1988,,
Turkmenistan,701,TKM,1986,Roza Bazarova,1985,1988,,
Turkmenistan,701,TKM,1987,Roza Bazarova,1985,1988,,
Turkmenistan,701,TKM,1988,Roza Bazarova,1985,1988,,
Turkmenistan,701,TKM,1988,Tuvakbibi Amangeldyeva,1988,1990,,
Turkmenistan,701,TKM,1989,Tuvakbibi Amangeldyeva,1988,1990,,
Turkmenistan,701,TKM,1990,Tuvakbibi Amangeldyeva,1988,1990,,
Turkmenistan,701,TKM,1990,Avdy Kuliyev,1990,1992,Q360320,
Turkmenistan,701,TKM,1991,Avdy Kuliyev,1990,1992,Q360320,
Turkmenistan,701,TKM,1992,Avdy Kuliyev,1990,1992,Q360320,
Turkmenistan,701,TKM,1992,Khalikberdy Atayev,1992,1995,Q39382347,
Turkmenistan,701,TKM,1993,Khalikberdy Atayev,1992,1995,Q39382347,
Turkmenistan,701,TKM,1994,Khalikberdy Atayev,1992,1995,Q39382347,
Turkmenistan,701,TKM,1995,Boris Shikhmuradov,1995,2000,Q4524650,
Turkmenistan,701,TKM,1995,Khalikberdy Atayev,1992,1995,Q39382347,
Turkmenistan,701,TKM,1996,Boris Shikhmuradov,1995,2000,Q4524650,
Turkmenistan,701,TKM,1997,Boris Shikhmuradov,1995,2000,Q4524650,
Turkmenistan,701,TKM,1998,Boris Shikhmuradov,1995,2000,Q4524650,
Turkmenistan,701,TKM,1999,Boris Shikhmuradov,1995,2000,Q4524650,
Turkmenistan,701,TKM,2000,Batyr Berdiyev,2000,2001,Q811058,
Turkmenistan,701,TKM,2000,Boris Shikhmuradov,1995,2000,Q4524650,
Turkmenistan,701,TKM,2001,Batyr Berdiyev,2000,2001,Q811058,
Turkmenistan,701,TKM,2001,Rashid Meredov,2001,2019,Q58141,
Turkmenistan,701,TKM,2002,Rashid Meredov,2001,2019,Q58141,
Turkmenistan,701,TKM,2003,Rashid Meredov,2001,2019,Q58141,
Turkmenistan,701,TKM,2004,Rashid Meredov,2001,2019,Q58141,
Turkmenistan,701,TKM,2005,Rashid Meredov,2001,2019,Q58141,
Turkmenistan,701,TKM,2006,Rashid Meredov,2001,2019,Q58141,
Turkmenistan,701,TKM,2007,Rashid Meredov,2001,2019,Q58141,
Turkmenistan,701,TKM,2008,Rashid Meredov,2001,2019,Q58141,
Turkmenistan,701,TKM,2009,Rashid Meredov,2001,2019,Q58141,
Turkmenistan,701,TKM,2010,Rashid Meredov,2001,2019,Q58141,
Turkmenistan,701,TKM,2011,Rashid Meredov,2001,2019,Q58141,
Turkmenistan,701,TKM,2012,Rashid Meredov,2001,2019,Q58141,
Turkmenistan,701,TKM,2013,Rashid Meredov,2001,2019,Q58141,
Turkmenistan,701,TKM,2014,Rashid Meredov,2001,2019,Q58141,
Turkmenistan,701,TKM,2015,Rashid Meredov,2001,2019,Q58141,
Turkmenistan,701,TKM,2016,Rashid Meredov,2001,2019,Q58141,
Turkmenistan,701,TKM,2017,Rashid Meredov,2001,2019,Q58141,
Turkmenistan,701,TKM,2018,Rashid Meredov,2001,2019,Q58141,
Turkmenistan,701,TKM,2019,Rashid Meredov,2001,2019,Q58141,
Tuvalu,947,TUV,1978,the prime ministers,1978,2010,,
Tuvalu,947,TUV,1979,the prime ministers,1978,2010,,
Tuvalu,947,TUV,1980,the prime ministers,1978,2010,,
Tuvalu,947,TUV,1981,the prime ministers,1978,2010,,
Tuvalu,947,TUV,1982,the prime ministers,1978,2010,,
Tuvalu,947,TUV,1983,the prime ministers,1978,2010,,
Tuvalu,947,TUV,1984,the prime ministers,1978,2010,,
Tuvalu,947,TUV,1985,the prime ministers,1978,2010,,
Tuvalu,947,TUV,1986,the prime ministers,1978,2010,,
Tuvalu,947,TUV,1987,the prime ministers,1978,2010,,
Tuvalu,947,TUV,1988,the prime ministers,1978,2010,,
Tuvalu,947,TUV,1989,the prime ministers,1978,2010,,
Tuvalu,947,TUV,1990,the prime ministers,1978,2010,,
Tuvalu,947,TUV,1991,the prime ministers,1978,2010,,
Tuvalu,947,TUV,1992,the prime ministers,1978,2010,,
Tuvalu,947,TUV,1993,the prime ministers,1978,2010,,
Tuvalu,947,TUV,1994,the prime ministers,1978,2010,,
Tuvalu,947,TUV,1995,the prime ministers,1978,2010,,
Tuvalu,947,TUV,1996,the prime ministers,1978,2010,,
Tuvalu,947,TUV,1997,the prime ministers,1978,2010,,
Tuvalu,947,TUV,1998,the prime ministers,1978,2010,,
Tuvalu,947,TUV,1999,the prime ministers,1978,2010,,
Tuvalu,947,TUV,2000,the prime ministers,1978,2010,,
Tuvalu,947,TUV,2001,the prime ministers,1978,2010,,
Tuvalu,947,TUV,2002,the prime ministers,1978,2010,,
Tuvalu,947,TUV,2003,the prime ministers,1978,2010,,
Tuvalu,947,TUV,2004,the prime ministers,1978,2010,,
Tuvalu,947,TUV,2005,the prime ministers,1978,2010,,
Tuvalu,947,TUV,2006,the prime ministers,1978,2010,,
Tuvalu,947,TUV,2007,the prime ministers,1978,2010,,
Tuvalu,947,TUV,2008,the prime ministers,1978,2010,,
Tuvalu,947,TUV,2009,the prime ministers,1978,2010,,
Tuvalu,947,TUV,2010,the prime ministers,1978,2010,,
Tuvalu,947,TUV,2010,Enele Sopoaga,2010,2010,Q330640,Enele Sopoaga
Tuvalu,947,TUV,2010,Apisai Ielemia,2010,2013,Q316267,Apisai Ielemia
Tuvalu,947,TUV,2011,Apisai Ielemia,2010,2013,Q316267,Apisai Ielemia
Tuvalu,947,TUV,2012,Apisai Ielemia,2010,2013,Q316267,Apisai Ielemia
Tuvalu,947,TUV,2013,Taukelina Finikaso,2013,2019,Q7688699,Taukelina Finikaso
Tuvalu,947,TUV,2013,Apisai Ielemia,2010,2013,Q316267,Apisai Ielemia
Tuvalu,947,TUV,2014,Taukelina Finikaso,2013,2019,Q7688699,Taukelina Finikaso
Tuvalu,947,TUV,2015,Taukelina Finikaso,2013,2019,Q7688699,Taukelina Finikaso
Tuvalu,947,TUV,2016,Taukelina Finikaso,2013,2019,Q7688699,Taukelina Finikaso
Tuvalu,947,TUV,2017,Taukelina Finikaso,2013,2019,Q7688699,Taukelina Finikaso
Tuvalu,947,TUV,2018,Taukelina Finikaso,2013,2019,Q7688699,Taukelina Finikaso
Tuvalu,947,TUV,2019,Taukelina Finikaso,2013,2019,Q7688699,Taukelina Finikaso
USSR,364,SUN,1949,Andrey Vyshinsky,1949,1953,Q155860,Andrey Vyshinsky
USSR,364,SUN,1950,Andrey Vyshinsky,1949,1953,Q155860,Andrey Vyshinsky
USSR,364,SUN,1951,Andrey Vyshinsky,1949,1953,Q155860,Andrey Vyshinsky
USSR,364,SUN,1952,Andrey Vyshinsky,1949,1953,Q155860,Andrey Vyshinsky
USSR,364,SUN,1953,Andrey Vyshinsky,1949,1953,Q155860,Andrey Vyshinsky
USSR,364,SUN,1953,Vyacheslav Molotov,1953,1956,Q132899,Vyacheslav Molotov
USSR,364,SUN,1954,Vyacheslav Molotov,1953,1956,Q132899,Vyacheslav Molotov
USSR,364,SUN,1955,Vyacheslav Molotov,1953,1956,Q132899,Vyacheslav Molotov
USSR,364,SUN,1956,Dmitry Shepilov,1956,1957,Q729274,
USSR,364,SUN,1956,Vyacheslav Molotov,1953,1956,Q132899,Vyacheslav Molotov
USSR,364,SUN,1957,Andrey Gromyko,1957,1985,Q184267,
USSR,364,SUN,1957,Dmitry Shepilov,1956,1957,Q729274,
USSR,364,SUN,1958,Andrey Gromyko,1957,1985,Q184267,
USSR,364,SUN,1959,Andrey Gromyko,1957,1985,Q184267,
USSR,364,SUN,1960,Andrey Gromyko,1957,1985,Q184267,
USSR,364,SUN,1961,Andrey Gromyko,1957,1985,Q184267,
USSR,364,SUN,1962,Andrey Gromyko,1957,1985,Q184267,
USSR,364,SUN,1963,Andrey Gromyko,1957,1985,Q184267,
USSR,364,SUN,1964,Andrey Gromyko,1957,1985,Q184267,
USSR,364,SUN,1965,Andrey Gromyko,1957,1985,Q184267,
USSR,364,SUN,1966,Andrey Gromyko,1957,1985,Q184267,
USSR,364,SUN,1967,Andrey Gromyko,1957,1985,Q184267,
USSR,364,SUN,1968,Andrey Gromyko,1957,1985,Q184267,
USSR,364,SUN,1969,Andrey Gromyko,1957,1985,Q184267,
USSR,364,SUN,1970,Andrey Gromyko,1957,1985,Q184267,
USSR,364,SUN,1971,Andrey Gromyko,1957,1985,Q184267,
USSR,364,SUN,1972,Andrey Gromyko,1957,1985,Q184267,
USSR,364,SUN,1973,Andrey Gromyko,1957,1985,Q184267,
USSR,364,SUN,1974,Andrey Gromyko,1957,1985,Q184267,
USSR,364,SUN,1975,Andrey Gromyko,1957,1985,Q184267,
USSR,364,SUN,1976,Andrey Gromyko,1957,1985,Q184267,
USSR,364,SUN,1977,Andrey Gromyko,1957,1985,Q184267,
USSR,364,SUN,1978,Andrey Gromyko,1957,1985,Q184267,
USSR,364,SUN,1979,Andrey Gromyko,1957,1985,Q184267,
USSR,364,SUN,1980,Andrey Gromyko,1957,1985,Q184267,
USSR,364,SUN,1981,Andrey Gromyko,1957,1985,Q184267,
USSR,364,SUN,1982,Andrey Gromyko,1957,1985,Q184267,
USSR,364,SUN,1983,Andrey Gromyko,1957,1985,Q184267,
USSR,364,SUN,1984,Andrey Gromyko,1957,1985,Q184267,
USSR,364,SUN,1985,Eduard Shevardnadze,1985,1991,Q151929,Eduard Shevardnadze
USSR,364,SUN,1985,Andrey Gromyko,1957,1985,Q184267,
USSR,364,SUN,1986,Eduard Shevardnadze,1985,1991,Q151929,Eduard Shevardnadze
USSR,364,SUN,1987,Eduard Shevardnadze,1985,1991,Q151929,Eduard Shevardnadze
USSR,364,SUN,1988,Eduard Shevardnadze,1985,1991,Q151929,Eduard Shevardnadze
USSR,364,SUN,1989,Eduard Shevardnadze,1985,1991,Q151929,Eduard Shevardnadze
USSR,364,SUN,1990,Eduard Shevardnadze,1985,1991,Q151929,Eduard Shevardnadze
USSR,364,SUN,1991,Boris Pankin,1991,1991,Q279648,Boris Pankin
USSR,364,SUN,1991,Eduard Shevardnadze,1991,1991,Q151929,Eduard Shevardnadze
USSR,364,SUN,1991,Eduard Shevardnadze,1985,1991,Q151929,Eduard Shevardnadze
USSR,364,SUN,1991,Aleksandr Bessmertnykh,1991,1991,Q1362524,
Uganda,500,UGA,1962,Milton Obote,1962,1964,Q210069,
Uganda,500,UGA,1963,Milton Obote,1962,1964,Q210069,
Uganda,500,UGA,1964,Milton Obote,1962,1964,Q210069,
Uganda,500,UGA,1964,Sam Odaka,1964,1971,Q20898439,Sam Odaka
Uganda,500,UGA,1965,Sam Odaka,1964,1971,Q20898439,Sam Odaka
Uganda,500,UGA,1966,Sam Odaka,1964,1971,Q20898439,Sam Odaka
Uganda,500,UGA,1967,Sam Odaka,1964,1971,Q20898439,Sam Odaka
Uganda,500,UGA,1968,Sam Odaka,1964,1971,Q20898439,Sam Odaka
Uganda,500,UGA,1969,Sam Odaka,1964,1971,Q20898439,Sam Odaka
Uganda,500,UGA,1970,Sam Odaka,1964,1971,Q20898439,Sam Odaka
Uganda,500,UGA,1971,Wanume Kibedi,1971,1973,Q25039660,
Uganda,500,UGA,1971,Sam Odaka,1964,1971,Q20898439,Sam Odaka
Uganda,500,UGA,1972,Wanume Kibedi,1971,1973,Q25039660,
Uganda,500,UGA,1973,Paul Etiang,1973,1973,Q26255547,Paul Etiang
Uganda,500,UGA,1973,Michael Ondoga,1973,1974,,
Uganda,500,UGA,1973,Wanume Kibedi,1971,1973,Q25039660,
Uganda,500,UGA,1974,Michael Ondoga,1973,1974,,
Uganda,500,UGA,1974,Elizabeth Bagaya,1974,1974,Q1331145,Elizabeth Bagaya
Uganda,500,UGA,1974,Idi Amin,1974,1975,Q48231,Idi Amin
Uganda,500,UGA,1975,Juma Oris,1975,1978,Q6310750,Juma Oris
Uganda,500,UGA,1975,Idi Amin,1974,1975,Q48231,Idi Amin
Uganda,500,UGA,1976,Juma Oris,1975,1978,Q6310750,Juma Oris
Uganda,500,UGA,1977,Juma Oris,1975,1978,Q6310750,Juma Oris
Uganda,500,UGA,1978,Juma Oris,1975,1978,Q6310750,Juma Oris
Uganda,500,UGA,1978,Idi Amin,1978,1979,Q48231,Idi Amin
Uganda,500,UGA,1979,Idi Amin,1978,1979,Q48231,Idi Amin
Uganda,500,UGA,1979,Otema Allimadi,1979,1980,Q484802,Otema Allimadi
Uganda,500,UGA,1979,Otema Allimadi,1979,1979,Q484802,Otema Allimadi
Uganda,500,UGA,1979,Godfrey L. Binaisa,1979,1979,Q433057,
Uganda,500,UGA,1980,Otema Allimadi,1979,1980,Q484802,Otema Allimadi
Uganda,500,UGA,1980,Milton Obote,1980,1985,Q210069,
Uganda,500,UGA,1981,Milton Obote,1980,1985,Q210069,
Uganda,500,UGA,1982,Milton Obote,1980,1985,Q210069,
Uganda,500,UGA,1983,Milton Obote,1980,1985,Q210069,
Uganda,500,UGA,1984,Milton Obote,1980,1985,Q210069,
Uganda,500,UGA,1985,Olara Otunnu,1985,1986,Q7083109,Olara Otunnu
Uganda,500,UGA,1985,John Luwuliza Kirunda,1985,1985,Q26243802,
Uganda,500,UGA,1985,Milton Obote,1980,1985,Q210069,
Uganda,500,UGA,1986,Olara Otunnu,1985,1986,Q7083109,Olara Otunnu
Uganda,500,UGA,1986,Ibrahim Mukiibi,1986,1988,Q65048620,
Uganda,500,UGA,1987,Ibrahim Mukiibi,1986,1988,Q65048620,
Uganda,500,UGA,1988,Ibrahim Mukiibi,1986,1988,Q65048620,
Uganda,500,UGA,1988,Paul Ssemogerere,1988,1994,Q486859,Paul Ssemogerere
Uganda,500,UGA,1989,Paul Ssemogerere,1988,1994,Q486859,Paul Ssemogerere
Uganda,500,UGA,1990,Paul Ssemogerere,1988,1994,Q486859,Paul Ssemogerere
Uganda,500,UGA,1991,Paul Ssemogerere,1988,1994,Q486859,Paul Ssemogerere
Uganda,500,UGA,1992,Paul Ssemogerere,1988,1994,Q486859,Paul Ssemogerere
Uganda,500,UGA,1993,Paul Ssemogerere,1988,1994,Q486859,Paul Ssemogerere
Uganda,500,UGA,1994,Ruhakana Rugunda,1994,1996,Q1740843,Ruhakana Rugunda
Uganda,500,UGA,1994,Paul Ssemogerere,1988,1994,Q486859,Paul Ssemogerere
Uganda,500,UGA,1995,Ruhakana Rugunda,1994,1996,Q1740843,Ruhakana Rugunda
Uganda,500,UGA,1996,Eriya Kategaya,1996,2001,Q1354926,Eriya Kategaya
Uganda,500,UGA,1996,Ruhakana Rugunda,1994,1996,Q1740843,Ruhakana Rugunda
Uganda,500,UGA,1997,Eriya Kategaya,1996,2001,Q1354926,Eriya Kategaya
Uganda,500,UGA,1998,Eriya Kategaya,1996,2001,Q1354926,Eriya Kategaya
Uganda,500,UGA,1999,Eriya Kategaya,1996,2001,Q1354926,Eriya Kategaya
Uganda,500,UGA,2000,Eriya Kategaya,1996,2001,Q1354926,Eriya Kategaya
Uganda,500,UGA,2001,James Wapakhabulo,2001,2004,Q1681274,James Wapakhabulo
Uganda,500,UGA,2001,Eriya Kategaya,1996,2001,Q1354926,Eriya Kategaya
Uganda,500,UGA,2002,James Wapakhabulo,2001,2004,Q1681274,James Wapakhabulo
Uganda,500,UGA,2003,James Wapakhabulo,2001,2004,Q1681274,James Wapakhabulo
Uganda,500,UGA,2004,Tom Butime,2004,2005,Q7815151,Tom Butime
Uganda,500,UGA,2004,James Wapakhabulo,2001,2004,Q1681274,James Wapakhabulo
Uganda,500,UGA,2005,Tom Butime,2004,2005,Q7815151,Tom Butime
Uganda,500,UGA,2005,Sam Kutesa,2005,2019,Q58240,Sam Kutesa
Uganda,500,UGA,2006,Sam Kutesa,2005,2019,Q58240,Sam Kutesa
Uganda,500,UGA,2007,Sam Kutesa,2005,2019,Q58240,Sam Kutesa
Uganda,500,UGA,2008,Sam Kutesa,2005,2019,Q58240,Sam Kutesa
Uganda,500,UGA,2009,Sam Kutesa,2005,2019,Q58240,Sam Kutesa
Uganda,500,UGA,2010,Sam Kutesa,2005,2019,Q58240,Sam Kutesa
Uganda,500,UGA,2011,Henry Okello Oryem,2011,2012,Q3784984,
Uganda,500,UGA,2011,Sam Kutesa,2005,2019,Q58240,Sam Kutesa
Uganda,500,UGA,2012,Henry Okello Oryem,2011,2012,Q3784984,
Uganda,500,UGA,2012,Sam Kutesa,2005,2019,Q58240,Sam Kutesa
Uganda,500,UGA,2013,Sam Kutesa,2005,2019,Q58240,Sam Kutesa
Uganda,500,UGA,2014,Sam Kutesa,2005,2019,Q58240,Sam Kutesa
Uganda,500,UGA,2015,Sam Kutesa,2005,2019,Q58240,Sam Kutesa
Uganda,500,UGA,2016,Sam Kutesa,2005,2019,Q58240,Sam Kutesa
Uganda,500,UGA,2017,Sam Kutesa,2005,2019,Q58240,Sam Kutesa
Uganda,500,UGA,2018,Sam Kutesa,2005,2019,Q58240,Sam Kutesa
Uganda,500,UGA,2019,Sam Kutesa,2005,2019,Q58240,Sam Kutesa
Ukraine,369,UKR,1944,Dmytro Manuilsky,1944,1952,Q2383086,
Ukraine,369,UKR,1945,Dmytro Manuilsky,1944,1952,Q2383086,
Ukraine,369,UKR,1946,Dmytro Manuilsky,1944,1952,Q2383086,
Ukraine,369,UKR,1947,Dmytro Manuilsky,1944,1952,Q2383086,
Ukraine,369,UKR,1948,Dmytro Manuilsky,1944,1952,Q2383086,
Ukraine,369,UKR,1949,Dmytro Manuilsky,1944,1952,Q2383086,
Ukraine,369,UKR,1950,Dmytro Manuilsky,1944,1952,Q2383086,
Ukraine,369,UKR,1951,Dmytro Manuilsky,1944,1952,Q2383086,
Ukraine,369,UKR,1952,Anatoliy Baranovsky,1952,1953,Q12080952,Anatoliy Baranovsky
Ukraine,369,UKR,1952,Dmytro Manuilsky,1944,1952,Q2383086,
Ukraine,369,UKR,1953,Luka Palamarchuk,1953,1965,Q4342429,Luka Palamarchuk
Ukraine,369,UKR,1953,Anatoliy Baranovsky,1952,1953,Q12080952,Anatoliy Baranovsky
Ukraine,369,UKR,1954,Luka Palamarchuk,1953,1965,Q4342429,Luka Palamarchuk
Ukraine,369,UKR,1955,Luka Palamarchuk,1953,1965,Q4342429,Luka Palamarchuk
Ukraine,369,UKR,1956,Luka Palamarchuk,1953,1965,Q4342429,Luka Palamarchuk
Ukraine,369,UKR,1957,Luka Palamarchuk,1953,1965,Q4342429,Luka Palamarchuk
Ukraine,369,UKR,1958,Luka Palamarchuk,1953,1965,Q4342429,Luka Palamarchuk
Ukraine,369,UKR,1959,Luka Palamarchuk,1953,1965,Q4342429,Luka Palamarchuk
Ukraine,369,UKR,1960,Luka Palamarchuk,1953,1965,Q4342429,Luka Palamarchuk
Ukraine,369,UKR,1961,Luka Palamarchuk,1953,1965,Q4342429,Luka Palamarchuk
Ukraine,369,UKR,1962,Luka Palamarchuk,1953,1965,Q4342429,Luka Palamarchuk
Ukraine,369,UKR,1963,Luka Palamarchuk,1953,1965,Q4342429,Luka Palamarchuk
Ukraine,369,UKR,1964,Luka Palamarchuk,1953,1965,Q4342429,Luka Palamarchuk
Ukraine,369,UKR,1965,Luka Palamarchuk,1953,1965,Q4342429,Luka Palamarchuk
Ukraine,369,UKR,1966,Dmytro Bilokolos,1966,1970,Q4082519,
Ukraine,369,UKR,1967,Dmytro Bilokolos,1966,1970,Q4082519,
Ukraine,369,UKR,1968,Dmytro Bilokolos,1966,1970,Q4082519,
Ukraine,369,UKR,1969,Dmytro Bilokolos,1966,1970,Q4082519,
Ukraine,369,UKR,1970,Heorhiy Shevel,1970,1980,Q4521936,
Ukraine,369,UKR,1970,Dmytro Bilokolos,1966,1970,Q4082519,
Ukraine,369,UKR,1971,Heorhiy Shevel,1970,1980,Q4521936,
Ukraine,369,UKR,1972,Heorhiy Shevel,1970,1980,Q4521936,
Ukraine,369,UKR,1973,Heorhiy Shevel,1970,1980,Q4521936,
Ukraine,369,UKR,1974,Heorhiy Shevel,1970,1980,Q4521936,
Ukraine,369,UKR,1975,Heorhiy Shevel,1970,1980,Q4521936,
Ukraine,369,UKR,1976,Heorhiy Shevel,1970,1980,Q4521936,
Ukraine,369,UKR,1977,Heorhiy Shevel,1970,1980,Q4521936,
Ukraine,369,UKR,1978,Heorhiy Shevel,1970,1980,Q4521936,
Ukraine,369,UKR,1979,Heorhiy Shevel,1970,1980,Q4521936,
Ukraine,369,UKR,1980,Volodymyr Martynenko,1980,1984,Q4282707,Volodymyr Martynenko
Ukraine,369,UKR,1980,Heorhiy Shevel,1970,1980,Q4521936,
Ukraine,369,UKR,1981,Volodymyr Martynenko,1980,1984,Q4282707,Volodymyr Martynenko
Ukraine,369,UKR,1982,Volodymyr Martynenko,1980,1984,Q4282707,Volodymyr Martynenko
Ukraine,369,UKR,1983,Volodymyr Martynenko,1980,1984,Q4282707,Volodymyr Martynenko
Ukraine,369,UKR,1984,Volodymyr Martynenko,1980,1984,Q4282707,Volodymyr Martynenko
Ukraine,369,UKR,1984,Volodymyr Kravets,1984,1990,Q4237280,
Ukraine,369,UKR,1985,Volodymyr Kravets,1984,1990,Q4237280,
Ukraine,369,UKR,1986,Volodymyr Kravets,1984,1990,Q4237280,
Ukraine,369,UKR,1987,Volodymyr Kravets,1984,1990,Q4237280,
Ukraine,369,UKR,1988,Volodymyr Kravets,1984,1990,Q4237280,
Ukraine,369,UKR,1989,Volodymyr Kravets,1984,1990,Q4237280,
Ukraine,369,UKR,1990,Volodymyr Kravets,1984,1990,Q4237280,
Ukraine,369,UKR,1990,Anatoliy Zlenko,1990,1994,Q488198,Anatoliy Zlenko
Ukraine,369,UKR,1991,Anatoliy Zlenko,1990,1994,Q488198,Anatoliy Zlenko
Ukraine,369,UKR,1992,Anatoliy Zlenko,1990,1994,Q488198,Anatoliy Zlenko
Ukraine,369,UKR,1993,Anatoliy Zlenko,1990,1994,Q488198,Anatoliy Zlenko
Ukraine,369,UKR,1994,Anatoliy Zlenko,1990,1994,Q488198,Anatoliy Zlenko
Ukraine,369,UKR,1994,Hennadiy Udovenko,1994,1998,Q1605329,Hennadiy Udovenko
Ukraine,369,UKR,1995,Hennadiy Udovenko,1994,1998,Q1605329,Hennadiy Udovenko
Ukraine,369,UKR,1996,Hennadiy Udovenko,1994,1998,Q1605329,Hennadiy Udovenko
Ukraine,369,UKR,1997,Hennadiy Udovenko,1994,1998,Q1605329,Hennadiy Udovenko
Ukraine,369,UKR,1998,Hennadiy Udovenko,1994,1998,Q1605329,Hennadiy Udovenko
Ukraine,369,UKR,1998,Borys Tarasyuk,1998,2000,Q894312,Borys Tarasyuk
Ukraine,369,UKR,1999,Borys Tarasyuk,1998,2000,Q894312,Borys Tarasyuk
Ukraine,369,UKR,2000,Anatoliy Zlenko,2000,2003,Q488198,Anatoliy Zlenko
Ukraine,369,UKR,2000,Borys Tarasyuk,1998,2000,Q894312,Borys Tarasyuk
Ukraine,369,UKR,2001,Anatoliy Zlenko,2000,2003,Q488198,Anatoliy Zlenko
Ukraine,369,UKR,2002,Anatoliy Zlenko,2000,2003,Q488198,Anatoliy Zlenko
Ukraine,369,UKR,2003,Anatoliy Zlenko,2000,2003,Q488198,Anatoliy Zlenko
Ukraine,369,UKR,2003,Kostyantyn Gryshchenko,2003,2005,Q58113,Kostyantyn Gryshchenko
Ukraine,369,UKR,2004,Kostyantyn Gryshchenko,2003,2005,Q58113,Kostyantyn Gryshchenko
Ukraine,369,UKR,2005,Borys Tarasyuk,2005,2007,Q894312,Borys Tarasyuk
Ukraine,369,UKR,2005,Kostyantyn Gryshchenko,2003,2005,Q58113,Kostyantyn Gryshchenko
Ukraine,369,UKR,2006,Borys Tarasyuk,2005,2007,Q894312,Borys Tarasyuk
Ukraine,369,UKR,2007,Arseniy Yatsenyuk,2007,2007,Q471730,Arseniy Yatsenyuk
Ukraine,369,UKR,2007,Volodymyr Ohryzko,2007,2007,Q477925,Volodymyr Ohryzko
Ukraine,369,UKR,2007,Volodymyr Ohryzko,2007,2009,Q477925,Volodymyr Ohryzko
Ukraine,369,UKR,2007,Borys Tarasyuk,2005,2007,Q894312,Borys Tarasyuk
Ukraine,369,UKR,2008,Volodymyr Ohryzko,2007,2009,Q477925,Volodymyr Ohryzko
Ukraine,369,UKR,2009,Volodymyr Khandohiy,2009,2009,Q595215,Volodymyr Khandohiy
Ukraine,369,UKR,2009,Petro Poroshenko,2009,2010,Q58077,Petro Poroshenko
Ukraine,369,UKR,2009,Volodymyr Ohryzko,2007,2009,Q477925,Volodymyr Ohryzko
Ukraine,369,UKR,2010,Petro Poroshenko,2009,2010,Q58077,Petro Poroshenko
Ukraine,369,UKR,2010,Kostyantyn Gryshchenko,2010,2012,Q58113,Kostyantyn Gryshchenko
Ukraine,369,UKR,2011,Kostyantyn Gryshchenko,2010,2012,Q58113,Kostyantyn Gryshchenko
Ukraine,369,UKR,2012,Leonid Kozhara,2012,2014,Q1711465,Leonid Kozhara
Ukraine,369,UKR,2012,Kostyantyn Gryshchenko,2010,2012,Q58113,Kostyantyn Gryshchenko
Ukraine,369,UKR,2013,Leonid Kozhara,2012,2014,Q1711465,Leonid Kozhara
Ukraine,369,UKR,2014,Pavlo Klimkin,2014,2019,Q10857432,Pavlo Klimkin
Ukraine,369,UKR,2014,Andriy Deshchytsia,2014,2014,Q12100652,
Ukraine,369,UKR,2014,Leonid Kozhara,2012,2014,Q1711465,Leonid Kozhara
Ukraine,369,UKR,2015,Pavlo Klimkin,2014,2019,Q10857432,Pavlo Klimkin
Ukraine,369,UKR,2016,Pavlo Klimkin,2014,2019,Q10857432,Pavlo Klimkin
Ukraine,369,UKR,2017,Pavlo Klimkin,2014,2019,Q10857432,Pavlo Klimkin
Ukraine,369,UKR,2018,Pavlo Klimkin,2014,2019,Q10857432,Pavlo Klimkin
Ukraine,369,UKR,2019,Pavlo Klimkin,2014,2019,Q10857432,Pavlo Klimkin
United Arab Emirates,696,ARE,1971,Sayed Ahmad Khalifa Al Suweidi,1971,1980,Q12178848,
United Arab Emirates,696,ARE,1972,Sayed Ahmad Khalifa Al Suweidi,1971,1980,Q12178848,
United Arab Emirates,696,ARE,1973,Sayed Ahmad Khalifa Al Suweidi,1971,1980,Q12178848,
United Arab Emirates,696,ARE,1974,Sayed Ahmad Khalifa Al Suweidi,1971,1980,Q12178848,
United Arab Emirates,696,ARE,1975,Sayed Ahmad Khalifa Al Suweidi,1971,1980,Q12178848,
United Arab Emirates,696,ARE,1976,Sayed Ahmad Khalifa Al Suweidi,1971,1980,Q12178848,
United Arab Emirates,696,ARE,1977,Sayed Ahmad Khalifa Al Suweidi,1971,1980,Q12178848,
United Arab Emirates,696,ARE,1978,Sayed Ahmad Khalifa Al Suweidi,1971,1980,Q12178848,
United Arab Emirates,696,ARE,1979,Sayed Ahmad Khalifa Al Suweidi,1971,1980,Q12178848,
United Arab Emirates,696,ARE,1980,Sayed Ahmad Khalifa Al Suweidi,1971,1980,Q12178848,
United Arab Emirates,696,ARE,1980,Rashid ibn Abdullah Al Nuaimi,1980,2006,Q7294871,
United Arab Emirates,696,ARE,1981,Rashid ibn Abdullah Al Nuaimi,1980,2006,Q7294871,
United Arab Emirates,696,ARE,1982,Rashid ibn Abdullah Al Nuaimi,1980,2006,Q7294871,
United Arab Emirates,696,ARE,1983,Rashid ibn Abdullah Al Nuaimi,1980,2006,Q7294871,
United Arab Emirates,696,ARE,1984,Rashid ibn Abdullah Al Nuaimi,1980,2006,Q7294871,
United Arab Emirates,696,ARE,1985,Rashid ibn Abdullah Al Nuaimi,1980,2006,Q7294871,
United Arab Emirates,696,ARE,1986,Rashid ibn Abdullah Al Nuaimi,1980,2006,Q7294871,
United Arab Emirates,696,ARE,1987,Rashid ibn Abdullah Al Nuaimi,1980,2006,Q7294871,
United Arab Emirates,696,ARE,1988,Rashid ibn Abdullah Al Nuaimi,1980,2006,Q7294871,
United Arab Emirates,696,ARE,1989,Rashid ibn Abdullah Al Nuaimi,1980,2006,Q7294871,
United Arab Emirates,696,ARE,1990,Rashid ibn Abdullah Al Nuaimi,1980,2006,Q7294871,
United Arab Emirates,696,ARE,1991,Rashid ibn Abdullah Al Nuaimi,1980,2006,Q7294871,
United Arab Emirates,696,ARE,1992,Rashid ibn Abdullah Al Nuaimi,1980,2006,Q7294871,
United Arab Emirates,696,ARE,1993,Rashid ibn Abdullah Al Nuaimi,1980,2006,Q7294871,
United Arab Emirates,696,ARE,1994,Rashid ibn Abdullah Al Nuaimi,1980,2006,Q7294871,
United Arab Emirates,696,ARE,1995,Rashid ibn Abdullah Al Nuaimi,1980,2006,Q7294871,
United Arab Emirates,696,ARE,1996,Rashid ibn Abdullah Al Nuaimi,1980,2006,Q7294871,
United Arab Emirates,696,ARE,1997,Rashid ibn Abdullah Al Nuaimi,1980,2006,Q7294871,
United Arab Emirates,696,ARE,1998,Rashid ibn Abdullah Al Nuaimi,1980,2006,Q7294871,
United Arab Emirates,696,ARE,1999,Rashid ibn Abdullah Al Nuaimi,1980,2006,Q7294871,
United Arab Emirates,696,ARE,2000,Rashid ibn Abdullah Al Nuaimi,1980,2006,Q7294871,
United Arab Emirates,696,ARE,2001,Rashid ibn Abdullah Al Nuaimi,1980,2006,Q7294871,
United Arab Emirates,696,ARE,2002,Rashid ibn Abdullah Al Nuaimi,1980,2006,Q7294871,
United Arab Emirates,696,ARE,2003,Rashid ibn Abdullah Al Nuaimi,1980,2006,Q7294871,
United Arab Emirates,696,ARE,2004,Rashid ibn Abdullah Al Nuaimi,1980,2006,Q7294871,
United Arab Emirates,696,ARE,2005,Rashid ibn Abdullah Al Nuaimi,1980,2006,Q7294871,
United Arab Emirates,696,ARE,2006,Rashid ibn Abdullah Al Nuaimi,1980,2006,Q7294871,
United Arab Emirates,696,ARE,2006,Sheikh Abdullah ibn Zaid Al Nahayan,2006,2019,Q58301,
United Arab Emirates,696,ARE,2007,Sheikh Abdullah ibn Zaid Al Nahayan,2006,2019,Q58301,
United Arab Emirates,696,ARE,2008,Sheikh Abdullah ibn Zaid Al Nahayan,2006,2019,Q58301,
United Arab Emirates,696,ARE,2009,Sheikh Abdullah ibn Zaid Al Nahayan,2006,2019,Q58301,
United Arab Emirates,696,ARE,2010,Sheikh Abdullah ibn Zaid Al Nahayan,2006,2019,Q58301,
United Arab Emirates,696,ARE,2011,Sheikh Abdullah ibn Zaid Al Nahayan,2006,2019,Q58301,
United Arab Emirates,696,ARE,2012,Sheikh Abdullah ibn Zaid Al Nahayan,2006,2019,Q58301,
United Arab Emirates,696,ARE,2013,Sheikh Abdullah ibn Zaid Al Nahayan,2006,2019,Q58301,
United Arab Emirates,696,ARE,2014,Sheikh Abdullah ibn Zaid Al Nahayan,2006,2019,Q58301,
United Arab Emirates,696,ARE,2015,Sheikh Abdullah ibn Zaid Al Nahayan,2006,2019,Q58301,
United Arab Emirates,696,ARE,2016,Sheikh Abdullah ibn Zaid Al Nahayan,2006,2019,Q58301,
United Arab Emirates,696,ARE,2017,Sheikh Abdullah ibn Zaid Al Nahayan,2006,2019,Q58301,
United Arab Emirates,696,ARE,2018,Sheikh Abdullah ibn Zaid Al Nahayan,2006,2019,Q58301,
United Arab Emirates,696,ARE,2019,Sheikh Abdullah ibn Zaid Al Nahayan,2006,2019,Q58301,
United Kingdom,200,GBR,1945,Ernest Bevin,1945,1951,Q332365,Ernest Bevin
United Kingdom,200,GBR,1946,Ernest Bevin,1945,1951,Q332365,Ernest Bevin
United Kingdom,200,GBR,1947,Ernest Bevin,1945,1951,Q332365,Ernest Bevin
United Kingdom,200,GBR,1948,Ernest Bevin,1945,1951,Q332365,Ernest Bevin
United Kingdom,200,GBR,1949,Ernest Bevin,1945,1951,Q332365,Ernest Bevin
United Kingdom,200,GBR,1950,Ernest Bevin,1945,1951,Q332365,Ernest Bevin
United Kingdom,200,GBR,1951,Ernest Bevin,1945,1951,Q332365,Ernest Bevin
United Kingdom,200,GBR,1951,Herbert Morrison,1951,1951,Q335791,Herbert Morrison
United Kingdom,200,GBR,1951,Anthony Eden,1951,1955,Q128995,Anthony Eden
United Kingdom,200,GBR,1952,Anthony Eden,1951,1955,Q128995,Anthony Eden
United Kingdom,200,GBR,1953,Anthony Eden,1951,1955,Q128995,Anthony Eden
United Kingdom,200,GBR,1954,Anthony Eden,1951,1955,Q128995,Anthony Eden
United Kingdom,200,GBR,1955,Harold Macmillan,1955,1955,Q128985,Harold Macmillan
United Kingdom,200,GBR,1955,Selwyn Lloyd,1955,1960,Q333080,Selwyn Lloyd
United Kingdom,200,GBR,1955,Anthony Eden,1951,1955,Q128995,Anthony Eden
United Kingdom,200,GBR,1956,Selwyn Lloyd,1955,1960,Q333080,Selwyn Lloyd
United Kingdom,200,GBR,1957,Selwyn Lloyd,1955,1960,Q333080,Selwyn Lloyd
United Kingdom,200,GBR,1958,Selwyn Lloyd,1955,1960,Q333080,Selwyn Lloyd
United Kingdom,200,GBR,1959,Selwyn Lloyd,1955,1960,Q333080,Selwyn Lloyd
United Kingdom,200,GBR,1960,Selwyn Lloyd,1955,1960,Q333080,Selwyn Lloyd
United Kingdom,200,GBR,1960,"Alexander Frederick Douglas-Home,",1960,1963,Q128976,
United Kingdom,200,GBR,1961,"Alexander Frederick Douglas-Home,",1960,1963,Q128976,
United Kingdom,200,GBR,1962,"Alexander Frederick Douglas-Home,",1960,1963,Q128976,
United Kingdom,200,GBR,1963,Richard Austen Butler,1963,1964,Q182035,Richard Austen Butler
United Kingdom,200,GBR,1963,"Alexander Frederick Douglas-Home,",1960,1963,Q128976,
United Kingdom,200,GBR,1964,Patrick Gordon Walker,1964,1965,Q333745,Patrick Gordon Walker
United Kingdom,200,GBR,1964,Richard Austen Butler,1963,1964,Q182035,Richard Austen Butler
United Kingdom,200,GBR,1965,Patrick Gordon Walker,1964,1965,Q333745,Patrick Gordon Walker
United Kingdom,200,GBR,1965,Michael Stewart,1965,1966,Q333773,Michael Stewart
United Kingdom,200,GBR,1966,Michael Stewart,1965,1966,Q333773,Michael Stewart
United Kingdom,200,GBR,1966,George Brown,1966,1968,Q334073,George Brown
United Kingdom,200,GBR,1967,George Brown,1966,1968,Q334073,George Brown
United Kingdom,200,GBR,1968,Michael Stewart,1968,1970,Q333773,Michael Stewart
United Kingdom,200,GBR,1968,George Brown,1966,1968,Q334073,George Brown
United Kingdom,200,GBR,1969,Michael Stewart,1968,1970,Q333773,Michael Stewart
United Kingdom,200,GBR,1970,Michael Stewart,1968,1970,Q333773,Michael Stewart
United Kingdom,200,GBR,1970,Sir Alec Douglas-Home,1970,1974,Q128976,Sir Alec Douglas-Home
United Kingdom,200,GBR,1971,Sir Alec Douglas-Home,1970,1974,Q128976,Sir Alec Douglas-Home
United Kingdom,200,GBR,1972,Sir Alec Douglas-Home,1970,1974,Q128976,Sir Alec Douglas-Home
United Kingdom,200,GBR,1973,Sir Alec Douglas-Home,1970,1974,Q128976,Sir Alec Douglas-Home
United Kingdom,200,GBR,1974,James Callaghan,1974,1976,Q9576,James Callaghan
United Kingdom,200,GBR,1974,Sir Alec Douglas-Home,1970,1974,Q128976,Sir Alec Douglas-Home
United Kingdom,200,GBR,1975,James Callaghan,1974,1976,Q9576,James Callaghan
United Kingdom,200,GBR,1976,Anthony Crosland,1976,1977,Q301252,Anthony Crosland
United Kingdom,200,GBR,1976,James Callaghan,1974,1976,Q9576,James Callaghan
United Kingdom,200,GBR,1977,David Owen,1977,1979,Q333085,David Owen
United Kingdom,200,GBR,1977,Anthony Crosland,1976,1977,Q301252,Anthony Crosland
United Kingdom,200,GBR,1978,David Owen,1977,1979,Q333085,David Owen
United Kingdom,200,GBR,1979,"Peter Alexander Rupert Carington,",1979,1982,Q335038,
United Kingdom,200,GBR,1979,David Owen,1977,1979,Q333085,David Owen
United Kingdom,200,GBR,1980,"Peter Alexander Rupert Carington,",1979,1982,Q335038,
United Kingdom,200,GBR,1981,"Peter Alexander Rupert Carington,",1979,1982,Q335038,
United Kingdom,200,GBR,1982,Francis Pym,1982,1983,Q332759,Francis Pym
United Kingdom,200,GBR,1982,"Peter Alexander Rupert Carington,",1979,1982,Q335038,
United Kingdom,200,GBR,1983,Francis Pym,1982,1983,Q332759,Francis Pym
United Kingdom,200,GBR,1983,Sir Geoffrey Howe,1983,1989,Q332323,Sir Geoffrey Howe
United Kingdom,200,GBR,1984,Sir Geoffrey Howe,1983,1989,Q332323,Sir Geoffrey Howe
United Kingdom,200,GBR,1985,Sir Geoffrey Howe,1983,1989,Q332323,Sir Geoffrey Howe
United Kingdom,200,GBR,1986,Sir Geoffrey Howe,1983,1989,Q332323,Sir Geoffrey Howe
United Kingdom,200,GBR,1987,Sir Geoffrey Howe,1983,1989,Q332323,Sir Geoffrey Howe
United Kingdom,200,GBR,1988,Sir Geoffrey Howe,1983,1989,Q332323,Sir Geoffrey Howe
United Kingdom,200,GBR,1989,Douglas Hurd,1989,1995,Q337375,Douglas Hurd
United Kingdom,200,GBR,1989,Sir Geoffrey Howe,1983,1989,Q332323,Sir Geoffrey Howe
United Kingdom,200,GBR,1989,John Major,1989,1989,Q9559,John Major
United Kingdom,200,GBR,1990,Douglas Hurd,1989,1995,Q337375,Douglas Hurd
United Kingdom,200,GBR,1991,Douglas Hurd,1989,1995,Q337375,Douglas Hurd
United Kingdom,200,GBR,1992,Douglas Hurd,1989,1995,Q337375,Douglas Hurd
United Kingdom,200,GBR,1993,Douglas Hurd,1989,1995,Q337375,Douglas Hurd
United Kingdom,200,GBR,1994,Douglas Hurd,1989,1995,Q337375,Douglas Hurd
United Kingdom,200,GBR,1995,Malcolm Rifkind,1995,1997,Q333487,Malcolm Rifkind
United Kingdom,200,GBR,1995,Douglas Hurd,1989,1995,Q337375,Douglas Hurd
United Kingdom,200,GBR,1996,Malcolm Rifkind,1995,1997,Q333487,Malcolm Rifkind
United Kingdom,200,GBR,1997,Robin Cook,1997,2001,Q311214,Robin Cook
United Kingdom,200,GBR,1997,Malcolm Rifkind,1995,1997,Q333487,Malcolm Rifkind
United Kingdom,200,GBR,1998,Robin Cook,1997,2001,Q311214,Robin Cook
United Kingdom,200,GBR,1999,Robin Cook,1997,2001,Q311214,Robin Cook
United Kingdom,200,GBR,2000,Robin Cook,1997,2001,Q311214,Robin Cook
United Kingdom,200,GBR,2001,Jack Straw,2001,2006,Q311278,Jack Straw
United Kingdom,200,GBR,2001,Robin Cook,1997,2001,Q311214,Robin Cook
United Kingdom,200,GBR,2002,Jack Straw,2001,2006,Q311278,Jack Straw
United Kingdom,200,GBR,2003,Jack Straw,2001,2006,Q311278,Jack Straw
United Kingdom,200,GBR,2004,Jack Straw,2001,2006,Q311278,Jack Straw
United Kingdom,200,GBR,2005,Jack Straw,2001,2006,Q311278,Jack Straw
United Kingdom,200,GBR,2006,Margaret Beckett,2006,2007,Q232639,Margaret Beckett
United Kingdom,200,GBR,2006,Jack Straw,2001,2006,Q311278,Jack Straw
United Kingdom,200,GBR,2007,Margaret Beckett,2006,2007,Q232639,Margaret Beckett
United Kingdom,200,GBR,2007,David Miliband,2007,2010,Q272670,David Miliband
United Kingdom,200,GBR,2008,David Miliband,2007,2010,Q272670,David Miliband
United Kingdom,200,GBR,2009,David Miliband,2007,2010,Q272670,David Miliband
United Kingdom,200,GBR,2010,William Hague,2010,2014,Q58282,William Hague
United Kingdom,200,GBR,2010,David Miliband,2007,2010,Q272670,David Miliband
United Kingdom,200,GBR,2011,William Hague,2010,2014,Q58282,William Hague
United Kingdom,200,GBR,2012,William Hague,2010,2014,Q58282,William Hague
United Kingdom,200,GBR,2013,William Hague,2010,2014,Q58282,William Hague
United Kingdom,200,GBR,2014,William Hague,2010,2014,Q58282,William Hague
United Kingdom,200,GBR,2014,Philip Hammond,2014,2016,Q332987,Philip Hammond
United Kingdom,200,GBR,2015,Philip Hammond,2014,2016,Q332987,Philip Hammond
United Kingdom,200,GBR,2016,Boris Johnson,2016,2018,Q180589,Boris Johnson
United Kingdom,200,GBR,2016,Philip Hammond,2014,2016,Q332987,Philip Hammond
United Kingdom,200,GBR,2017,Boris Johnson,2016,2018,Q180589,Boris Johnson
United Kingdom,200,GBR,2018,Jeremy Hunt,2018,2019,Q333533,Jeremy Hunt
United Kingdom,200,GBR,2018,Boris Johnson,2016,2018,Q180589,Boris Johnson
United Kingdom,200,GBR,2019,Jeremy Hunt,2018,2019,Q333533,Jeremy Hunt
United States,2,USA,1949,Dean Acheson,1949,1953,Q214758,Dean Acheson
United States,2,USA,1950,Dean Acheson,1949,1953,Q214758,Dean Acheson
United States,2,USA,1951,Dean Acheson,1949,1953,Q214758,Dean Acheson
United States,2,USA,1952,Dean Acheson,1949,1953,Q214758,Dean Acheson
United States,2,USA,1953,Dean Acheson,1949,1953,Q214758,Dean Acheson
United States,2,USA,1953,John Foster Dulles,1953,1959,Q223677,John Foster Dulles
United States,2,USA,1954,John Foster Dulles,1953,1959,Q223677,John Foster Dulles
United States,2,USA,1955,John Foster Dulles,1953,1959,Q223677,John Foster Dulles
United States,2,USA,1956,John Foster Dulles,1953,1959,Q223677,John Foster Dulles
United States,2,USA,1957,John Foster Dulles,1953,1959,Q223677,John Foster Dulles
United States,2,USA,1958,John Foster Dulles,1953,1959,Q223677,John Foster Dulles
United States,2,USA,1959,Christian A. Herter,1959,1961,Q240274,Christian A. Herter
United States,2,USA,1959,John Foster Dulles,1953,1959,Q223677,John Foster Dulles
United States,2,USA,1960,Christian A. Herter,1959,1961,Q240274,Christian A. Herter
United States,2,USA,1961,Christian A. Herter,1959,1961,Q240274,Christian A. Herter
United States,2,USA,1961,Dean Rusk,1961,1969,Q313258,Dean Rusk
United States,2,USA,1962,Dean Rusk,1961,1969,Q313258,Dean Rusk
United States,2,USA,1963,Dean Rusk,1961,1969,Q313258,Dean Rusk
United States,2,USA,1964,Dean Rusk,1961,1969,Q313258,Dean Rusk
United States,2,USA,1965,Dean Rusk,1961,1969,Q313258,Dean Rusk
United States,2,USA,1966,Dean Rusk,1961,1969,Q313258,Dean Rusk
United States,2,USA,1967,Dean Rusk,1961,1969,Q313258,Dean Rusk
United States,2,USA,1968,Dean Rusk,1961,1969,Q313258,Dean Rusk
United States,2,USA,1969,Dean Rusk,1961,1969,Q313258,Dean Rusk
United States,2,USA,1969,William Rogers,1969,1973,Q433180,William Rogers
United States,2,USA,1970,William Rogers,1969,1973,Q433180,William Rogers
United States,2,USA,1971,William Rogers,1969,1973,Q433180,William Rogers
United States,2,USA,1972,William Rogers,1969,1973,Q433180,William Rogers
United States,2,USA,1973,William Rogers,1969,1973,Q433180,William Rogers
United States,2,USA,1973,Henry Kissinger,1973,1977,Q66107,Henry Kissinger
United States,2,USA,1974,Henry Kissinger,1973,1977,Q66107,Henry Kissinger
United States,2,USA,1975,Henry Kissinger,1973,1977,Q66107,Henry Kissinger
United States,2,USA,1976,Henry Kissinger,1973,1977,Q66107,Henry Kissinger
United States,2,USA,1977,Cyrus Vance,1977,1980,Q296661,Cyrus Vance
United States,2,USA,1977,Henry Kissinger,1973,1977,Q66107,Henry Kissinger
United States,2,USA,1978,Cyrus Vance,1977,1980,Q296661,Cyrus Vance
United States,2,USA,1979,Cyrus Vance,1977,1980,Q296661,Cyrus Vance
United States,2,USA,1980,Cyrus Vance,1977,1980,Q296661,Cyrus Vance
United States,2,USA,1980,Edmund S. Muskie,1980,1981,Q319867,
United States,2,USA,1981,Alexander Haig,1981,1982,Q107957,Alexander Haig
United States,2,USA,1981,Edmund S. Muskie,1980,1981,Q319867,
United States,2,USA,1982,George Shultz,1982,1989,Q313411,
United States,2,USA,1982,Alexander Haig,1981,1982,Q107957,Alexander Haig
United States,2,USA,1983,George Shultz,1982,1989,Q313411,
United States,2,USA,1984,George Shultz,1982,1989,Q313411,
United States,2,USA,1985,George Shultz,1982,1989,Q313411,
United States,2,USA,1986,George Shultz,1982,1989,Q313411,
United States,2,USA,1987,George Shultz,1982,1989,Q313411,
United States,2,USA,1988,George Shultz,1982,1989,Q313411,
United States,2,USA,1989,George Shultz,1982,1989,Q313411,
United States,2,USA,1989,James Baker,1989,1992,Q223151,James Baker
United States,2,USA,1990,James Baker,1989,1992,Q223151,James Baker
United States,2,USA,1991,James Baker,1989,1992,Q223151,James Baker
United States,2,USA,1992,Lawrence Eagleburger,1992,1993,Q210308,Lawrence Eagleburger
United States,2,USA,1992,James Baker,1989,1992,Q223151,James Baker
United States,2,USA,1993,Warren Christopher,1993,1997,Q294358,Warren Christopher
United States,2,USA,1993,Lawrence Eagleburger,1992,1993,Q210308,Lawrence Eagleburger
United States,2,USA,1994,Warren Christopher,1993,1997,Q294358,Warren Christopher
United States,2,USA,1995,Warren Christopher,1993,1997,Q294358,Warren Christopher
United States,2,USA,1996,Warren Christopher,1993,1997,Q294358,Warren Christopher
United States,2,USA,1997,Madeleine Albright,1997,2001,Q174438,Madeleine Albright
United States,2,USA,1997,Warren Christopher,1993,1997,Q294358,Warren Christopher
United States,2,USA,1998,Madeleine Albright,1997,2001,Q174438,Madeleine Albright
United States,2,USA,1999,Madeleine Albright,1997,2001,Q174438,Madeleine Albright
United States,2,USA,2000,Madeleine Albright,1997,2001,Q174438,Madeleine Albright
United States,2,USA,2001,Madeleine Albright,1997,2001,Q174438,Madeleine Albright
United States,2,USA,2001,Colin Powell,2001,2005,Q150851,Colin Powell
United States,2,USA,2002,Colin Powell,2001,2005,Q150851,Colin Powell
United States,2,USA,2003,Colin Powell,2001,2005,Q150851,Colin Powell
United States,2,USA,2004,Colin Powell,2001,2005,Q150851,Colin Powell
United States,2,USA,2005,Condoleezza Rice,2005,2009,Q47216,Condoleezza Rice
United States,2,USA,2005,Colin Powell,2001,2005,Q150851,Colin Powell
United States,2,USA,2006,Condoleezza Rice,2005,2009,Q47216,Condoleezza Rice
United States,2,USA,2007,Condoleezza Rice,2005,2009,Q47216,Condoleezza Rice
United States,2,USA,2008,Condoleezza Rice,2005,2009,Q47216,Condoleezza Rice
United States,2,USA,2009,Hillary Clinton,2009,2013,Q6294,Hillary Clinton
United States,2,USA,2009,Condoleezza Rice,2005,2009,Q47216,Condoleezza Rice
United States,2,USA,2010,Hillary Clinton,2009,2013,Q6294,Hillary Clinton
United States,2,USA,2011,Hillary Clinton,2009,2013,Q6294,Hillary Clinton
United States,2,USA,2012,Hillary Clinton,2009,2013,Q6294,Hillary Clinton
United States,2,USA,2013,John Kerry,2013,2017,Q22316,John Kerry
United States,2,USA,2013,Hillary Clinton,2009,2013,Q6294,Hillary Clinton
United States,2,USA,2014,John Kerry,2013,2017,Q22316,John Kerry
United States,2,USA,2015,John Kerry,2013,2017,Q22316,John Kerry
United States,2,USA,2016,John Kerry,2013,2017,Q22316,John Kerry
United States,2,USA,2017,John Kerry,2013,2017,Q22316,John Kerry
United States,2,USA,2017,Rex Tillerson,2017,2018,Q331401,Rex Tillerson
United States,2,USA,2018,Rex Tillerson,2017,2018,Q331401,Rex Tillerson
United States,2,USA,2018,Mike Pompeo,2018,2019,Q473239,Mike Pompeo
United States,2,USA,2019,Mike Pompeo,2018,2019,Q473239,Mike Pompeo
Uruguay,165,URY,1949,César Charlone,1949,1950,Q457800,César Charlone
Uruguay,165,URY,1950,Alberto Domínguez Cámpora,1950,1952,Q1359732,Alberto Domínguez Cámpora
Uruguay,165,URY,1950,César Charlone,1949,1950,Q457800,César Charlone
Uruguay,165,URY,1951,Alberto Domínguez Cámpora,1950,1952,Q1359732,Alberto Domínguez Cámpora
Uruguay,165,URY,1952,Daniel Castellanos Arteaga,1952,1952,Q34002715,Daniel Castellanos Arteaga
Uruguay,165,URY,1952,Alberto Domínguez Cámpora,1950,1952,Q1359732,Alberto Domínguez Cámpora
Uruguay,165,URY,1952,Fructuoso Pittaluga Agustini,1952,1955,Q1262900,
Uruguay,165,URY,1953,Fructuoso Pittaluga Agustini,1952,1955,Q1262900,
Uruguay,165,URY,1954,Fructuoso Pittaluga Agustini,1952,1955,Q1262900,
Uruguay,165,URY,1955,Fructuoso Pittaluga Agustini,1952,1955,Q1262900,
Uruguay,165,URY,1955,Santiago Rompani,1955,1956,Q1463775,Santiago Rompani
Uruguay,165,URY,1955,Juan P. Ribas,1955,1955,Q15821939,
Uruguay,165,URY,1956,Santiago Rompani,1955,1956,Q1463775,Santiago Rompani
Uruguay,165,URY,1956,Francisco Gamarra,1956,1957,Q1441964,Francisco Gamarra
Uruguay,165,URY,1957,Óscar Secco Ellauri,1957,1959,Q7106257,
Uruguay,165,URY,1957,Francisco Gamarra,1956,1957,Q1441964,Francisco Gamarra
Uruguay,165,URY,1958,Óscar Secco Ellauri,1957,1959,Q7106257,
Uruguay,165,URY,1959,Homero Martínez Montero,1959,1963,Q23705306,
Uruguay,165,URY,1959,Óscar Secco Ellauri,1957,1959,Q7106257,
Uruguay,165,URY,1960,Homero Martínez Montero,1959,1963,Q23705306,
Uruguay,165,URY,1961,Homero Martínez Montero,1959,1963,Q23705306,
Uruguay,165,URY,1962,Homero Martínez Montero,1959,1963,Q23705306,
Uruguay,165,URY,1963,Homero Martínez Montero,1959,1963,Q23705306,
Uruguay,165,URY,1963,Alejandro Zorrilla de San Martín,1963,1965,Q4714706,Alejandro Zorrilla de San Martín
Uruguay,165,URY,1964,Alejandro Zorrilla de San Martín,1963,1965,Q4714706,Alejandro Zorrilla de San Martín
Uruguay,165,URY,1965,Luis Vidal Zaglio,1965,1967,Q16693774,Luis Vidal Zaglio
Uruguay,165,URY,1965,Alejandro Zorrilla de San Martín,1963,1965,Q4714706,Alejandro Zorrilla de San Martín
Uruguay,165,URY,1966,Luis Vidal Zaglio,1965,1967,Q16693774,Luis Vidal Zaglio
Uruguay,165,URY,1967,Luis Vidal Zaglio,1965,1967,Q16693774,Luis Vidal Zaglio
Uruguay,165,URY,1967,Héctor Luisi,1967,1968,Q15858902,Héctor Luisi
Uruguay,165,URY,1968,Héctor Luisi,1967,1968,Q15858902,Héctor Luisi
Uruguay,165,URY,1968,Venancio Flores,1968,1970,Q560958,Venancio Flores
Uruguay,165,URY,1969,Venancio Flores,1968,1970,Q560958,Venancio Flores
Uruguay,165,URY,1970,Venancio Flores,1968,1970,Q560958,Venancio Flores
Uruguay,165,URY,1970,Jorge Peirano Facio,1970,1971,Q5935796,Jorge Peirano Facio
Uruguay,165,URY,1971,José A. Mora Otero,1971,1972,Q1248020,
Uruguay,165,URY,1971,Jorge Peirano Facio,1970,1971,Q5935796,Jorge Peirano Facio
Uruguay,165,URY,1972,José A. Mora Otero,1971,1972,Q1248020,
Uruguay,165,URY,1972,Juan Carlos Blanco,1972,1976,Q3819752,
Uruguay,165,URY,1973,Juan Carlos Blanco,1972,1976,Q3819752,
Uruguay,165,URY,1974,Juan Carlos Blanco,1972,1976,Q3819752,
Uruguay,165,URY,1975,Juan Carlos Blanco,1972,1976,Q3819752,
Uruguay,165,URY,1976,Juan Carlos Blanco,1972,1976,Q3819752,
Uruguay,165,URY,1976,Alejandro Rovira,1976,1978,Q28853692,
Uruguay,165,URY,1977,Alejandro Rovira,1976,1978,Q28853692,
Uruguay,165,URY,1978,Adolfo Folle Martínez,1978,1981,,
Uruguay,165,URY,1978,Alejandro Rovira,1976,1978,Q28853692,
Uruguay,165,URY,1979,Adolfo Folle Martínez,1978,1981,,
Uruguay,165,URY,1980,Adolfo Folle Martínez,1978,1981,,
Uruguay,165,URY,1981,Adolfo Folle Martínez,1978,1981,,
Uruguay,165,URY,1981,Estanislao Valdés Otero,1981,1982,Q5848810,Estanislao Valdés Otero
Uruguay,165,URY,1982,Estanislao Valdés Otero,1981,1982,Q5848810,Estanislao Valdés Otero
Uruguay,165,URY,1982,Carlos Alberto Maeso Rodríguez,1982,1985,,
Uruguay,165,URY,1983,Carlos Alberto Maeso Rodríguez,1982,1985,,
Uruguay,165,URY,1984,Carlos Alberto Maeso Rodríguez,1982,1985,,
Uruguay,165,URY,1985,Enrique Iglesias,1985,1988,Q1344054,
Uruguay,165,URY,1985,Carlos Alberto Maeso Rodríguez,1982,1985,,
Uruguay,165,URY,1986,Enrique Iglesias,1985,1988,Q1344054,
Uruguay,165,URY,1987,Enrique Iglesias,1985,1988,Q1344054,
Uruguay,165,URY,1988,Luis Barrios Tassano,1988,1990,Q4452339,Luis Barrios Tassano
Uruguay,165,URY,1988,Enrique Iglesias,1985,1988,Q1344054,
Uruguay,165,URY,1989,Luis Barrios Tassano,1988,1990,Q4452339,Luis Barrios Tassano
Uruguay,165,URY,1990,Héctor Gros Espiell,1990,1993,Q4532787,Héctor Gros Espiell
Uruguay,165,URY,1990,Luis Barrios Tassano,1988,1990,Q4452339,Luis Barrios Tassano
Uruguay,165,URY,1991,Héctor Gros Espiell,1990,1993,Q4532787,Héctor Gros Espiell
Uruguay,165,URY,1992,Héctor Gros Espiell,1990,1993,Q4532787,Héctor Gros Espiell
Uruguay,165,URY,1993,Héctor Gros Espiell,1990,1993,Q4532787,Héctor Gros Espiell
Uruguay,165,URY,1993,Sergio Abreu,1993,1995,Q6125284,
Uruguay,165,URY,1994,Sergio Abreu,1993,1995,Q6125284,
Uruguay,165,URY,1995,Álvaro Ramos,1995,1998,Q251228,
Uruguay,165,URY,1995,Sergio Abreu,1993,1995,Q6125284,
Uruguay,165,URY,1996,Álvaro Ramos,1995,1998,Q251228,
Uruguay,165,URY,1997,Álvaro Ramos,1995,1998,Q251228,
Uruguay,165,URY,1998,Didier Opertti,1998,2005,Q1210573,Didier Opertti
Uruguay,165,URY,1998,Álvaro Ramos,1995,1998,Q251228,
Uruguay,165,URY,1999,Didier Opertti,1998,2005,Q1210573,Didier Opertti
Uruguay,165,URY,2000,Didier Opertti,1998,2005,Q1210573,Didier Opertti
Uruguay,165,URY,2001,Didier Opertti,1998,2005,Q1210573,Didier Opertti
Uruguay,165,URY,2002,Didier Opertti,1998,2005,Q1210573,Didier Opertti
Uruguay,165,URY,2003,Didier Opertti,1998,2005,Q1210573,Didier Opertti
Uruguay,165,URY,2004,Didier Opertti,1998,2005,Q1210573,Didier Opertti
Uruguay,165,URY,2005,Reinaldo Gargano,2005,2008,Q58143,Reinaldo Gargano
Uruguay,165,URY,2005,Didier Opertti,1998,2005,Q1210573,Didier Opertti
Uruguay,165,URY,2006,Reinaldo Gargano,2005,2008,Q58143,Reinaldo Gargano
Uruguay,165,URY,2007,Reinaldo Gargano,2005,2008,Q58143,Reinaldo Gargano
Uruguay,165,URY,2008,Gonzalo Fernández,2008,2009,Q958455,Gonzalo Fernández
Uruguay,165,URY,2008,Reinaldo Gargano,2005,2008,Q58143,Reinaldo Gargano
Uruguay,165,URY,2009,Pedro Vaz,2009,2010,Q2042621,Pedro Vaz
Uruguay,165,URY,2009,Gonzalo Fernández,2008,2009,Q958455,Gonzalo Fernández
Uruguay,165,URY,2010,Luis Almagro,2010,2015,Q3776268,Luis Almagro
Uruguay,165,URY,2010,Pedro Vaz,2009,2010,Q2042621,Pedro Vaz
Uruguay,165,URY,2011,Luis Almagro,2010,2015,Q3776268,Luis Almagro
Uruguay,165,URY,2012,Luis Almagro,2010,2015,Q3776268,Luis Almagro
Uruguay,165,URY,2013,Luis Almagro,2010,2015,Q3776268,Luis Almagro
Uruguay,165,URY,2014,Luis Almagro,2010,2015,Q3776268,Luis Almagro
Uruguay,165,URY,2015,Rodolfo Nin Novoa,2015,2019,Q1344343,Rodolfo Nin Novoa
Uruguay,165,URY,2015,Luis Almagro,2010,2015,Q3776268,Luis Almagro
Uruguay,165,URY,2016,Rodolfo Nin Novoa,2015,2019,Q1344343,Rodolfo Nin Novoa
Uruguay,165,URY,2017,Rodolfo Nin Novoa,2015,2019,Q1344343,Rodolfo Nin Novoa
Uruguay,165,URY,2018,Rodolfo Nin Novoa,2015,2019,Q1344343,Rodolfo Nin Novoa
Uruguay,165,URY,2019,Rodolfo Nin Novoa,2015,2019,Q1344343,Rodolfo Nin Novoa
Uzbekistan,704,UZB,1949,...,1949,1951,,
Uzbekistan,704,UZB,1950,...,1949,1951,,
Uzbekistan,704,UZB,1951,Anvar Kuchkarov,1951,1953,Q4250041,
Uzbekistan,704,UZB,1951,...,1949,1951,,
Uzbekistan,704,UZB,1952,Anvar Kuchkarov,1951,1953,Q4250041,
Uzbekistan,704,UZB,1953,Anvar Kuchkarov,1951,1953,Q4250041,
Uzbekistan,704,UZB,1953,Nuritdin Mukhitdinov,1953,1954,Q350273,
Uzbekistan,704,UZB,1954,Nuritdin Mukhitdinov,1953,1954,Q350273,
Uzbekistan,704,UZB,1955,Ghani Sultanov,1955,1957,,
Uzbekistan,704,UZB,1956,Ghani Sultanov,1955,1957,,
Uzbekistan,704,UZB,1957,K. Gulamov,1957,1959,,
Uzbekistan,704,UZB,1957,Ghani Sultanov,1955,1957,,
Uzbekistan,704,UZB,1958,K. Gulamov,1957,1959,,
Uzbekistan,704,UZB,1959,Sarvar Azimov,1959,1969,Q4058348,
Uzbekistan,704,UZB,1959,K. Gulamov,1957,1959,,
Uzbekistan,704,UZB,1960,Sarvar Azimov,1959,1969,Q4058348,
Uzbekistan,704,UZB,1961,Sarvar Azimov,1959,1969,Q4058348,
Uzbekistan,704,UZB,1962,Sarvar Azimov,1959,1969,Q4058348,
Uzbekistan,704,UZB,1963,Sarvar Azimov,1959,1969,Q4058348,
Uzbekistan,704,UZB,1964,Sarvar Azimov,1959,1969,Q4058348,
Uzbekistan,704,UZB,1965,Sarvar Azimov,1959,1969,Q4058348,
Uzbekistan,704,UZB,1966,Sarvar Azimov,1959,1969,Q4058348,
Uzbekistan,704,UZB,1967,Sarvar Azimov,1959,1969,Q4058348,
Uzbekistan,704,UZB,1968,Sarvar Azimov,1959,1969,Q4058348,
Uzbekistan,704,UZB,1969,Minavar Tursunov,1969,1980,Q15069170,Minavar Tursunov
Uzbekistan,704,UZB,1969,Sarvar Azimov,1959,1969,Q4058348,
Uzbekistan,704,UZB,1970,Minavar Tursunov,1969,1980,Q15069170,Minavar Tursunov
Uzbekistan,704,UZB,1971,Minavar Tursunov,1969,1980,Q15069170,Minavar Tursunov
Uzbekistan,704,UZB,1972,Minavar Tursunov,1969,1980,Q15069170,Minavar Tursunov
Uzbekistan,704,UZB,1973,Minavar Tursunov,1969,1980,Q15069170,Minavar Tursunov
Uzbekistan,704,UZB,1974,Minavar Tursunov,1969,1980,Q15069170,Minavar Tursunov
Uzbekistan,704,UZB,1975,Minavar Tursunov,1969,1980,Q15069170,Minavar Tursunov
Uzbekistan,704,UZB,1976,Minavar Tursunov,1969,1980,Q15069170,Minavar Tursunov
Uzbekistan,704,UZB,1977,Minavar Tursunov,1969,1980,Q15069170,Minavar Tursunov
Uzbekistan,704,UZB,1978,Minavar Tursunov,1969,1980,Q15069170,Minavar Tursunov
Uzbekistan,704,UZB,1979,Minavar Tursunov,1969,1980,Q15069170,Minavar Tursunov
Uzbekistan,704,UZB,1980,Bakhodir Abdurazzakov,1980,1985,Q4054621,
Uzbekistan,704,UZB,1980,Minavar Tursunov,1969,1980,Q15069170,Minavar Tursunov
Uzbekistan,704,UZB,1981,Bakhodir Abdurazzakov,1980,1985,Q4054621,
Uzbekistan,704,UZB,1982,Bakhodir Abdurazzakov,1980,1985,Q4054621,
Uzbekistan,704,UZB,1983,Bakhodir Abdurazzakov,1980,1985,Q4054621,
Uzbekistan,704,UZB,1984,Bakhodir Abdurazzakov,1980,1985,Q4054621,
Uzbekistan,704,UZB,1985,Bakhodir Abdurazzakov,1980,1985,Q4054621,
Uzbekistan,704,UZB,1985,Rafik Nishanov,1985,1986,Q668980,
Uzbekistan,704,UZB,1986,Sabitkhon Kurbonov,1986,1988,Q25528543,
Uzbekistan,704,UZB,1986,Rafik Nishanov,1985,1986,Q668980,
Uzbekistan,704,UZB,1987,Sabitkhon Kurbonov,1986,1988,Q25528543,
Uzbekistan,704,UZB,1988,Sarvar Azimov,1988,1991,Q4058348,
Uzbekistan,704,UZB,1988,Sabitkhon Kurbonov,1986,1988,Q25528543,
Uzbekistan,704,UZB,1989,Sarvar Azimov,1988,1991,Q4058348,
Uzbekistan,704,UZB,1990,Sarvar Azimov,1988,1991,Q4058348,
Uzbekistan,704,UZB,1991,Shakhlo Makhmudova,1991,1992,Q1689329,
Uzbekistan,704,UZB,1991,Sarvar Azimov,1988,1991,Q4058348,
Uzbekistan,704,UZB,1992,Shakhlo Makhmudova,1991,1992,Q1689329,
Uzbekistan,704,UZB,1992,Ubaidulla Abdurazzakov,1992,1993,Q21088057,
Uzbekistan,704,UZB,1993,Sadyk Safayev,1993,1993,Q2297311,
Uzbekistan,704,UZB,1993,Saidmukhtar Saidkasimov,1993,1994,,
Uzbekistan,704,UZB,1993,Ubaidulla Abdurazzakov,1992,1993,Q21088057,
Uzbekistan,704,UZB,1994,Abdulaziz Kamilov,1994,2003,Q317484,
Uzbekistan,704,UZB,1994,Saidmukhtar Saidkasimov,1993,1994,,
Uzbekistan,704,UZB,1995,Abdulaziz Kamilov,1994,2003,Q317484,
Uzbekistan,704,UZB,1996,Abdulaziz Kamilov,1994,2003,Q317484,
Uzbekistan,704,UZB,1997,Abdulaziz Kamilov,1994,2003,Q317484,
Uzbekistan,704,UZB,1998,Abdulaziz Kamilov,1994,2003,Q317484,
Uzbekistan,704,UZB,1999,Abdulaziz Kamilov,1994,2003,Q317484,
Uzbekistan,704,UZB,2000,Abdulaziz Kamilov,1994,2003,Q317484,
Uzbekistan,704,UZB,2001,Abdulaziz Kamilov,1994,2003,Q317484,
Uzbekistan,704,UZB,2002,Abdulaziz Kamilov,1994,2003,Q317484,
Uzbekistan,704,UZB,2003,Abdulaziz Kamilov,1994,2003,Q317484,
Uzbekistan,704,UZB,2003,Sadyk Safayev,2003,2005,Q2297311,
Uzbekistan,704,UZB,2004,Sadyk Safayev,2003,2005,Q2297311,
Uzbekistan,704,UZB,2005,Elyor Ganiyev,2005,2006,Q58320,Elyor Ganiyev
Uzbekistan,704,UZB,2005,Sadyk Safayev,2003,2005,Q2297311,
Uzbekistan,704,UZB,2006,Vladimir Norov,2006,2010,Q365665,Vladimir Norov
Uzbekistan,704,UZB,2006,Elyor Ganiyev,2005,2006,Q58320,Elyor Ganiyev
Uzbekistan,704,UZB,2007,Vladimir Norov,2006,2010,Q365665,Vladimir Norov
Uzbekistan,704,UZB,2008,Vladimir Norov,2006,2010,Q365665,Vladimir Norov
Uzbekistan,704,UZB,2009,Vladimir Norov,2006,2010,Q365665,Vladimir Norov
Uzbekistan,704,UZB,2010,Elyor Ganiyev,2010,2012,Q58320,Elyor Ganiyev
Uzbekistan,704,UZB,2010,Vladimir Norov,2006,2010,Q365665,Vladimir Norov
Uzbekistan,704,UZB,2011,Elyor Ganiyev,2010,2012,Q58320,Elyor Ganiyev
Uzbekistan,704,UZB,2012,Elyor Ganiyev,2010,2012,Q58320,Elyor Ganiyev
Uzbekistan,704,UZB,2012,Abdulaziz Kamilov,2012,2019,Q317484,
Uzbekistan,704,UZB,2013,Abdulaziz Kamilov,2012,2019,Q317484,
Uzbekistan,704,UZB,2014,Abdulaziz Kamilov,2012,2019,Q317484,
Uzbekistan,704,UZB,2015,Abdulaziz Kamilov,2012,2019,Q317484,
Uzbekistan,704,UZB,2016,Abdulaziz Kamilov,2012,2019,Q317484,
Uzbekistan,704,UZB,2017,Abdulaziz Kamilov,2012,2019,Q317484,
Uzbekistan,704,UZB,2018,Abdulaziz Kamilov,2012,2019,Q317484,
Uzbekistan,704,UZB,2019,Abdulaziz Kamilov,2012,2019,Q317484,
Vanuatu,935,VUT,1980,Walter Lini,1980,1983,Q724686,Walter Lini
Vanuatu,935,VUT,1981,Walter Lini,1980,1983,Q724686,Walter Lini
Vanuatu,935,VUT,1982,Walter Lini,1980,1983,Q724686,Walter Lini
Vanuatu,935,VUT,1983,Donald Kalpokas,1983,1983,Q1096208,Donald Kalpokas
Vanuatu,935,VUT,1983,Walter Lini,1980,1983,Q724686,Walter Lini
Vanuatu,935,VUT,1983,Sela Molisa,1983,1987,Q7447385,Sela Molisa
Vanuatu,935,VUT,1984,Sela Molisa,1983,1987,Q7447385,Sela Molisa
Vanuatu,935,VUT,1985,Sela Molisa,1983,1987,Q7447385,Sela Molisa
Vanuatu,935,VUT,1986,Sela Molisa,1983,1987,Q7447385,Sela Molisa
Vanuatu,935,VUT,1987,Donald Kalpokas,1987,1991,Q1096208,Donald Kalpokas
Vanuatu,935,VUT,1987,Sela Molisa,1983,1987,Q7447385,Sela Molisa
Vanuatu,935,VUT,1988,Barak Sopé,1988,1988,Q807232,Barak Sopé
Vanuatu,935,VUT,1988,Donald Kalpokas,1987,1991,Q1096208,Donald Kalpokas
Vanuatu,935,VUT,1989,Donald Kalpokas,1987,1991,Q1096208,Donald Kalpokas
Vanuatu,935,VUT,1990,Donald Kalpokas,1987,1991,Q1096208,Donald Kalpokas
Vanuatu,935,VUT,1991,Edward Natapei,1991,1991,Q379550,Edward Natapei
Vanuatu,935,VUT,1991,Donald Kalpokas,1987,1991,Q1096208,Donald Kalpokas
Vanuatu,935,VUT,1991,Serge Vohor,1991,1993,Q736823,Serge Vohor
Vanuatu,935,VUT,1992,Serge Vohor,1991,1993,Q736823,Serge Vohor
Vanuatu,935,VUT,1993,Maxime Carlot Korman,1993,1995,Q933149,Maxime Carlot Korman
Vanuatu,935,VUT,1993,Serge Vohor,1991,1993,Q736823,Serge Vohor
Vanuatu,935,VUT,1994,Maxime Carlot Korman,1993,1995,Q933149,Maxime Carlot Korman
Vanuatu,935,VUT,1995,Maxime Carlot Korman,1993,1995,Q933149,Maxime Carlot Korman
Vanuatu,935,VUT,1995,Alfred Maseng,1995,1996,Q888602,Alfred Maseng
Vanuatu,935,VUT,1996,Willie Jimmy,1996,1997,Q8021603,Willie Jimmy
Vanuatu,935,VUT,1996,Amos Bangabiti,1996,1996,,
Vanuatu,935,VUT,1996,Alfred Maseng,1995,1996,Q888602,Alfred Maseng
Vanuatu,935,VUT,1997,Vital Soksok,1997,1998,,
Vanuatu,935,VUT,1997,Willie Jimmy,1996,1997,Q8021603,Willie Jimmy
Vanuatu,935,VUT,1997,Amos Andeng,1997,1997,,
Vanuatu,935,VUT,1998,Clement Leo,1998,1999,,
Vanuatu,935,VUT,1998,Donald Kalpokas,1998,1998,Q1096208,Donald Kalpokas
Vanuatu,935,VUT,1998,Vital Soksok,1997,1998,,
Vanuatu,935,VUT,1999,Clement Leo,1998,1999,,
Vanuatu,935,VUT,1999,Serge Vohor,1999,2001,Q736823,Serge Vohor
Vanuatu,935,VUT,2000,Serge Vohor,1999,2001,Q736823,Serge Vohor
Vanuatu,935,VUT,2001,Alain Mahe,2001,2002,,
Vanuatu,935,VUT,2001,Serge Vohor,1999,2001,Q736823,Serge Vohor
Vanuatu,935,VUT,2002,Serge Vohor,2002,2003,Q736823,Serge Vohor
Vanuatu,935,VUT,2002,Alain Mahe,2001,2002,,
Vanuatu,935,VUT,2003,Serge Vohor,2002,2003,Q736823,Serge Vohor
Vanuatu,935,VUT,2003,Moana Carcasses Kalosil,2003,2004,Q3317554,Moana Carcasses Kalosil
Vanuatu,935,VUT,2004,Sato Kilman,2004,2007,Q469823,Sato Kilman
Vanuatu,935,VUT,2004,Marcellino Pipite,2004,2004,Q6756389,Marcellino Pipite
Vanuatu,935,VUT,2004,Moana Carcasses Kalosil,2003,2004,Q3317554,Moana Carcasses Kalosil
Vanuatu,935,VUT,2004,Barak Sopé,2004,2004,Q807232,Barak Sopé
Vanuatu,935,VUT,2005,Sato Kilman,2004,2007,Q469823,Sato Kilman
Vanuatu,935,VUT,2006,Sato Kilman,2004,2007,Q469823,Sato Kilman
Vanuatu,935,VUT,2007,Sato Kilman,2004,2007,Q469823,Sato Kilman
Vanuatu,935,VUT,2007,George Wells,2007,2008,Q5546148,George Wells
Vanuatu,935,VUT,2008,Bakoa Kaltongga,2008,2009,Q7126017,
Vanuatu,935,VUT,2008,George Wells,2007,2008,Q5546148,George Wells
Vanuatu,935,VUT,2009,Joe Natuman,2009,2010,Q58222,Joe Natuman
Vanuatu,935,VUT,2009,Bakoa Kaltongga,2008,2009,Q7126017,
Vanuatu,935,VUT,2010,George Wells,2010,2011,Q5546148,George Wells
Vanuatu,935,VUT,2010,Joe Natuman,2009,2010,Q58222,Joe Natuman
Vanuatu,935,VUT,2011,George Wells,2011,2011,Q5546148,George Wells
Vanuatu,935,VUT,2011,George Wells,2010,2011,Q5546148,George Wells
Vanuatu,935,VUT,2011,Alfred Carlot,2011,2013,,
Vanuatu,935,VUT,2011,Alfred Carlot,2011,2011,,
Vanuatu,935,VUT,2011,Joe Natuman,2011,2011,Q58222,Joe Natuman
Vanuatu,935,VUT,2012,Alfred Carlot,2011,2013,,
Vanuatu,935,VUT,2013,Edward Natapei,2013,2014,Q379550,Edward Natapei
Vanuatu,935,VUT,2013,Alfred Carlot,2011,2013,,
Vanuatu,935,VUT,2014,Edward Natapei,2013,2014,Q379550,Edward Natapei
Vanuatu,935,VUT,2014,Sato Kilman,2014,2015,Q469823,Sato Kilman
Vanuatu,935,VUT,2015,Serge Vohor,2015,2015,Q736823,Serge Vohor
Vanuatu,935,VUT,2015,Kalvau Moli,2015,2015,,
Vanuatu,935,VUT,2015,Sato Kilman,2014,2015,Q469823,Sato Kilman
Vanuatu,935,VUT,2015,Havo Moli,2015,2016,Q22963618,
Vanuatu,935,VUT,2016,Bruno Leingkone,2016,2017,Q24950893,Bruno Leingkone
Vanuatu,935,VUT,2016,Havo Moli,2015,2016,Q22963618,
Vanuatu,935,VUT,2017,Ralph Regenvanu,2017,2019,Q578951,Ralph Regenvanu
Vanuatu,935,VUT,2017,Bruno Leingkone,2016,2017,Q24950893,Bruno Leingkone
Vanuatu,935,VUT,2018,Ralph Regenvanu,2017,2019,Q578951,Ralph Regenvanu
Vanuatu,935,VUT,2019,Ralph Regenvanu,2017,2019,Q578951,Ralph Regenvanu
Venezuela,101,VEN,1948,Luis Emilio Gómez Ruiz,1948,1952,Q5983250,Luis Emilio Gómez Ruiz
Venezuela,101,VEN,1949,Luis Emilio Gómez Ruiz,1948,1952,Q5983250,Luis Emilio Gómez Ruiz
Venezuela,101,VEN,1950,Luis Emilio Gómez Ruiz,1948,1952,Q5983250,Luis Emilio Gómez Ruiz
Venezuela,101,VEN,1951,Luis Emilio Gómez Ruiz,1948,1952,Q5983250,Luis Emilio Gómez Ruiz
Venezuela,101,VEN,1952,Aureliano Otáñez,1952,1956,Q47012303,
Venezuela,101,VEN,1952,Luis Emilio Gómez Ruiz,1948,1952,Q5983250,Luis Emilio Gómez Ruiz
Venezuela,101,VEN,1953,Aureliano Otáñez,1952,1956,Q47012303,
Venezuela,101,VEN,1954,Aureliano Otáñez,1952,1956,Q47012303,
Venezuela,101,VEN,1955,Aureliano Otáñez,1952,1956,Q47012303,
Venezuela,101,VEN,1956,José Loreto Arismendi,1956,1958,Q9013996,José Loreto Arismendi
Venezuela,101,VEN,1956,Aureliano Otáñez,1952,1956,Q47012303,
Venezuela,101,VEN,1957,José Loreto Arismendi,1956,1958,Q9013996,José Loreto Arismendi
Venezuela,101,VEN,1958,Carlos Felice Cardot,1958,1958,,
Venezuela,101,VEN,1958,René De Sola,1958,1959,,
Venezuela,101,VEN,1958,José Loreto Arismendi,1956,1958,Q9013996,José Loreto Arismendi
Venezuela,101,VEN,1958,Óscar García Velutini,1958,1958,,
Venezuela,101,VEN,1959,René De Sola,1958,1959,,
Venezuela,101,VEN,1959,Ignacio Luis Arcaya,1959,1960,Q5992353,Ignacio Luis Arcaya
Venezuela,101,VEN,1960,Ignacio Luis Arcaya,1959,1960,Q5992353,Ignacio Luis Arcaya
Venezuela,101,VEN,1960,Marcos Falcón Briceño,1960,1964,Q18628956,Marcos Falcón Briceño
Venezuela,101,VEN,1961,Marcos Falcón Briceño,1960,1964,Q18628956,Marcos Falcón Briceño
Venezuela,101,VEN,1962,Marcos Falcón Briceño,1960,1964,Q18628956,Marcos Falcón Briceño
Venezuela,101,VEN,1963,Marcos Falcón Briceño,1960,1964,Q18628956,Marcos Falcón Briceño
Venezuela,101,VEN,1964,Ignacio Iribarren Borges,1964,1969,Q16656117,Ignacio Iribarren Borges
Venezuela,101,VEN,1964,Marcos Falcón Briceño,1960,1964,Q18628956,Marcos Falcón Briceño
Venezuela,101,VEN,1965,Ignacio Iribarren Borges,1964,1969,Q16656117,Ignacio Iribarren Borges
Venezuela,101,VEN,1966,Ignacio Iribarren Borges,1964,1969,Q16656117,Ignacio Iribarren Borges
Venezuela,101,VEN,1967,Ignacio Iribarren Borges,1964,1969,Q16656117,Ignacio Iribarren Borges
Venezuela,101,VEN,1968,Ignacio Iribarren Borges,1964,1969,Q16656117,Ignacio Iribarren Borges
Venezuela,101,VEN,1969,Arístides Calvani,1969,1974,Q5704182,Arístides Calvani
Venezuela,101,VEN,1969,Ignacio Iribarren Borges,1964,1969,Q16656117,Ignacio Iribarren Borges
Venezuela,101,VEN,1970,Arístides Calvani,1969,1974,Q5704182,Arístides Calvani
Venezuela,101,VEN,1971,Arístides Calvani,1969,1974,Q5704182,Arístides Calvani
Venezuela,101,VEN,1972,Arístides Calvani,1969,1974,Q5704182,Arístides Calvani
Venezuela,101,VEN,1973,Arístides Calvani,1969,1974,Q5704182,Arístides Calvani
Venezuela,101,VEN,1974,Arístides Calvani,1969,1974,Q5704182,Arístides Calvani
Venezuela,101,VEN,1974,Efraín Schacht Aristeguieta,1974,1975,Q16335711,
Venezuela,101,VEN,1975,Efraín Schacht Aristeguieta,1974,1975,Q16335711,
Venezuela,101,VEN,1975,Ramón Escovar Salom,1975,1977,Q6099588,Ramón Escovar Salom
Venezuela,101,VEN,1976,Ramón Escovar Salom,1975,1977,Q6099588,Ramón Escovar Salom
Venezuela,101,VEN,1977,Ramón Escovar Salom,1975,1977,Q6099588,Ramón Escovar Salom
Venezuela,101,VEN,1977,Simón Alberto Consalvi,1977,1979,Q7521428,Simón Alberto Consalvi
Venezuela,101,VEN,1978,Simón Alberto Consalvi,1977,1979,Q7521428,Simón Alberto Consalvi
Venezuela,101,VEN,1979,José Alberto Zambrano Velasco,1979,1984,Q16694132,José Alberto Zambrano Velasco
Venezuela,101,VEN,1979,Simón Alberto Consalvi,1977,1979,Q7521428,Simón Alberto Consalvi
Venezuela,101,VEN,1980,José Alberto Zambrano Velasco,1979,1984,Q16694132,José Alberto Zambrano Velasco
Venezuela,101,VEN,1981,José Alberto Zambrano Velasco,1979,1984,Q16694132,José Alberto Zambrano Velasco
Venezuela,101,VEN,1982,José Alberto Zambrano Velasco,1979,1984,Q16694132,José Alberto Zambrano Velasco
Venezuela,101,VEN,1983,José Alberto Zambrano Velasco,1979,1984,Q16694132,José Alberto Zambrano Velasco
Venezuela,101,VEN,1984,José Alberto Zambrano Velasco,1979,1984,Q16694132,José Alberto Zambrano Velasco
Venezuela,101,VEN,1984,Isidro Morales Paúl,1984,1985,Q100148949,
Venezuela,101,VEN,1985,Isidro Morales Paúl,1984,1985,Q100148949,
Venezuela,101,VEN,1985,Simón Alberto Consalvi,1985,1988,Q7521428,Simón Alberto Consalvi
Venezuela,101,VEN,1986,Simón Alberto Consalvi,1985,1988,Q7521428,Simón Alberto Consalvi
Venezuela,101,VEN,1987,Simón Alberto Consalvi,1985,1988,Q7521428,Simón Alberto Consalvi
Venezuela,101,VEN,1988,Germán Nava Carrillo,1988,1989,,
Venezuela,101,VEN,1988,Simón Alberto Consalvi,1985,1988,Q7521428,Simón Alberto Consalvi
Venezuela,101,VEN,1989,Reinaldo Figueredo,1989,1991,,
Venezuela,101,VEN,1989,Enrique Tejera París,1989,1989,Q5833866,Enrique Tejera París
Venezuela,101,VEN,1989,Germán Nava Carrillo,1988,1989,,
Venezuela,101,VEN,1990,Reinaldo Figueredo,1989,1991,,
Venezuela,101,VEN,1991,Armando Durán,1991,1992,Q5704479,Armando Durán
Venezuela,101,VEN,1991,Reinaldo Figueredo,1989,1991,,
Venezuela,101,VEN,1992,Humberto Calderón Berti,1992,1992,Q5904874,
Venezuela,101,VEN,1992,Armando Durán,1991,1992,Q5704479,Armando Durán
Venezuela,101,VEN,1992,Fernando Ochoa Antich,1992,1994,Q5859997,Fernando Ochoa Antich
Venezuela,101,VEN,1993,Fernando Ochoa Antich,1992,1994,Q5859997,Fernando Ochoa Antich
Venezuela,101,VEN,1994,Fernando Ochoa Antich,1992,1994,Q5859997,Fernando Ochoa Antich
Venezuela,101,VEN,1994,Miguel Ángel Burelli Rivas,1994,1999,Q5576556,Miguel Ángel Burelli Rivas
Venezuela,101,VEN,1995,Miguel Ángel Burelli Rivas,1994,1999,Q5576556,Miguel Ángel Burelli Rivas
Venezuela,101,VEN,1996,Miguel Ángel Burelli Rivas,1994,1999,Q5576556,Miguel Ángel Burelli Rivas
Venezuela,101,VEN,1997,Miguel Ángel Burelli Rivas,1994,1999,Q5576556,Miguel Ángel Burelli Rivas
Venezuela,101,VEN,1998,Miguel Ángel Burelli Rivas,1994,1999,Q5576556,Miguel Ángel Burelli Rivas
Venezuela,101,VEN,1999,José Vicente Rangel,1999,2001,Q716294,José Vicente Rangel
Venezuela,101,VEN,1999,Miguel Ángel Burelli Rivas,1994,1999,Q5576556,Miguel Ángel Burelli Rivas
Venezuela,101,VEN,2000,José Vicente Rangel,1999,2001,Q716294,José Vicente Rangel
Venezuela,101,VEN,2001,Luis Alfonso Dávila,2001,2002,Q16106233,Luis Alfonso Dávila
Venezuela,101,VEN,2001,José Vicente Rangel,1999,2001,Q716294,José Vicente Rangel
Venezuela,101,VEN,2002,Roy Chaderton,2002,2004,Q7372656,Roy Chaderton
Venezuela,101,VEN,2002,Luis Alfonso Dávila,2002,2002,Q16106233,Luis Alfonso Dávila
Venezuela,101,VEN,2002,José Rodríguez Iturbe,2002,2002,,
Venezuela,101,VEN,2002,Luis Alfonso Dávila,2001,2002,Q16106233,Luis Alfonso Dávila
Venezuela,101,VEN,2003,Roy Chaderton,2002,2004,Q7372656,Roy Chaderton
Venezuela,101,VEN,2004,Jesús Pérez,2004,2004,,
Venezuela,101,VEN,2004,Alí Rodríguez Araque,2004,2006,Q2855363,Alí Rodríguez Araque
Venezuela,101,VEN,2004,Roy Chaderton,2002,2004,Q7372656,Roy Chaderton
Venezuela,101,VEN,2005,Alí Rodríguez Araque,2004,2006,Q2855363,Alí Rodríguez Araque
Venezuela,101,VEN,2006,Nicolás Maduro,2006,2013,Q58132,Nicolás Maduro
Venezuela,101,VEN,2006,Alí Rodríguez Araque,2004,2006,Q2855363,Alí Rodríguez Araque
Venezuela,101,VEN,2007,Nicolás Maduro,2006,2013,Q58132,Nicolás Maduro
Venezuela,101,VEN,2008,Nicolás Maduro,2006,2013,Q58132,Nicolás Maduro
Venezuela,101,VEN,2009,Nicolás Maduro,2006,2013,Q58132,Nicolás Maduro
Venezuela,101,VEN,2010,Nicolás Maduro,2006,2013,Q58132,Nicolás Maduro
Venezuela,101,VEN,2011,Nicolás Maduro,2006,2013,Q58132,Nicolás Maduro
Venezuela,101,VEN,2012,Nicolás Maduro,2006,2013,Q58132,Nicolás Maduro
Venezuela,101,VEN,2013,Elías Jaua,2013,2014,Q1334512,Elías Jaua
Venezuela,101,VEN,2013,Nicolás Maduro,2006,2013,Q58132,Nicolás Maduro
Venezuela,101,VEN,2014,Elías Jaua,2013,2014,Q1334512,Elías Jaua
Venezuela,101,VEN,2014,Rafael Ramírez,2014,2014,Q2127006,Rafael Ramírez
Venezuela,101,VEN,2014,Delcy Rodríguez,2014,2017,Q15081116,Delcy Rodríguez
Venezuela,101,VEN,2015,Delcy Rodríguez,2014,2017,Q15081116,Delcy Rodríguez
Venezuela,101,VEN,2016,Delcy Rodríguez,2014,2017,Q15081116,Delcy Rodríguez
Venezuela,101,VEN,2017,Delcy Rodríguez,2014,2017,Q15081116,Delcy Rodríguez
Venezuela,101,VEN,2017,Jorge Arreaza,2017,2019,Q6623799,Jorge Arreaza
Venezuela,101,VEN,2017,Samuel Moncada,2017,2017,Q30505969,Samuel Moncada
Venezuela,101,VEN,2018,Jorge Arreaza,2017,2019,Q6623799,Jorge Arreaza
Venezuela,101,VEN,2019,Jorge Arreaza,2017,2019,Q6623799,Jorge Arreaza
Vietnam,816,VNM,1976,Nguyen Duy Trinh,1976,1980,Q10799077,
Vietnam,816,VNM,1977,Nguyen Duy Trinh,1976,1980,Q10799077,
Vietnam,816,VNM,1978,Nguyen Duy Trinh,1976,1980,Q10799077,
Vietnam,816,VNM,1979,Nguyen Duy Trinh,1976,1980,Q10799077,
Vietnam,816,VNM,1980,Nguyen Duy Trinh,1976,1980,Q10799077,
Vietnam,816,VNM,1980,Nguyen Co Thach,1980,1991,Q10799024,Nguyen Co Thach
Vietnam,816,VNM,1981,Nguyen Co Thach,1980,1991,Q10799024,Nguyen Co Thach
Vietnam,816,VNM,1982,Nguyen Co Thach,1980,1991,Q10799024,Nguyen Co Thach
Vietnam,816,VNM,1983,Nguyen Co Thach,1980,1991,Q10799024,Nguyen Co Thach
Vietnam,816,VNM,1984,Nguyen Co Thach,1980,1991,Q10799024,Nguyen Co Thach
Vietnam,816,VNM,1985,Nguyen Co Thach,1980,1991,Q10799024,Nguyen Co Thach
Vietnam,816,VNM,1986,Nguyen Co Thach,1980,1991,Q10799024,Nguyen Co Thach
Vietnam,816,VNM,1987,Nguyen Co Thach,1980,1991,Q10799024,Nguyen Co Thach
Vietnam,816,VNM,1988,Nguyen Co Thach,1980,1991,Q10799024,Nguyen Co Thach
Vietnam,816,VNM,1989,Nguyen Co Thach,1980,1991,Q10799024,Nguyen Co Thach
Vietnam,816,VNM,1990,Nguyen Co Thach,1980,1991,Q10799024,Nguyen Co Thach
Vietnam,816,VNM,1991,Nguyen Manh Cam,1991,2000,Q10799296,
Vietnam,816,VNM,1991,Nguyen Co Thach,1980,1991,Q10799024,Nguyen Co Thach
Vietnam,816,VNM,1992,Nguyen Manh Cam,1991,2000,Q10799296,
Vietnam,816,VNM,1993,Nguyen Manh Cam,1991,2000,Q10799296,
Vietnam,816,VNM,1994,Nguyen Manh Cam,1991,2000,Q10799296,
Vietnam,816,VNM,1995,Nguyen Manh Cam,1991,2000,Q10799296,
Vietnam,816,VNM,1996,Nguyen Manh Cam,1991,2000,Q10799296,
Vietnam,816,VNM,1997,Nguyen Manh Cam,1991,2000,Q10799296,
Vietnam,816,VNM,1998,Nguyen Manh Cam,1991,2000,Q10799296,
Vietnam,816,VNM,1999,Nguyen Manh Cam,1991,2000,Q10799296,
Vietnam,816,VNM,2000,Nguyen Dy Nien,2000,2006,Q10799078,
Vietnam,816,VNM,2000,Nguyen Manh Cam,1991,2000,Q10799296,
Vietnam,816,VNM,2001,Nguyen Dy Nien,2000,2006,Q10799078,
Vietnam,816,VNM,2002,Nguyen Dy Nien,2000,2006,Q10799078,
Vietnam,816,VNM,2003,Nguyen Dy Nien,2000,2006,Q10799078,
Vietnam,816,VNM,2004,Nguyen Dy Nien,2000,2006,Q10799078,
Vietnam,816,VNM,2005,Nguyen Dy Nien,2000,2006,Q10799078,
Vietnam,816,VNM,2006,Nguyen Dy Nien,2000,2006,Q10799078,
Vietnam,816,VNM,2006,Pham Gia Khiem,2006,2011,Q58170,Pham Gia Khiem
Vietnam,816,VNM,2007,Pham Gia Khiem,2006,2011,Q58170,Pham Gia Khiem
Vietnam,816,VNM,2008,Pham Gia Khiem,2006,2011,Q58170,Pham Gia Khiem
Vietnam,816,VNM,2009,Pham Gia Khiem,2006,2011,Q58170,Pham Gia Khiem
Vietnam,816,VNM,2010,Pham Gia Khiem,2006,2011,Q58170,Pham Gia Khiem
Vietnam,816,VNM,2011,Pham Gia Khiem,2006,2011,Q58170,Pham Gia Khiem
Vietnam,816,VNM,2011,Pham Binh Minh,2011,2019,Q10806892,
Vietnam,816,VNM,2012,Pham Binh Minh,2011,2019,Q10806892,
Vietnam,816,VNM,2013,Pham Binh Minh,2011,2019,Q10806892,
Vietnam,816,VNM,2014,Pham Binh Minh,2011,2019,Q10806892,
Vietnam,816,VNM,2015,Pham Binh Minh,2011,2019,Q10806892,
Vietnam,816,VNM,2016,Pham Binh Minh,2011,2019,Q10806892,
Vietnam,816,VNM,2017,Pham Binh Minh,2011,2019,Q10806892,
Vietnam,816,VNM,2018,Pham Binh Minh,2011,2019,Q10806892,
Vietnam,816,VNM,2019,Pham Binh Minh,2011,2019,Q10806892,
West Germany,260,FRG,1951,Konrad Adenauer,1951,1955,Q2492,Konrad Adenauer
West Germany,260,FRG,1952,Konrad Adenauer,1951,1955,Q2492,Konrad Adenauer
West Germany,260,FRG,1953,Konrad Adenauer,1951,1955,Q2492,Konrad Adenauer
West Germany,260,FRG,1954,Konrad Adenauer,1951,1955,Q2492,Konrad Adenauer
West Germany,260,FRG,1955,Heinrich von Brentano,1955,1961,Q60954,Heinrich von Brentano
West Germany,260,FRG,1955,Konrad Adenauer,1951,1955,Q2492,Konrad Adenauer
West Germany,260,FRG,1956,Heinrich von Brentano,1955,1961,Q60954,Heinrich von Brentano
West Germany,260,FRG,1957,Heinrich von Brentano,1955,1961,Q60954,Heinrich von Brentano
West Germany,260,FRG,1958,Heinrich von Brentano,1955,1961,Q60954,Heinrich von Brentano
West Germany,260,FRG,1959,Heinrich von Brentano,1955,1961,Q60954,Heinrich von Brentano
West Germany,260,FRG,1960,Heinrich von Brentano,1955,1961,Q60954,Heinrich von Brentano
West Germany,260,FRG,1961,Heinrich von Brentano,1955,1961,Q60954,Heinrich von Brentano
West Germany,260,FRG,1961,Gerhard Schröder,1961,1966,Q60781,Gerhard Schröder
West Germany,260,FRG,1962,Gerhard Schröder,1961,1966,Q60781,Gerhard Schröder
West Germany,260,FRG,1963,Gerhard Schröder,1961,1966,Q60781,Gerhard Schröder
West Germany,260,FRG,1964,Gerhard Schröder,1961,1966,Q60781,Gerhard Schröder
West Germany,260,FRG,1965,Gerhard Schröder,1961,1966,Q60781,Gerhard Schröder
West Germany,260,FRG,1966,Gerhard Schröder,1961,1966,Q60781,Gerhard Schröder
West Germany,260,FRG,1966,Willy Brandt,1966,1969,Q2514,Willy Brandt
West Germany,260,FRG,1967,Willy Brandt,1966,1969,Q2514,Willy Brandt
West Germany,260,FRG,1968,Willy Brandt,1966,1969,Q2514,Willy Brandt
West Germany,260,FRG,1969,Walter Scheel,1969,1974,Q2571,Walter Scheel
West Germany,260,FRG,1969,Willy Brandt,1966,1969,Q2514,Willy Brandt
West Germany,260,FRG,1970,Walter Scheel,1969,1974,Q2571,Walter Scheel
West Germany,260,FRG,1971,Walter Scheel,1969,1974,Q2571,Walter Scheel
West Germany,260,FRG,1972,Walter Scheel,1969,1974,Q2571,Walter Scheel
West Germany,260,FRG,1973,Walter Scheel,1969,1974,Q2571,Walter Scheel
West Germany,260,FRG,1974,Walter Scheel,1969,1974,Q2571,Walter Scheel
West Germany,260,FRG,1974,Hans-Dietrich Genscher,1974,1982,Q106235,Hans-Dietrich Genscher
West Germany,260,FRG,1975,Hans-Dietrich Genscher,1974,1982,Q106235,Hans-Dietrich Genscher
West Germany,260,FRG,1976,Hans-Dietrich Genscher,1974,1982,Q106235,Hans-Dietrich Genscher
West Germany,260,FRG,1977,Hans-Dietrich Genscher,1974,1982,Q106235,Hans-Dietrich Genscher
West Germany,260,FRG,1978,Hans-Dietrich Genscher,1974,1982,Q106235,Hans-Dietrich Genscher
West Germany,260,FRG,1979,Hans-Dietrich Genscher,1974,1982,Q106235,Hans-Dietrich Genscher
West Germany,260,FRG,1980,Hans-Dietrich Genscher,1974,1982,Q106235,Hans-Dietrich Genscher
West Germany,260,FRG,1981,Hans-Dietrich Genscher,1974,1982,Q106235,Hans-Dietrich Genscher
West Germany,260,FRG,1982,Helmut Schmidt,1982,1982,Q2516,Helmut Schmidt
West Germany,260,FRG,1982,Hans-Dietrich Genscher,1982,1992,Q106235,Hans-Dietrich Genscher
West Germany,260,FRG,1982,Hans-Dietrich Genscher,1974,1982,Q106235,Hans-Dietrich Genscher
West Germany,260,FRG,1983,Hans-Dietrich Genscher,1982,1992,Q106235,Hans-Dietrich Genscher
West Germany,260,FRG,1984,Hans-Dietrich Genscher,1982,1992,Q106235,Hans-Dietrich Genscher
West Germany,260,FRG,1985,Hans-Dietrich Genscher,1982,1992,Q106235,Hans-Dietrich Genscher
West Germany,260,FRG,1986,Hans-Dietrich Genscher,1982,1992,Q106235,Hans-Dietrich Genscher
West Germany,260,FRG,1987,Hans-Dietrich Genscher,1982,1992,Q106235,Hans-Dietrich Genscher
West Germany,260,FRG,1988,Hans-Dietrich Genscher,1982,1992,Q106235,Hans-Dietrich Genscher
West Germany,260,FRG,1989,Hans-Dietrich Genscher,1982,1992,Q106235,Hans-Dietrich Genscher
West Germany,260,FRG,1990,Hans-Dietrich Genscher,1982,1992,Q106235,Hans-Dietrich Genscher
West Germany,260,FRG,1991,Hans-Dietrich Genscher,1982,1992,Q106235,Hans-Dietrich Genscher
West Germany,260,FRG,1992,Klaus Kinkel,1992,1998,Q159913,Klaus Kinkel
West Germany,260,FRG,1992,Hans-Dietrich Genscher,1982,1992,Q106235,Hans-Dietrich Genscher
West Germany,260,FRG,1993,Klaus Kinkel,1992,1998,Q159913,Klaus Kinkel
West Germany,260,FRG,1994,Klaus Kinkel,1992,1998,Q159913,Klaus Kinkel
West Germany,260,FRG,1995,Klaus Kinkel,1992,1998,Q159913,Klaus Kinkel
West Germany,260,FRG,1996,Klaus Kinkel,1992,1998,Q159913,Klaus Kinkel
West Germany,260,FRG,1997,Klaus Kinkel,1992,1998,Q159913,Klaus Kinkel
West Germany,260,FRG,1998,Joschka Fischer,1998,2005,Q57344,Joschka Fischer
West Germany,260,FRG,1998,Klaus Kinkel,1992,1998,Q159913,Klaus Kinkel
West Germany,260,FRG,1999,Joschka Fischer,1998,2005,Q57344,Joschka Fischer
West Germany,260,FRG,2000,Joschka Fischer,1998,2005,Q57344,Joschka Fischer
West Germany,260,FRG,2001,Joschka Fischer,1998,2005,Q57344,Joschka Fischer
West Germany,260,FRG,2002,Joschka Fischer,1998,2005,Q57344,Joschka Fischer
West Germany,260,FRG,2003,Joschka Fischer,1998,2005,Q57344,Joschka Fischer
West Germany,260,FRG,2004,Joschka Fischer,1998,2005,Q57344,Joschka Fischer
West Germany,260,FRG,2005,Frank-Walter Steinmeier,2005,2009,Q76658,Frank-Walter Steinmeier
West Germany,260,FRG,2005,Joschka Fischer,1998,2005,Q57344,Joschka Fischer
West Germany,260,FRG,2006,Frank-Walter Steinmeier,2005,2009,Q76658,Frank-Walter Steinmeier
West Germany,260,FRG,2007,Frank-Walter Steinmeier,2005,2009,Q76658,Frank-Walter Steinmeier
West Germany,260,FRG,2008,Frank-Walter Steinmeier,2005,2009,Q76658,Frank-Walter Steinmeier
West Germany,260,FRG,2009,Guido Westerwelle,2009,2013,Q58284,Guido Westerwelle
West Germany,260,FRG,2009,Frank-Walter Steinmeier,2005,2009,Q76658,Frank-Walter Steinmeier
West Germany,260,FRG,2010,Guido Westerwelle,2009,2013,Q58284,Guido Westerwelle
West Germany,260,FRG,2011,Guido Westerwelle,2009,2013,Q58284,Guido Westerwelle
West Germany,260,FRG,2012,Guido Westerwelle,2009,2013,Q58284,Guido Westerwelle
West Germany,260,FRG,2013,Guido Westerwelle,2009,2013,Q58284,Guido Westerwelle
West Germany,260,FRG,2013,Frank-Walter Steinmeier,2013,2017,Q76658,Frank-Walter Steinmeier
West Germany,260,FRG,2014,Frank-Walter Steinmeier,2013,2017,Q76658,Frank-Walter Steinmeier
West Germany,260,FRG,2015,Frank-Walter Steinmeier,2013,2017,Q76658,Frank-Walter Steinmeier
West Germany,260,FRG,2016,Frank-Walter Steinmeier,2013,2017,Q76658,Frank-Walter Steinmeier
West Germany,260,FRG,2017,Frank-Walter Steinmeier,2013,2017,Q76658,Frank-Walter Steinmeier
West Germany,260,FRG,2017,Sigmar Gabriel,2017,2018,Q160902,Sigmar Gabriel
West Germany,260,FRG,2018,Heiko Maas,2018,2019,Q108447,Heiko Maas
West Germany,260,FRG,2018,Sigmar Gabriel,2017,2018,Q160902,Sigmar Gabriel
West Germany,260,FRG,2019,Heiko Maas,2018,2019,Q108447,Heiko Maas
"Yemen, Republic",679,YEM,1948,Abdullah ibn Yahya,1948,1955,,
"Yemen, Republic",679,YEM,1949,Abdullah ibn Yahya,1948,1955,,
"Yemen, Republic",679,YEM,1950,Abdullah ibn Yahya,1948,1955,,
"Yemen, Republic",679,YEM,1951,Abdullah ibn Yahya,1948,1955,,
"Yemen, Republic",679,YEM,1952,Abdullah ibn Yahya,1948,1955,,
"Yemen, Republic",679,YEM,1953,Abdullah ibn Yahya,1948,1955,,
"Yemen, Republic",679,YEM,1954,Abdullah ibn Yahya,1948,1955,,
"Yemen, Republic",679,YEM,1955,Muhammad al-Badr,1955,1962,Q711230,Muhammad al-Badr
"Yemen, Republic",679,YEM,1955,Abdullah ibn Yahya,1948,1955,,
"Yemen, Republic",679,YEM,1956,Muhammad al-Badr,1955,1962,Q711230,Muhammad al-Badr
"Yemen, Republic",679,YEM,1957,Muhammad al-Badr,1955,1962,Q711230,Muhammad al-Badr
"Yemen, Republic",679,YEM,1958,Muhammad al-Badr,1955,1962,Q711230,Muhammad al-Badr
"Yemen, Republic",679,YEM,1959,Muhammad al-Badr,1955,1962,Q711230,Muhammad al-Badr
"Yemen, Republic",679,YEM,1960,Muhammad al-Badr,1955,1962,Q711230,Muhammad al-Badr
"Yemen, Republic",679,YEM,1961,Muhammad al-Badr,1955,1962,Q711230,Muhammad al-Badr
"Yemen, Republic",679,YEM,1962,Muhammad al-Badr,1955,1962,Q711230,Muhammad al-Badr
"Yemen, Republic",679,YEM,1962,Ahmad al-Shami,1962,1968,,
"Yemen, Republic",679,YEM,1962,Mohsin al-Aini,1962,1962,Q4058917,
"Yemen, Republic",679,YEM,1962,Abdul Rahman al-Baidani,1962,1963,,
"Yemen, Republic",679,YEM,1963,Abdullah al-Sallal,1963,1963,Q317752,
"Yemen, Republic",679,YEM,1963,Abdul Rahman al-Baidani,1962,1963,,
"Yemen, Republic",679,YEM,1963,Mustafa Yaqub,1963,1964,,
"Yemen, Republic",679,YEM,1963,Ahmad al-Shami,1962,1968,,
"Yemen, Republic",679,YEM,1964,Mohsin al-Sirri,1964,1965,,
"Yemen, Republic",679,YEM,1964,Ahmad al-Shami,1962,1968,,
"Yemen, Republic",679,YEM,1964,Mustafa Yaqub,1963,1964,,
"Yemen, Republic",679,YEM,1964,Hassan Muhammad Makki,1964,1964,Q15197815,Hassan Muhammad Makki
"Yemen, Republic",679,YEM,1965,Ahmad al-Shami,1962,1968,,
"Yemen, Republic",679,YEM,1965,Mustafa Yaqub,1965,1966,,
"Yemen, Republic",679,YEM,1965,Mohsin al-Sirri,1964,1965,,
"Yemen, Republic",679,YEM,1965,Abdul Qawi Hamim,1965,1965,,
"Yemen, Republic",679,YEM,1965,Mohsin al-Aini,1965,1965,Q4058917,
"Yemen, Republic",679,YEM,1966,Mustafa Yaqub,1965,1966,,
"Yemen, Republic",679,YEM,1966,Muhammad Abdulaziz Salam,1966,1967,,
"Yemen, Republic",679,YEM,1966,Ahmad al-Shami,1962,1968,,
"Yemen, Republic",679,YEM,1966,Hassan Muhammad Makki,1966,1966,Q15197815,Hassan Muhammad Makki
"Yemen, Republic",679,YEM,1967,Abdullah al-Sallal,1967,1967,Q317752,
"Yemen, Republic",679,YEM,1967,Hassan Muhammad Makki,1967,1968,Q15197815,Hassan Muhammad Makki
"Yemen, Republic",679,YEM,1967,Ahmad al-Shami,1962,1968,,
"Yemen, Republic",679,YEM,1967,Muhammad Abdulaziz Salam,1966,1967,,
"Yemen, Republic",679,YEM,1967,Saif Ahmad al-Dali,1967,1969,,
"Yemen, Republic",679,YEM,1968,Yahya Jaghman,1968,1969,,
"Yemen, Republic",679,YEM,1968,Saif Ahmad al-Dali,1967,1969,,
"Yemen, Republic",679,YEM,1968,Hassan Muhammad Makki,1967,1968,Q15197815,Hassan Muhammad Makki
"Yemen, Republic",679,YEM,1968,Ahmad al-Shami,1962,1968,,
"Yemen, Republic",679,YEM,1969,Saif Ahmad al-Dali,1967,1969,,
"Yemen, Republic",679,YEM,1969,Faysal al-Shaabi,1969,1969,Q5439108,Faysal al-Shaabi
"Yemen, Republic",679,YEM,1969,Hussein Ali al-Hubaishi,1969,1969,,
"Yemen, Republic",679,YEM,1969,Ali Salim al-Baidh,1969,1971,Q2555542,
"Yemen, Republic",679,YEM,1969,Yahya Jaghman,1968,1969,,
"Yemen, Republic",679,YEM,1969,Ahmad Qaid Barakat,1969,1970,,
"Yemen, Republic",679,YEM,1970,Ali Salim al-Baidh,1969,1971,Q2555542,
"Yemen, Republic",679,YEM,1970,Mohsin al-Aini,1970,1971,Q4058917,
"Yemen, Republic",679,YEM,1970,Ahmad Qaid Barakat,1969,1970,,
"Yemen, Republic",679,YEM,1971,Mohsin al-Aini,1971,1972,Q4058917,
"Yemen, Republic",679,YEM,1971,Abdullah al-Asnaj,1971,1971,,
"Yemen, Republic",679,YEM,1971,Muhammad Saleh al-Awlaqi,1971,1973,,
"Yemen, Republic",679,YEM,1971,Muhammad Ali Haitham,1971,1971,Q16012991,Muhammad Ali Haitham
"Yemen, Republic",679,YEM,1971,Ali Salim al-Baidh,1969,1971,Q2555542,
"Yemen, Republic",679,YEM,1971,Ahmad Muhammad Numan,1971,1971,Q400701,Ahmad Muhammad Numan
"Yemen, Republic",679,YEM,1971,Mohsin al-Aini,1970,1971,Q4058917,
"Yemen, Republic",679,YEM,1972,Mohsin al-Aini,1971,1972,Q4058917,
"Yemen, Republic",679,YEM,1972,Muhammad Ahmad Numan,1972,1973,Q12239532,
"Yemen, Republic",679,YEM,1972,Muhammad Saleh al-Awlaqi,1971,1973,,
"Yemen, Republic",679,YEM,1973,Muhammad Ali Numan,1973,1974,,
"Yemen, Republic",679,YEM,1973,Muhammad Ahmad Numan,1972,1973,Q12239532,
"Yemen, Republic",679,YEM,1973,Muhammad Saleh al-Awlaqi,1971,1973,,
"Yemen, Republic",679,YEM,1973,Muhammad Saleh Muti,1973,1979,,
"Yemen, Republic",679,YEM,1974,Muhammad Ali Numan,1973,1974,,
"Yemen, Republic",679,YEM,1974,Yahya Jaghman,1974,1975,,
"Yemen, Republic",679,YEM,1974,Abdullah al-Asnaj,1974,1974,,
"Yemen, Republic",679,YEM,1974,Muhammad Saleh Muti,1973,1979,,
"Yemen, Republic",679,YEM,1974,Mohsin al-Aini,1974,1974,Q4058917,
"Yemen, Republic",679,YEM,1975,Abdullah al-Asnaj,1975,1979,,
"Yemen, Republic",679,YEM,1975,Yahya Jaghman,1974,1975,,
"Yemen, Republic",679,YEM,1975,Muhammad Saleh Muti,1973,1979,,
"Yemen, Republic",679,YEM,1976,Muhammad Saleh Muti,1973,1979,,
"Yemen, Republic",679,YEM,1976,Abdullah al-Asnaj,1975,1979,,
"Yemen, Republic",679,YEM,1977,Abdullah al-Asnaj,1975,1979,,
"Yemen, Republic",679,YEM,1977,Muhammad Saleh Muti,1973,1979,,
"Yemen, Republic",679,YEM,1978,Muhammad Saleh Muti,1973,1979,,
"Yemen, Republic",679,YEM,1978,Abdullah al-Asnaj,1975,1979,,
"Yemen, Republic",679,YEM,1979,Abdullah al-Asnaj,1975,1979,,
"Yemen, Republic",679,YEM,1979,Hussein Abdullah al-Amri,1979,1979,,
"Yemen, Republic",679,YEM,1979,Hassan Muhammad Makki,1979,1980,Q15197815,Hassan Muhammad Makki
"Yemen, Republic",679,YEM,1979,Muhammad Saleh Muti,1973,1979,,
"Yemen, Republic",679,YEM,1979,Salim Saleh Muhammad,1979,1982,,
"Yemen, Republic",679,YEM,1980,Salim Saleh Muhammad,1979,1982,,
"Yemen, Republic",679,YEM,1980,Hassan Muhammad Makki,1979,1980,Q15197815,Hassan Muhammad Makki
"Yemen, Republic",679,YEM,1980,Ali Lutfi al-Thawr,1980,1984,,
"Yemen, Republic",679,YEM,1981,Salim Saleh Muhammad,1979,1982,,
"Yemen, Republic",679,YEM,1981,Ali Lutfi al-Thawr,1980,1984,,
"Yemen, Republic",679,YEM,1982,Ali Lutfi al-Thawr,1980,1984,,
"Yemen, Republic",679,YEM,1982,Salim Saleh Muhammad,1979,1982,,
"Yemen, Republic",679,YEM,1982,Abdul Aziz al-Dali,1982,1990,,
"Yemen, Republic",679,YEM,1983,Abdul Aziz al-Dali,1982,1990,,
"Yemen, Republic",679,YEM,1983,Ali Lutfi al-Thawr,1980,1984,,
"Yemen, Republic",679,YEM,1984,Ali Lutfi al-Thawr,1980,1984,,
"Yemen, Republic",679,YEM,1984,Abdul Karim al-Iryani,1984,1990,Q4119595,
"Yemen, Republic",679,YEM,1984,Abdul Aziz al-Dali,1982,1990,,
"Yemen, Republic",679,YEM,1985,Abdul Karim al-Iryani,1984,1990,Q4119595,
"Yemen, Republic",679,YEM,1985,Abdul Aziz al-Dali,1982,1990,,
"Yemen, Republic",679,YEM,1986,Abdul Karim al-Iryani,1984,1990,Q4119595,
"Yemen, Republic",679,YEM,1986,Abdul Aziz al-Dali,1982,1990,,
"Yemen, Republic",679,YEM,1987,Abdul Karim al-Iryani,1984,1990,Q4119595,
"Yemen, Republic",679,YEM,1987,Abdul Aziz al-Dali,1982,1990,,
"Yemen, Republic",679,YEM,1988,Abdul Aziz al-Dali,1982,1990,,
"Yemen, Republic",679,YEM,1988,Abdul Karim al-Iryani,1984,1990,Q4119595,
"Yemen, Republic",679,YEM,1989,Abdul Karim al-Iryani,1984,1990,Q4119595,
"Yemen, Republic",679,YEM,1989,Abdul Aziz al-Dali,1982,1990,,
"Yemen, Republic",679,YEM,1990,Abdul Karim al-Iryani,1990,1993,Q4119595,
"Yemen, Republic",679,YEM,1990,Abdul Aziz al-Dali,1982,1990,,
"Yemen, Republic",679,YEM,1990,Abdul Karim al-Iryani,1984,1990,Q4119595,
"Yemen, Republic",679,YEM,1991,Abdul Karim al-Iryani,1990,1993,Q4119595,
"Yemen, Republic",679,YEM,1992,Abdul Karim al-Iryani,1990,1993,Q4119595,
"Yemen, Republic",679,YEM,1993,Muhammad Salim Basindwah,1993,1994,Q57905,
"Yemen, Republic",679,YEM,1993,Abdul Karim al-Iryani,1990,1993,Q4119595,
"Yemen, Republic",679,YEM,1994,Muhammad Salim Basindwah,1993,1994,Q57905,
"Yemen, Republic",679,YEM,1994,Abdul Karim al-Iryani,1994,1998,Q4119595,
"Yemen, Republic",679,YEM,1995,Abdul Karim al-Iryani,1994,1998,Q4119595,
"Yemen, Republic",679,YEM,1996,Abdul Karim al-Iryani,1994,1998,Q4119595,
"Yemen, Republic",679,YEM,1997,Abdul Karim al-Iryani,1994,1998,Q4119595,
"Yemen, Republic",679,YEM,1998,Abdul Qader Bajamal,1998,2001,Q307338,Abdul Qader Bajamal
"Yemen, Republic",679,YEM,1998,Abdul Karim al-Iryani,1994,1998,Q4119595,
"Yemen, Republic",679,YEM,1999,Abdul Qader Bajamal,1998,2001,Q307338,Abdul Qader Bajamal
"Yemen, Republic",679,YEM,2000,Abdul Qader Bajamal,1998,2001,Q307338,Abdul Qader Bajamal
"Yemen, Republic",679,YEM,2001,Abu Bakr al-Qirbi,2001,2014,Q58297,Abu Bakr al-Qirbi
"Yemen, Republic",679,YEM,2001,Abdul Qader Bajamal,1998,2001,Q307338,Abdul Qader Bajamal
"Yemen, Republic",679,YEM,2002,Abu Bakr al-Qirbi,2001,2014,Q58297,Abu Bakr al-Qirbi
"Yemen, Republic",679,YEM,2003,Abu Bakr al-Qirbi,2001,2014,Q58297,Abu Bakr al-Qirbi
"Yemen, Republic",679,YEM,2004,Abu Bakr al-Qirbi,2001,2014,Q58297,Abu Bakr al-Qirbi
"Yemen, Republic",679,YEM,2005,Abu Bakr al-Qirbi,2001,2014,Q58297,Abu Bakr al-Qirbi
"Yemen, Republic",679,YEM,2006,Abu Bakr al-Qirbi,2001,2014,Q58297,Abu Bakr al-Qirbi
"Yemen, Republic",679,YEM,2007,Abu Bakr al-Qirbi,2001,2014,Q58297,Abu Bakr al-Qirbi
"Yemen, Republic",679,YEM,2008,Abu Bakr al-Qirbi,2001,2014,Q58297,Abu Bakr al-Qirbi
"Yemen, Republic",679,YEM,2009,Abu Bakr al-Qirbi,2001,2014,Q58297,Abu Bakr al-Qirbi
"Yemen, Republic",679,YEM,2010,Abu Bakr al-Qirbi,2001,2014,Q58297,Abu Bakr al-Qirbi
"Yemen, Republic",679,YEM,2011,Abu Bakr al-Qirbi,2001,2014,Q58297,Abu Bakr al-Qirbi
"Yemen, Republic",679,YEM,2012,Abu Bakr al-Qirbi,2001,2014,Q58297,Abu Bakr al-Qirbi
"Yemen, Republic",679,YEM,2013,Abu Bakr al-Qirbi,2001,2014,Q58297,Abu Bakr al-Qirbi
"Yemen, Republic",679,YEM,2014,Abu Bakr al-Qirbi,2001,2014,Q58297,Abu Bakr al-Qirbi
"Yemen, Republic",679,YEM,2014,Abdullah al-Saidi,2014,2015,Q4666091,Abdullah al-Saidi
"Yemen, Republic",679,YEM,2014,Jamal Abdullah al-Sallal,2014,2014,,
"Yemen, Republic",679,YEM,2015,Abdul Malik al-Mekhlafi,2015,2018,Q12223818,
"Yemen, Republic",679,YEM,2015,Abdullah al-Saidi,2014,2015,Q4666091,Abdullah al-Saidi
"Yemen, Republic",679,YEM,2015,Riyadh Yassin,2015,2015,Q19689754,
"Yemen, Republic",679,YEM,2016,Muhammad Abdullah Hajar,2016,2016,,
"Yemen, Republic",679,YEM,2016,Hisham Sharaf Abdullah,2016,2019,Q16187308,
"Yemen, Republic",679,YEM,2016,Abdul Malik al-Mekhlafi,2015,2018,Q12223818,
"Yemen, Republic",679,YEM,2017,Hisham Sharaf Abdullah,2016,2019,Q16187308,
"Yemen, Republic",679,YEM,2017,Abdul Malik al-Mekhlafi,2015,2018,Q12223818,
"Yemen, Republic",679,YEM,2018,Khaled al-Yamani,2018,2019,Q54094013,Khaled al-Yamani
"Yemen, Republic",679,YEM,2018,Abdul Malik al-Mekhlafi,2015,2018,Q12223818,
"Yemen, Republic",679,YEM,2018,Hisham Sharaf Abdullah,2016,2019,Q16187308,
"Yemen, Republic",679,YEM,2019,Khaled al-Yamani,2018,2019,Q54094013,Khaled al-Yamani
"Yemen, Republic",679,YEM,2019,Hisham Sharaf Abdullah,2016,2019,Q16187308,
Yugoslavia,345,YUG,1948,Edvard Kardelj,1948,1953,Q268003,Edvard Kardelj
Yugoslavia,345,YUG,1949,Edvard Kardelj,1948,1953,Q268003,Edvard Kardelj
Yugoslavia,345,YUG,1950,Edvard Kardelj,1948,1953,Q268003,Edvard Kardelj
Yugoslavia,345,YUG,1951,Edvard Kardelj,1948,1953,Q268003,Edvard Kardelj
Yugoslavia,345,YUG,1952,Edvard Kardelj,1948,1953,Q268003,Edvard Kardelj
Yugoslavia,345,YUG,1953,Koca Popovic,1953,1965,Q1277476,
Yugoslavia,345,YUG,1953,Edvard Kardelj,1948,1953,Q268003,Edvard Kardelj
Yugoslavia,345,YUG,1954,Koca Popovic,1953,1965,Q1277476,
Yugoslavia,345,YUG,1955,Koca Popovic,1953,1965,Q1277476,
Yugoslavia,345,YUG,1956,Koca Popovic,1953,1965,Q1277476,
Yugoslavia,345,YUG,1957,Koca Popovic,1953,1965,Q1277476,
Yugoslavia,345,YUG,1958,Koca Popovic,1953,1965,Q1277476,
Yugoslavia,345,YUG,1959,Koca Popovic,1953,1965,Q1277476,
Yugoslavia,345,YUG,1960,Koca Popovic,1953,1965,Q1277476,
Yugoslavia,345,YUG,1961,Koca Popovic,1953,1965,Q1277476,
Yugoslavia,345,YUG,1962,Koca Popovic,1953,1965,Q1277476,
Yugoslavia,345,YUG,1963,Koca Popovic,1953,1965,Q1277476,
Yugoslavia,345,YUG,1964,Koca Popovic,1953,1965,Q1277476,
Yugoslavia,345,YUG,1965,Koca Popovic,1953,1965,Q1277476,
Yugoslavia,345,YUG,1965,Marko Nikezic,1965,1968,Q515379,
Yugoslavia,345,YUG,1966,Marko Nikezic,1965,1968,Q515379,
Yugoslavia,345,YUG,1967,Marko Nikezic,1965,1968,Q515379,
Yugoslavia,345,YUG,1968,Marko Nikezic,1965,1968,Q515379,
Yugoslavia,345,YUG,1968,Miso Pavicevic,1968,1969,Q20434880,
Yugoslavia,345,YUG,1969,Miso Pavicevic,1968,1969,Q20434880,
Yugoslavia,345,YUG,1969,Mirko Tepavac,1969,1972,Q1548478,Mirko Tepavac
Yugoslavia,345,YUG,1970,Mirko Tepavac,1969,1972,Q1548478,Mirko Tepavac
Yugoslavia,345,YUG,1971,Mirko Tepavac,1969,1972,Q1548478,Mirko Tepavac
Yugoslavia,345,YUG,1972,Milos Minic,1972,1978,Q1288802,
Yugoslavia,345,YUG,1972,Jaksa Petric,1972,1972,Q3502568,
Yugoslavia,345,YUG,1972,Mirko Tepavac,1969,1972,Q1548478,Mirko Tepavac
Yugoslavia,345,YUG,1973,Milos Minic,1972,1978,Q1288802,
Yugoslavia,345,YUG,1974,Milos Minic,1972,1978,Q1288802,
Yugoslavia,345,YUG,1975,Milos Minic,1972,1978,Q1288802,
Yugoslavia,345,YUG,1976,Milos Minic,1972,1978,Q1288802,
Yugoslavia,345,YUG,1977,Milos Minic,1972,1978,Q1288802,
Yugoslavia,345,YUG,1978,Josip Vrhovec,1978,1982,Q3439098,
Yugoslavia,345,YUG,1978,Milos Minic,1972,1978,Q1288802,
Yugoslavia,345,YUG,1979,Josip Vrhovec,1978,1982,Q3439098,
Yugoslavia,345,YUG,1980,Josip Vrhovec,1978,1982,Q3439098,
Yugoslavia,345,YUG,1981,Josip Vrhovec,1978,1982,Q3439098,
Yugoslavia,345,YUG,1982,Josip Vrhovec,1978,1982,Q3439098,
Yugoslavia,345,YUG,1982,Lazar Mojsov,1982,1984,Q641582,Lazar Mojsov
Yugoslavia,345,YUG,1983,Lazar Mojsov,1982,1984,Q641582,Lazar Mojsov
Yugoslavia,345,YUG,1984,Lazar Mojsov,1982,1984,Q641582,Lazar Mojsov
Yugoslavia,345,YUG,1984,Raif Dizdarevic,1984,1987,Q1282352,
Yugoslavia,345,YUG,1985,Raif Dizdarevic,1984,1987,Q1282352,
Yugoslavia,345,YUG,1986,Raif Dizdarevic,1984,1987,Q1282352,
Yugoslavia,345,YUG,1987,Raif Dizdarevic,1984,1987,Q1282352,
Yugoslavia,345,YUG,1987,Budimir Loncar,1987,1991,Q835217,
Yugoslavia,345,YUG,1988,Budimir Loncar,1987,1991,Q835217,
Yugoslavia,345,YUG,1989,Budimir Loncar,1987,1991,Q835217,
Yugoslavia,345,YUG,1990,Budimir Loncar,1987,1991,Q835217,
Yugoslavia,345,YUG,1991,Milivoje Maksic,1991,1992,Q105536153,
Yugoslavia,345,YUG,1991,Budimir Loncar,1987,1991,Q835217,
Yugoslavia,345,YUG,1992,Ilija Djukic,1992,1993,Q5998211,
Yugoslavia,345,YUG,1992,Milivoje Maksic,1991,1992,Q105536153,
Yugoslavia,345,YUG,1992,Vladislav Jovanovic,1992,1992,Q7938884,
Yugoslavia,345,YUG,1993,Ilija Djukic,1992,1993,Q5998211,
Yugoslavia,345,YUG,1993,Vladislav Jovanovic,1993,1995,Q7938884,
Yugoslavia,345,YUG,1994,Vladislav Jovanovic,1993,1995,Q7938884,
Yugoslavia,345,YUG,1995,Vladislav Jovanovic,1993,1995,Q7938884,
Yugoslavia,345,YUG,1995,Milan Milutinovic,1995,1998,Q331773,
Yugoslavia,345,YUG,1996,Milan Milutinovic,1995,1998,Q331773,
Yugoslavia,345,YUG,1997,Milan Milutinovic,1995,1998,Q331773,
Yugoslavia,345,YUG,1998,Zivadin Jovanovic,1998,2000,Q3575627,
Yugoslavia,345,YUG,1998,Milan Milutinovic,1995,1998,Q331773,
Yugoslavia,345,YUG,1999,Zivadin Jovanovic,1998,2000,Q3575627,
Yugoslavia,345,YUG,2000,Zivadin Jovanovic,1998,2000,Q3575627,
Yugoslavia,345,YUG,2000,Zoran Novakovic,2000,2000,Q226696,
Yugoslavia,345,YUG,2000,Goran Svilanovic,2000,2004,Q462961,
Yugoslavia,345,YUG,2001,Goran Svilanovic,2000,2004,Q462961,
Yugoslavia,345,YUG,2002,Goran Svilanovic,2000,2004,Q462961,
Yugoslavia,345,YUG,2003,Goran Svilanovic,2000,2004,Q462961,
Yugoslavia,345,YUG,2004,Vuk Draskovic,2004,2006,Q162740,
Yugoslavia,345,YUG,2004,Goran Svilanovic,2000,2004,Q462961,
Yugoslavia,345,YUG,2005,Vuk Draskovic,2004,2006,Q162740,
Yugoslavia,345,YUG,2006,Vuk Draskovic,2004,2006,Q162740,
Zaire,490,ZAR,1960,Justin Marie Bomboko,1960,1963,Q3190411,Justin Marie Bomboko
Zaire,490,ZAR,1961,Justin Marie Bomboko,1960,1963,Q3190411,Justin Marie Bomboko
Zaire,490,ZAR,1962,Justin Marie Bomboko,1960,1963,Q3190411,Justin Marie Bomboko
Zaire,490,ZAR,1963,Cyrille Adoula,1963,1964,Q182309,Cyrille Adoula
Zaire,490,ZAR,1963,Justin Marie Bomboko,1960,1963,Q3190411,Justin Marie Bomboko
Zaire,490,ZAR,1963,Auguste Mabika-Kalanda,1963,1963,,
Zaire,490,ZAR,1964,Cyrille Adoula,1963,1964,Q182309,Cyrille Adoula
Zaire,490,ZAR,1964,Moise Tshombe,1964,1965,Q334830,
Zaire,490,ZAR,1964,Thomas Kanza,1964,1965,Q3525278,Thomas Kanza
Zaire,490,ZAR,1965,Thomas Kanza,1964,1965,Q3525278,Thomas Kanza
Zaire,490,ZAR,1965,Cléophas Kamitatu,1965,1965,Q2980757,Cléophas Kamitatu
Zaire,490,ZAR,1965,Justin Marie Bomboko,1965,1969,Q3190411,Justin Marie Bomboko
Zaire,490,ZAR,1965,Moise Tshombe,1964,1965,Q334830,
Zaire,490,ZAR,1966,Justin Marie Bomboko,1965,1969,Q3190411,Justin Marie Bomboko
Zaire,490,ZAR,1967,Justin Marie Bomboko,1965,1969,Q3190411,Justin Marie Bomboko
Zaire,490,ZAR,1968,Justin Marie Bomboko,1965,1969,Q3190411,Justin Marie Bomboko
Zaire,490,ZAR,1969,Justin Marie Bomboko,1965,1969,Q3190411,Justin Marie Bomboko
Zaire,490,ZAR,1969,Cyrille Adoula,1969,1970,Q182309,Cyrille Adoula
Zaire,490,ZAR,1970,Mario Cardoso,1970,1972,Q30301204,
Zaire,490,ZAR,1970,Cyrille Adoula,1969,1970,Q182309,Cyrille Adoula
Zaire,490,ZAR,1971,Mario Cardoso,1970,1972,Q30301204,
Zaire,490,ZAR,1972,Nguza Karl-I-Bond,1972,1974,Q1353745,
Zaire,490,ZAR,1972,Mario Cardoso,1970,1972,Q30301204,
Zaire,490,ZAR,1973,Nguza Karl-I-Bond,1972,1974,Q1353745,
Zaire,490,ZAR,1974,Umba di Lutete,1974,1975,,
Zaire,490,ZAR,1974,Nguza Karl-I-Bond,1972,1974,Q1353745,
Zaire,490,ZAR,1975,Mandungu Bula Nyati,1975,1976,,
Zaire,490,ZAR,1975,Umba di Lutete,1974,1975,,
Zaire,490,ZAR,1976,Mandungu Bula Nyati,1975,1976,,
Zaire,490,ZAR,1976,Nguza Karl-I-Bond,1976,1977,Q1353745,
Zaire,490,ZAR,1977,Umba di Lutete,1977,1979,,
Zaire,490,ZAR,1977,Nguza Karl-I-Bond,1976,1977,Q1353745,
Zaire,490,ZAR,1978,Umba di Lutete,1977,1979,,
Zaire,490,ZAR,1979,Umba di Lutete,1977,1979,,
Zaire,490,ZAR,1979,Nguza Karl-I-Bond,1979,1980,Q1353745,
Zaire,490,ZAR,1980,Nguza Karl-I-Bond,1979,1980,Q1353745,
Zaire,490,ZAR,1980,Inonga Lokongo L'Ome,1980,1981,,
Zaire,490,ZAR,1981,Inonga Lokongo L'Ome,1980,1981,,
Zaire,490,ZAR,1981,Yoka Mangono,1981,1982,,
Zaire,490,ZAR,1981,Bomboko Lokumba,1981,1981,Q3190411,
Zaire,490,ZAR,1982,Gérard Kamanda wa Kamanda,1982,1983,Q3124059,Gérard Kamanda wa Kamanda
Zaire,490,ZAR,1982,Yoka Mangono,1981,1982,,
Zaire,490,ZAR,1983,Umba di Lutete,1983,1985,,
Zaire,490,ZAR,1983,Gérard Kamanda wa Kamanda,1982,1983,Q3124059,Gérard Kamanda wa Kamanda
Zaire,490,ZAR,1984,Umba di Lutete,1983,1985,,
Zaire,490,ZAR,1985,Umba di Lutete,1983,1985,,
Zaire,490,ZAR,1985,Mokolo wa Mpombo,1985,1986,,
Zaire,490,ZAR,1986,Mandungu Bula Nyati,1986,1986,,
Zaire,490,ZAR,1986,Mokolo wa Mpombo,1985,1986,,
Zaire,490,ZAR,1986,Kengo wa Dondo,1986,1987,Q747918,
Zaire,490,ZAR,1987,Ekila Liyonda,1987,1988,Q377448,Ekila Liyonda
Zaire,490,ZAR,1987,Kengo wa Dondo,1986,1987,Q747918,
Zaire,490,ZAR,1988,Ekila Liyonda,1987,1988,Q377448,Ekila Liyonda
Zaire,490,ZAR,1988,Nguza Karl-I-Bond,1988,1990,Q1353745,
Zaire,490,ZAR,1989,Nguza Karl-I-Bond,1988,1990,Q1353745,
Zaire,490,ZAR,1990,Nguza Karl-I-Bond,1988,1990,Q1353745,
Zaire,490,ZAR,1990,Mushobekwa Kalimba wa Katana,1990,1991,Q18221788,
Zaire,490,ZAR,1991,Ipoto Eyebu Bakand'Asi,1991,1991,,
Zaire,490,ZAR,1991,Buketi Bukayi,1991,1991,,
Zaire,490,ZAR,1991,Inonga Lokongo L'Ome,1991,1991,,
Zaire,490,ZAR,1991,Bagbeni Adeito Nzengeya,1991,1992,,
Zaire,490,ZAR,1991,Mushobekwa Kalimba wa Katana,1990,1991,Q18221788,
Zaire,490,ZAR,1992,Pierre Lumbi,1992,1993,Q3386032,
Zaire,490,ZAR,1992,Bagbeni Adeito Nzengeya,1991,1992,,
Zaire,490,ZAR,1993,Mpinga Kasenda,1993,1994,Q1951379,Mpinga Kasenda
Zaire,490,ZAR,1993,Pierre Lumbi,1992,1993,Q3386032,
Zaire,490,ZAR,1994,Lunda Bululu,1994,1995,Q1877390,
Zaire,490,ZAR,1994,Mpinga Kasenda,1993,1994,Q1951379,Mpinga Kasenda
Zaire,490,ZAR,1995,Gérard Kamanda wa Kamanda,1995,1996,Q3124059,Gérard Kamanda wa Kamanda
Zaire,490,ZAR,1995,Lunda Bululu,1994,1995,Q1877390,
Zaire,490,ZAR,1996,Gérard Kamanda wa Kamanda,1995,1996,Q3124059,Gérard Kamanda wa Kamanda
Zaire,490,ZAR,1996,Jean-Marie Kititwa,1996,1996,Q61967955,
Zaire,490,ZAR,1996,Gérard Kamanda wa Kamanda,1996,1997,Q3124059,Gérard Kamanda wa Kamanda
Zaire,490,ZAR,1997,Bizima Karaha,1997,1998,Q2905021,Bizima Karaha
Zaire,490,ZAR,1997,Gérard Kamanda wa Kamanda,1996,1997,Q3124059,Gérard Kamanda wa Kamanda
Zaire,490,ZAR,1998,Bizima Karaha,1997,1998,Q2905021,Bizima Karaha
Zaire,490,ZAR,1998,Jean-Charles Okoto,1998,1999,,
Zaire,490,ZAR,1999,Abdoulaye Yerodia Ndombasi,1999,2000,Q2821395,Abdoulaye Yerodia Ndombasi
Zaire,490,ZAR,1999,Jean-Charles Okoto,1998,1999,,
Zaire,490,ZAR,2000,Léonard She Okitundu,2000,2003,Q3271542,Léonard She Okitundu
Zaire,490,ZAR,2000,Abdoulaye Yerodia Ndombasi,1999,2000,Q2821395,Abdoulaye Yerodia Ndombasi
Zaire,490,ZAR,2001,Léonard She Okitundu,2000,2003,Q3271542,Léonard She Okitundu
Zaire,490,ZAR,2002,Léonard She Okitundu,2000,2003,Q3271542,Léonard She Okitundu
Zaire,490,ZAR,2003,Antoine Ghonda,2003,2004,Q2853995,Antoine Ghonda
Zaire,490,ZAR,2003,Léonard She Okitundu,2000,2003,Q3271542,Léonard She Okitundu
Zaire,490,ZAR,2004,Antoine Ghonda,2003,2004,Q2853995,Antoine Ghonda
Zaire,490,ZAR,2004,Raymond Ramazani Baya,2004,2007,Q3421106,Raymond Ramazani Baya
Zaire,490,ZAR,2005,Raymond Ramazani Baya,2004,2007,Q3421106,Raymond Ramazani Baya
Zaire,490,ZAR,2006,Raymond Ramazani Baya,2004,2007,Q3421106,Raymond Ramazani Baya
Zaire,490,ZAR,2007,Antipas Mbusa Nyamwisi,2007,2008,Q2853312,Antipas Mbusa Nyamwisi
Zaire,490,ZAR,2007,Raymond Ramazani Baya,2004,2007,Q3421106,Raymond Ramazani Baya
Zaire,490,ZAR,2008,Antipas Mbusa Nyamwisi,2007,2008,Q2853312,Antipas Mbusa Nyamwisi
Zaire,490,ZAR,2008,Alexis Thambwe Mwamba,2008,2012,Q2834659,Alexis Thambwe Mwamba
Zaire,490,ZAR,2009,Alexis Thambwe Mwamba,2008,2012,Q2834659,Alexis Thambwe Mwamba
Zaire,490,ZAR,2010,Alexis Thambwe Mwamba,2008,2012,Q2834659,Alexis Thambwe Mwamba
Zaire,490,ZAR,2011,Alexis Thambwe Mwamba,2008,2012,Q2834659,Alexis Thambwe Mwamba
Zaire,490,ZAR,2012,Alexis Thambwe Mwamba,2008,2012,Q2834659,Alexis Thambwe Mwamba
Zaire,490,ZAR,2012,Raymond Tshibanda,2012,2016,Q3421171,Raymond Tshibanda
Zaire,490,ZAR,2013,Raymond Tshibanda,2012,2016,Q3421171,Raymond Tshibanda
Zaire,490,ZAR,2014,Raymond Tshibanda,2012,2016,Q3421171,Raymond Tshibanda
Zaire,490,ZAR,2015,Raymond Tshibanda,2012,2016,Q3421171,Raymond Tshibanda
Zaire,490,ZAR,2016,Raymond Tshibanda,2012,2016,Q3421171,Raymond Tshibanda
Zaire,490,ZAR,2016,Léonard She Okitundu,2016,2019,Q3271542,Léonard She Okitundu
Zaire,490,ZAR,2017,Léonard She Okitundu,2016,2019,Q3271542,Léonard She Okitundu
Zaire,490,ZAR,2018,Léonard She Okitundu,2016,2019,Q3271542,Léonard She Okitundu
Zaire,490,ZAR,2019,Léonard She Okitundu,2016,2019,Q3271542,Léonard She Okitundu
Zambia,551,ZMB,1964,Simon Kapwepwe,1964,1967,Q2287615,Simon Kapwepwe
Zambia,551,ZMB,1965,Simon Kapwepwe,1964,1967,Q2287615,Simon Kapwepwe
Zambia,551,ZMB,1966,Simon Kapwepwe,1964,1967,Q2287615,Simon Kapwepwe
Zambia,551,ZMB,1967,Reuben Kamanga,1967,1968,Q2146535,Reuben Kamanga
Zambia,551,ZMB,1967,Simon Kapwepwe,1964,1967,Q2287615,Simon Kapwepwe
Zambia,551,ZMB,1968,Elijah Mudenda,1968,1969,Q717737,Elijah Mudenda
Zambia,551,ZMB,1968,Reuben Kamanga,1967,1968,Q2146535,Reuben Kamanga
Zambia,551,ZMB,1969,Elijah Mudenda,1968,1969,Q717737,Elijah Mudenda
Zambia,551,ZMB,1969,Moto Nkama,1969,1970,,
Zambia,551,ZMB,1969,Kenneth Kaunda,1969,1970,Q105480,Kenneth Kaunda
Zambia,551,ZMB,1970,Kenneth Kaunda,1969,1970,Q105480,Kenneth Kaunda
Zambia,551,ZMB,1970,Elijah Mudenda,1970,1973,Q717737,Elijah Mudenda
Zambia,551,ZMB,1970,Moto Nkama,1969,1970,,
Zambia,551,ZMB,1971,Elijah Mudenda,1970,1973,Q717737,Elijah Mudenda
Zambia,551,ZMB,1972,Elijah Mudenda,1970,1973,Q717737,Elijah Mudenda
Zambia,551,ZMB,1973,Elijah Mudenda,1970,1973,Q717737,Elijah Mudenda
Zambia,551,ZMB,1973,Vernon Mwaanga,1973,1975,Q2517357,Vernon Mwaanga
Zambia,551,ZMB,1974,Vernon Mwaanga,1973,1975,Q2517357,Vernon Mwaanga
Zambia,551,ZMB,1975,Rupiah Banda,1975,1976,Q217500,Rupiah Banda
Zambia,551,ZMB,1975,Vernon Mwaanga,1973,1975,Q2517357,Vernon Mwaanga
Zambia,551,ZMB,1976,Siteke Mwale,1976,1978,,
Zambia,551,ZMB,1976,Rupiah Banda,1975,1976,Q217500,Rupiah Banda
Zambia,551,ZMB,1977,Siteke Mwale,1976,1978,,
Zambia,551,ZMB,1978,Siteke Mwale,1976,1978,,
Zambia,551,ZMB,1979,Wilson M. Chakulya,1979,1980,,
Zambia,551,ZMB,1980,Lameck Goma,1980,1986,,
Zambia,551,ZMB,1980,Wilson M. Chakulya,1979,1980,,
Zambia,551,ZMB,1981,Lameck Goma,1980,1986,,
Zambia,551,ZMB,1982,Lameck Goma,1980,1986,,
Zambia,551,ZMB,1983,Lameck Goma,1980,1986,,
Zambia,551,ZMB,1984,Lameck Goma,1980,1986,,
Zambia,551,ZMB,1985,Lameck Goma,1980,1986,,
Zambia,551,ZMB,1986,Lameck Goma,1980,1986,,
Zambia,551,ZMB,1986,Luke Mwananshiku,1986,1990,Q4286479,Luke Mwananshiku
Zambia,551,ZMB,1987,Luke Mwananshiku,1986,1990,Q4286479,Luke Mwananshiku
Zambia,551,ZMB,1988,Luke Mwananshiku,1986,1990,Q4286479,Luke Mwananshiku
Zambia,551,ZMB,1989,Luke Mwananshiku,1986,1990,Q4286479,Luke Mwananshiku
Zambia,551,ZMB,1990,Luke Mwananshiku,1986,1990,Q4286479,Luke Mwananshiku
Zambia,551,ZMB,1990,Benjamin Mibenge,1990,1991,,
Zambia,551,ZMB,1991,Vernon Mwaanga,1991,1994,Q2517357,Vernon Mwaanga
Zambia,551,ZMB,1991,Benjamin Mibenge,1990,1991,,
Zambia,551,ZMB,1992,Vernon Mwaanga,1991,1994,Q2517357,Vernon Mwaanga
Zambia,551,ZMB,1993,Vernon Mwaanga,1991,1994,Q2517357,Vernon Mwaanga
Zambia,551,ZMB,1994,Remmy Mushota,1994,1995,,
Zambia,551,ZMB,1994,Vernon Mwaanga,1991,1994,Q2517357,Vernon Mwaanga
Zambia,551,ZMB,1995,Christon Tembo,1995,1996,Q1084438,Christon Tembo
Zambia,551,ZMB,1995,Remmy Mushota,1994,1995,,
Zambia,551,ZMB,1996,Christon Tembo,1995,1996,Q1084438,Christon Tembo
Zambia,551,ZMB,1996,Lawrence Shimba,1996,1997,,
Zambia,551,ZMB,1997,Lawrence Shimba,1996,1997,,
Zambia,551,ZMB,1997,Keli Walubita,1997,2002,,
Zambia,551,ZMB,1998,Keli Walubita,1997,2002,,
Zambia,551,ZMB,1999,Keli Walubita,1997,2002,,
Zambia,551,ZMB,2000,Keli Walubita,1997,2002,,
Zambia,551,ZMB,2001,Keli Walubita,1997,2002,,
Zambia,551,ZMB,2002,Kalombo Mwansa,2002,2005,Q176394,Kalombo Mwansa
Zambia,551,ZMB,2002,Katele Kalumba,2002,2002,,
Zambia,551,ZMB,2002,Keli Walubita,1997,2002,,
Zambia,551,ZMB,2003,Kalombo Mwansa,2002,2005,Q176394,Kalombo Mwansa
Zambia,551,ZMB,2004,Kalombo Mwansa,2002,2005,Q176394,Kalombo Mwansa
Zambia,551,ZMB,2005,Ronnie Shikapwasha,2005,2006,Q616615,Ronnie Shikapwasha
Zambia,551,ZMB,2005,Kalombo Mwansa,2002,2005,Q176394,Kalombo Mwansa
Zambia,551,ZMB,2006,Ronnie Shikapwasha,2005,2006,Q616615,Ronnie Shikapwasha
Zambia,551,ZMB,2006,Mundia Sikatana,2006,2007,Q58218,Mundia Sikatana
Zambia,551,ZMB,2007,Kabinga Pande,2007,2011,Q1720830,Kabinga Pande
Zambia,551,ZMB,2007,Mundia Sikatana,2006,2007,Q58218,Mundia Sikatana
Zambia,551,ZMB,2008,Kabinga Pande,2007,2011,Q1720830,Kabinga Pande
Zambia,551,ZMB,2009,Kabinga Pande,2007,2011,Q1720830,Kabinga Pande
Zambia,551,ZMB,2010,Kabinga Pande,2007,2011,Q1720830,Kabinga Pande
Zambia,551,ZMB,2011,Kabinga Pande,2007,2011,Q1720830,Kabinga Pande
Zambia,551,ZMB,2011,Chishimba Kambwili,2011,2012,Q23541019,Chishimba Kambwili
Zambia,551,ZMB,2012,Given Lubinda,2012,2013,Q5565823,Given Lubinda
Zambia,551,ZMB,2012,Chishimba Kambwili,2011,2012,Q23541019,Chishimba Kambwili
Zambia,551,ZMB,2013,Effron Lungu,2013,2013,,
Zambia,551,ZMB,2013,Wylbur Simuusa,2013,2014,,
Zambia,551,ZMB,2013,Given Lubinda,2012,2013,Q5565823,Given Lubinda
Zambia,551,ZMB,2014,Wylbur Simuusa,2013,2014,,
Zambia,551,ZMB,2014,Harry Kalaba,2014,2016,Q19560917,Harry Kalaba
Zambia,551,ZMB,2015,Harry Kalaba,2014,2016,Q19560917,Harry Kalaba
Zambia,551,ZMB,2016,Harry Kalaba,2014,2016,Q19560917,Harry Kalaba
Zambia,551,ZMB,2016,Harry Kalaba,2016,2018,Q19560917,Harry Kalaba
Zambia,551,ZMB,2017,Harry Kalaba,2016,2018,Q19560917,Harry Kalaba
Zambia,551,ZMB,2018,Joe Malanji,2018,2019,Q45383291,
Zambia,551,ZMB,2018,Harry Kalaba,2016,2018,Q19560917,Harry Kalaba
Zambia,551,ZMB,2019,Joe Malanji,2018,2019,Q45383291,
Zimbabwe,552,ZWE,1964,Clifford Dupont,1964,1965,Q3501445,Clifford Dupont
Zimbabwe,552,ZWE,1965,Ian D. Smith,1965,1966,Q313424,
Zimbabwe,552,ZWE,1965,Clifford Dupont,1964,1965,Q3501445,Clifford Dupont
Zimbabwe,552,ZWE,1966,"James Angus Graham, Duke of Montrose",1966,1968,Q6134813,
Zimbabwe,552,ZWE,1966,Ian D. Smith,1965,1966,Q313424,
Zimbabwe,552,ZWE,1967,"James Angus Graham, Duke of Montrose",1966,1968,Q6134813,
Zimbabwe,552,ZWE,1968,"James Angus Graham, Duke of Montrose",1966,1968,Q6134813,
Zimbabwe,552,ZWE,1968,John Hartley Howman,1968,1974,Q6113232,
Zimbabwe,552,ZWE,1969,John Hartley Howman,1968,1974,Q6113232,
Zimbabwe,552,ZWE,1970,John Hartley Howman,1968,1974,Q6113232,
Zimbabwe,552,ZWE,1971,John Hartley Howman,1968,1974,Q6113232,
Zimbabwe,552,ZWE,1972,John Hartley Howman,1968,1974,Q6113232,
Zimbabwe,552,ZWE,1973,John Hartley Howman,1968,1974,Q6113232,
Zimbabwe,552,ZWE,1974,John Hartley Howman,1968,1974,Q6113232,
Zimbabwe,552,ZWE,1974,Pieter van der Byl,1974,1979,Q7117376,
Zimbabwe,552,ZWE,1975,Pieter van der Byl,1974,1979,Q7117376,
Zimbabwe,552,ZWE,1976,Pieter van der Byl,1974,1979,Q7117376,
Zimbabwe,552,ZWE,1977,Pieter van der Byl,1974,1979,Q7117376,
Zimbabwe,552,ZWE,1978,Pieter van der Byl,1974,1979,Q7117376,
Zimbabwe,552,ZWE,1979,David Mukome,1979,1979,Q99228399,David Mukome
Zimbabwe,552,ZWE,1979,Pieter van der Byl,1974,1979,Q7117376,
Zimbabwe,552,ZWE,1980,Simon Muzenda,1980,1981,Q2287723,Simon Muzenda
Zimbabwe,552,ZWE,1981,Witness Mangwende,1981,1988,Q2586564,Witness Mangwende
Zimbabwe,552,ZWE,1981,Simon Muzenda,1980,1981,Q2287723,Simon Muzenda
Zimbabwe,552,ZWE,1982,Witness Mangwende,1981,1988,Q2586564,Witness Mangwende
Zimbabwe,552,ZWE,1983,Witness Mangwende,1981,1988,Q2586564,Witness Mangwende
Zimbabwe,552,ZWE,1984,Witness Mangwende,1981,1988,Q2586564,Witness Mangwende
Zimbabwe,552,ZWE,1985,Witness Mangwende,1981,1988,Q2586564,Witness Mangwende
Zimbabwe,552,ZWE,1986,Witness Mangwende,1981,1988,Q2586564,Witness Mangwende
Zimbabwe,552,ZWE,1987,Witness Mangwende,1981,1988,Q2586564,Witness Mangwende
Zimbabwe,552,ZWE,1988,Nathan Shamuyarira,1988,1995,Q1966640,Nathan Shamuyarira
Zimbabwe,552,ZWE,1988,Witness Mangwende,1981,1988,Q2586564,Witness Mangwende
Zimbabwe,552,ZWE,1989,Nathan Shamuyarira,1988,1995,Q1966640,Nathan Shamuyarira
Zimbabwe,552,ZWE,1990,Nathan Shamuyarira,1988,1995,Q1966640,Nathan Shamuyarira
Zimbabwe,552,ZWE,1991,Nathan Shamuyarira,1988,1995,Q1966640,Nathan Shamuyarira
Zimbabwe,552,ZWE,1992,Nathan Shamuyarira,1988,1995,Q1966640,Nathan Shamuyarira
Zimbabwe,552,ZWE,1993,Nathan Shamuyarira,1988,1995,Q1966640,Nathan Shamuyarira
Zimbabwe,552,ZWE,1994,Nathan Shamuyarira,1988,1995,Q1966640,Nathan Shamuyarira
Zimbabwe,552,ZWE,1995,Nathan Shamuyarira,1988,1995,Q1966640,Nathan Shamuyarira
Zimbabwe,552,ZWE,1995,Stan Mudenge,1995,2005,Q2112402,Stan Mudenge
Zimbabwe,552,ZWE,1996,Stan Mudenge,1995,2005,Q2112402,Stan Mudenge
Zimbabwe,552,ZWE,1997,Stan Mudenge,1995,2005,Q2112402,Stan Mudenge
Zimbabwe,552,ZWE,1998,Stan Mudenge,1995,2005,Q2112402,Stan Mudenge
Zimbabwe,552,ZWE,1999,Stan Mudenge,1995,2005,Q2112402,Stan Mudenge
Zimbabwe,552,ZWE,2000,Stan Mudenge,1995,2005,Q2112402,Stan Mudenge
Zimbabwe,552,ZWE,2001,Stan Mudenge,1995,2005,Q2112402,Stan Mudenge
Zimbabwe,552,ZWE,2002,Stan Mudenge,1995,2005,Q2112402,Stan Mudenge
Zimbabwe,552,ZWE,2003,Stan Mudenge,1995,2005,Q2112402,Stan Mudenge
Zimbabwe,552,ZWE,2004,Stan Mudenge,1995,2005,Q2112402,Stan Mudenge
Zimbabwe,552,ZWE,2005,Simbarashe Mumbengegwi,2005,2017,Q514464,Simbarashe Mumbengegwi
Zimbabwe,552,ZWE,2005,Stan Mudenge,1995,2005,Q2112402,Stan Mudenge
Zimbabwe,552,ZWE,2006,Simbarashe Mumbengegwi,2005,2017,Q514464,Simbarashe Mumbengegwi
Zimbabwe,552,ZWE,2007,Simbarashe Mumbengegwi,2005,2017,Q514464,Simbarashe Mumbengegwi
Zimbabwe,552,ZWE,2008,Simbarashe Mumbengegwi,2005,2017,Q514464,Simbarashe Mumbengegwi
Zimbabwe,552,ZWE,2009,Simbarashe Mumbengegwi,2005,2017,Q514464,Simbarashe Mumbengegwi
Zimbabwe,552,ZWE,2010,Simbarashe Mumbengegwi,2005,2017,Q514464,Simbarashe Mumbengegwi
Zimbabwe,552,ZWE,2011,Simbarashe Mumbengegwi,2005,2017,Q514464,Simbarashe Mumbengegwi
Zimbabwe,552,ZWE,2012,Simbarashe Mumbengegwi,2005,2017,Q514464,Simbarashe Mumbengegwi
Zimbabwe,552,ZWE,2013,Simbarashe Mumbengegwi,2005,2017,Q514464,Simbarashe Mumbengegwi
Zimbabwe,552,ZWE,2014,Simbarashe Mumbengegwi,2005,2017,Q514464,Simbarashe Mumbengegwi
Zimbabwe,552,ZWE,2015,Simbarashe Mumbengegwi,2005,2017,Q514464,Simbarashe Mumbengegwi
Zimbabwe,552,ZWE,2016,Simbarashe Mumbengegwi,2005,2017,Q514464,Simbarashe Mumbengegwi
Zimbabwe,552,ZWE,2017,Simbarashe Mumbengegwi,2005,2017,Q514464,Simbarashe Mumbengegwi
Zimbabwe,552,ZWE,2017,Sibusiso Moyo,2017,2019,Q43180489,Sibusiso Moyo
Zimbabwe,552,ZWE,2017,Walter Mzembi,2017,2017,Q7965696,Walter Mzembi
Zimbabwe,552,ZWE,2017,Simbarashe Mumbengegwi,2017,2017,Q514464,Simbarashe Mumbengegwi
Zimbabwe,552,ZWE,2018,Sibusiso Moyo,2017,2019,Q43180489,Sibusiso Moyo
Zimbabwe,552,ZWE,2019,Sibusiso Moyo,2017,2019,Q43180489,Sibusiso Moyo
